BasePeriod.java,org.joda.time.base.BasePeriod,org.pitest.mutationtest.engine.gregor.mutators.ArgumentPropagationMutator,<init>,91,KILLED,RegressionTest23.test04606(RegressionTest23)
BasePeriod.java,org.joda.time.base.BasePeriod,org.pitest.mutationtest.engine.gregor.mutators.NonVoidMethodCallMutator,<init>,91,KILLED,RegressionTest0.test00038(RegressionTest0)
BasePeriod.java,org.joda.time.base.BasePeriod,org.pitest.mutationtest.engine.gregor.mutators.NonVoidMethodCallMutator,<init>,93,KILLED,RegressionTest0.test00038(RegressionTest0)
BasePeriod.java,org.joda.time.base.BasePeriod,org.pitest.mutationtest.engine.gregor.mutators.experimental.MemberVariableMutator,<init>,92,KILLED,RegressionTest0.test00038(RegressionTest0)
BasePeriod.java,org.joda.time.base.BasePeriod,org.pitest.mutationtest.engine.gregor.mutators.experimental.MemberVariableMutator,<init>,93,KILLED,RegressionTest0.test00038(RegressionTest0)
BasePeriod.java,org.joda.time.base.BasePeriod,org.pitest.mutationtest.engine.gregor.mutators.InlineConstantMutator,<init>,237,KILLED,RegressionTest26.test05229(RegressionTest26)
BasePeriod.java,org.joda.time.base.BasePeriod,org.pitest.mutationtest.engine.gregor.mutators.InlineConstantMutator,<init>,238,KILLED,RegressionTest1.test00367(RegressionTest1)
BasePeriod.java,org.joda.time.base.BasePeriod,org.pitest.mutationtest.engine.gregor.mutators.InlineConstantMutator,<init>,238,KILLED,RegressionTest1.test00367(RegressionTest1)
BasePeriod.java,org.joda.time.base.BasePeriod,org.pitest.mutationtest.engine.gregor.mutators.InlineConstantMutator,<init>,238,KILLED,RegressionTest1.test00367(RegressionTest1)
BasePeriod.java,org.joda.time.base.BasePeriod,org.pitest.mutationtest.engine.gregor.mutators.NonVoidMethodCallMutator,<init>,235,KILLED,RegressionTest13.test02733(RegressionTest13)
BasePeriod.java,org.joda.time.base.BasePeriod,org.pitest.mutationtest.engine.gregor.mutators.NonVoidMethodCallMutator,<init>,236,KILLED,RegressionTest1.test00367(RegressionTest1)
BasePeriod.java,org.joda.time.base.BasePeriod,org.pitest.mutationtest.engine.gregor.mutators.NonVoidMethodCallMutator,<init>,236,KILLED,RegressionTest1.test00367(RegressionTest1)
BasePeriod.java,org.joda.time.base.BasePeriod,org.pitest.mutationtest.engine.gregor.mutators.VoidMethodCallMutator,<init>,238,KILLED,RegressionTest45.test09174(RegressionTest45)
BasePeriod.java,org.joda.time.base.BasePeriod,org.pitest.mutationtest.engine.gregor.mutators.experimental.MemberVariableMutator,<init>,235,KILLED,RegressionTest13.test02733(RegressionTest13)
BasePeriod.java,org.joda.time.base.BasePeriod,org.pitest.mutationtest.engine.gregor.mutators.experimental.MemberVariableMutator,<init>,237,KILLED,RegressionTest1.test00367(RegressionTest1)
BasePeriod.java,org.joda.time.base.BasePeriod,org.pitest.mutationtest.engine.gregor.mutators.ArgumentPropagationMutator,<init>,107,KILLED,RegressionTest0.test00055(RegressionTest0)
BasePeriod.java,org.joda.time.base.BasePeriod,org.pitest.mutationtest.engine.gregor.mutators.ArgumentPropagationMutator,<init>,108,KILLED,RegressionTest0.test00171(RegressionTest0)
BasePeriod.java,org.joda.time.base.BasePeriod,org.pitest.mutationtest.engine.gregor.mutators.NonVoidMethodCallMutator,<init>,107,KILLED,RegressionTest0.test00055(RegressionTest0)
BasePeriod.java,org.joda.time.base.BasePeriod,org.pitest.mutationtest.engine.gregor.mutators.NonVoidMethodCallMutator,<init>,108,KILLED,RegressionTest0.test00055(RegressionTest0)
BasePeriod.java,org.joda.time.base.BasePeriod,org.pitest.mutationtest.engine.gregor.mutators.NonVoidMethodCallMutator,<init>,110,KILLED,RegressionTest0.test00171(RegressionTest0)
BasePeriod.java,org.joda.time.base.BasePeriod,org.pitest.mutationtest.engine.gregor.mutators.experimental.MemberVariableMutator,<init>,109,KILLED,RegressionTest0.test00055(RegressionTest0)
BasePeriod.java,org.joda.time.base.BasePeriod,org.pitest.mutationtest.engine.gregor.mutators.experimental.MemberVariableMutator,<init>,110,KILLED,RegressionTest0.test00171(RegressionTest0)
BasePeriod.java,org.joda.time.base.BasePeriod,org.pitest.mutationtest.engine.gregor.mutators.ArgumentPropagationMutator,<init>,255,KILLED,RegressionTest0.test00055(RegressionTest0)
BasePeriod.java,org.joda.time.base.BasePeriod,org.pitest.mutationtest.engine.gregor.mutators.ArgumentPropagationMutator,<init>,256,KILLED,RegressionTest0.test00124(RegressionTest0)
BasePeriod.java,org.joda.time.base.BasePeriod,org.pitest.mutationtest.engine.gregor.mutators.NonVoidMethodCallMutator,<init>,255,KILLED,RegressionTest0.test00055(RegressionTest0)
BasePeriod.java,org.joda.time.base.BasePeriod,org.pitest.mutationtest.engine.gregor.mutators.NonVoidMethodCallMutator,<init>,256,KILLED,RegressionTest0.test00055(RegressionTest0)
BasePeriod.java,org.joda.time.base.BasePeriod,org.pitest.mutationtest.engine.gregor.mutators.NonVoidMethodCallMutator,<init>,258,KILLED,RegressionTest0.test00124(RegressionTest0)
BasePeriod.java,org.joda.time.base.BasePeriod,org.pitest.mutationtest.engine.gregor.mutators.experimental.MemberVariableMutator,<init>,257,KILLED,RegressionTest0.test00055(RegressionTest0)
BasePeriod.java,org.joda.time.base.BasePeriod,org.pitest.mutationtest.engine.gregor.mutators.experimental.MemberVariableMutator,<init>,258,KILLED,RegressionTest0.test00124(RegressionTest0)
BasePeriod.java,org.joda.time.base.BasePeriod,org.pitest.mutationtest.engine.gregor.mutators.ArgumentPropagationMutator,<init>,274,KILLED,RegressionTest25.test05160(RegressionTest25)
BasePeriod.java,org.joda.time.base.BasePeriod,org.pitest.mutationtest.engine.gregor.mutators.ArgumentPropagationMutator,<init>,278,KILLED,RegressionTest25.test05160(RegressionTest25)
BasePeriod.java,org.joda.time.base.BasePeriod,org.pitest.mutationtest.engine.gregor.mutators.ConstructorCallMutator,<init>,281,KILLED,RegressionTest10.test02081(RegressionTest10)
BasePeriod.java,org.joda.time.base.BasePeriod,org.pitest.mutationtest.engine.gregor.mutators.NegateConditionalsMutator,<init>,273,KILLED,RegressionTest22.test04584(RegressionTest22)
BasePeriod.java,org.joda.time.base.BasePeriod,org.pitest.mutationtest.engine.gregor.mutators.NegateConditionalsMutator,<init>,276,KILLED,RegressionTest0.test00176(RegressionTest0)
BasePeriod.java,org.joda.time.base.BasePeriod,org.pitest.mutationtest.engine.gregor.mutators.NonVoidMethodCallMutator,<init>,272,KILLED,RegressionTest0.test00042(RegressionTest0)
BasePeriod.java,org.joda.time.base.BasePeriod,org.pitest.mutationtest.engine.gregor.mutators.NonVoidMethodCallMutator,<init>,272,KILLED,RegressionTest0.test00042(RegressionTest0)
BasePeriod.java,org.joda.time.base.BasePeriod,org.pitest.mutationtest.engine.gregor.mutators.NonVoidMethodCallMutator,<init>,273,KILLED,RegressionTest22.test04584(RegressionTest22)
BasePeriod.java,org.joda.time.base.BasePeriod,org.pitest.mutationtest.engine.gregor.mutators.NonVoidMethodCallMutator,<init>,274,KILLED,RegressionTest0.test00176(RegressionTest0)
BasePeriod.java,org.joda.time.base.BasePeriod,org.pitest.mutationtest.engine.gregor.mutators.NonVoidMethodCallMutator,<init>,277,KILLED,RegressionTest13.test02778(RegressionTest13)
BasePeriod.java,org.joda.time.base.BasePeriod,org.pitest.mutationtest.engine.gregor.mutators.NonVoidMethodCallMutator,<init>,278,KILLED,RegressionTest25.test05160(RegressionTest25)
BasePeriod.java,org.joda.time.base.BasePeriod,org.pitest.mutationtest.engine.gregor.mutators.NonVoidMethodCallMutator,<init>,281,KILLED,RegressionTest45.test09185(RegressionTest45)
BasePeriod.java,org.joda.time.base.BasePeriod,org.pitest.mutationtest.engine.gregor.mutators.RemoveConditionalMutator_EQUAL_ELSE,<init>,273,KILLED,RegressionTest22.test04584(RegressionTest22)
BasePeriod.java,org.joda.time.base.BasePeriod,org.pitest.mutationtest.engine.gregor.mutators.RemoveConditionalMutator_EQUAL_ELSE,<init>,276,KILLED,RegressionTest0.test00176(RegressionTest0)
BasePeriod.java,org.joda.time.base.BasePeriod,org.pitest.mutationtest.engine.gregor.mutators.RemoveConditionalMutator_EQUAL_IF,<init>,273,KILLED,RegressionTest22.test04584(RegressionTest22)
BasePeriod.java,org.joda.time.base.BasePeriod,org.pitest.mutationtest.engine.gregor.mutators.RemoveConditionalMutator_EQUAL_IF,<init>,276,KILLED,RegressionTest10.test02081(RegressionTest10)
BasePeriod.java,org.joda.time.base.BasePeriod,org.pitest.mutationtest.engine.gregor.mutators.VoidMethodCallMutator,<init>,279,KILLED,RegressionTest0.test00176(RegressionTest0)
BasePeriod.java,org.joda.time.base.BasePeriod,org.pitest.mutationtest.engine.gregor.mutators.experimental.MemberVariableMutator,<init>,275,KILLED,RegressionTest0.test00176(RegressionTest0)
BasePeriod.java,org.joda.time.base.BasePeriod,org.pitest.mutationtest.engine.gregor.mutators.experimental.MemberVariableMutator,<init>,277,KILLED,RegressionTest0.test00176(RegressionTest0)
BasePeriod.java,org.joda.time.base.BasePeriod,org.pitest.mutationtest.engine.gregor.mutators.experimental.MemberVariableMutator,<init>,281,KILLED,RegressionTest45.test09185(RegressionTest45)
BasePeriod.java,org.joda.time.base.BasePeriod,org.pitest.mutationtest.engine.gregor.mutators.ArgumentPropagationMutator,<init>,213,KILLED,RegressionTest0.test00148(RegressionTest0)
BasePeriod.java,org.joda.time.base.BasePeriod,org.pitest.mutationtest.engine.gregor.mutators.ArgumentPropagationMutator,<init>,216,KILLED,RegressionTest11.test02388(RegressionTest11)
BasePeriod.java,org.joda.time.base.BasePeriod,org.pitest.mutationtest.engine.gregor.mutators.NonVoidMethodCallMutator,<init>,213,KILLED,RegressionTest0.test00054(RegressionTest0)
BasePeriod.java,org.joda.time.base.BasePeriod,org.pitest.mutationtest.engine.gregor.mutators.NonVoidMethodCallMutator,<init>,214,KILLED,RegressionTest11.test02388(RegressionTest11)
BasePeriod.java,org.joda.time.base.BasePeriod,org.pitest.mutationtest.engine.gregor.mutators.NonVoidMethodCallMutator,<init>,215,KILLED,RegressionTest11.test02388(RegressionTest11)
BasePeriod.java,org.joda.time.base.BasePeriod,org.pitest.mutationtest.engine.gregor.mutators.NonVoidMethodCallMutator,<init>,216,KILLED,RegressionTest11.test02388(RegressionTest11)
BasePeriod.java,org.joda.time.base.BasePeriod,org.pitest.mutationtest.engine.gregor.mutators.NonVoidMethodCallMutator,<init>,217,KILLED,RegressionTest0.test00054(RegressionTest0)
BasePeriod.java,org.joda.time.base.BasePeriod,org.pitest.mutationtest.engine.gregor.mutators.NonVoidMethodCallMutator,<init>,219,KILLED,RegressionTest0.test00054(RegressionTest0)
BasePeriod.java,org.joda.time.base.BasePeriod,org.pitest.mutationtest.engine.gregor.mutators.experimental.MemberVariableMutator,<init>,218,KILLED,RegressionTest0.test00054(RegressionTest0)
BasePeriod.java,org.joda.time.base.BasePeriod,org.pitest.mutationtest.engine.gregor.mutators.experimental.MemberVariableMutator,<init>,219,KILLED,RegressionTest0.test00054(RegressionTest0)
BasePeriod.java,org.joda.time.base.BasePeriod,org.pitest.mutationtest.engine.gregor.mutators.ArgumentPropagationMutator,<init>,195,KILLED,RegressionTest1.test00356(RegressionTest1)
BasePeriod.java,org.joda.time.base.BasePeriod,org.pitest.mutationtest.engine.gregor.mutators.ArgumentPropagationMutator,<init>,198,KILLED,RegressionTest11.test02388(RegressionTest11)
BasePeriod.java,org.joda.time.base.BasePeriod,org.pitest.mutationtest.engine.gregor.mutators.NonVoidMethodCallMutator,<init>,195,KILLED,RegressionTest1.test00215(RegressionTest1)
BasePeriod.java,org.joda.time.base.BasePeriod,org.pitest.mutationtest.engine.gregor.mutators.NonVoidMethodCallMutator,<init>,196,KILLED,RegressionTest11.test02388(RegressionTest11)
BasePeriod.java,org.joda.time.base.BasePeriod,org.pitest.mutationtest.engine.gregor.mutators.NonVoidMethodCallMutator,<init>,197,KILLED,RegressionTest11.test02388(RegressionTest11)
BasePeriod.java,org.joda.time.base.BasePeriod,org.pitest.mutationtest.engine.gregor.mutators.NonVoidMethodCallMutator,<init>,198,KILLED,RegressionTest11.test02388(RegressionTest11)
BasePeriod.java,org.joda.time.base.BasePeriod,org.pitest.mutationtest.engine.gregor.mutators.NonVoidMethodCallMutator,<init>,199,KILLED,RegressionTest1.test00215(RegressionTest1)
BasePeriod.java,org.joda.time.base.BasePeriod,org.pitest.mutationtest.engine.gregor.mutators.NonVoidMethodCallMutator,<init>,201,KILLED,RegressionTest11.test02388(RegressionTest11)
BasePeriod.java,org.joda.time.base.BasePeriod,org.pitest.mutationtest.engine.gregor.mutators.experimental.MemberVariableMutator,<init>,200,KILLED,RegressionTest1.test00215(RegressionTest1)
BasePeriod.java,org.joda.time.base.BasePeriod,org.pitest.mutationtest.engine.gregor.mutators.experimental.MemberVariableMutator,<init>,201,KILLED,RegressionTest11.test02388(RegressionTest11)
BasePeriod.java,org.joda.time.base.BasePeriod,org.pitest.mutationtest.engine.gregor.mutators.ArgumentPropagationMutator,<init>,123,KILLED,RegressionTest13.test02765(RegressionTest13)
BasePeriod.java,org.joda.time.base.BasePeriod,org.pitest.mutationtest.engine.gregor.mutators.NegateConditionalsMutator,<init>,124,KILLED,RegressionTest13.test02765(RegressionTest13)
BasePeriod.java,org.joda.time.base.BasePeriod,org.pitest.mutationtest.engine.gregor.mutators.NegateConditionalsMutator,<init>,124,KILLED,RegressionTest13.test02765(RegressionTest13)
BasePeriod.java,org.joda.time.base.BasePeriod,org.pitest.mutationtest.engine.gregor.mutators.NonVoidMethodCallMutator,<init>,123,KILLED,RegressionTest1.test00234(RegressionTest1)
BasePeriod.java,org.joda.time.base.BasePeriod,org.pitest.mutationtest.engine.gregor.mutators.NonVoidMethodCallMutator,<init>,126,NO_COVERAGE,none
BasePeriod.java,org.joda.time.base.BasePeriod,org.pitest.mutationtest.engine.gregor.mutators.NonVoidMethodCallMutator,<init>,128,KILLED,RegressionTest13.test02765(RegressionTest13)
BasePeriod.java,org.joda.time.base.BasePeriod,org.pitest.mutationtest.engine.gregor.mutators.NonVoidMethodCallMutator,<init>,129,KILLED,RegressionTest13.test02765(RegressionTest13)
BasePeriod.java,org.joda.time.base.BasePeriod,org.pitest.mutationtest.engine.gregor.mutators.NonVoidMethodCallMutator,<init>,130,KILLED,RegressionTest1.test00234(RegressionTest1)
BasePeriod.java,org.joda.time.base.BasePeriod,org.pitest.mutationtest.engine.gregor.mutators.NonVoidMethodCallMutator,<init>,132,KILLED,RegressionTest13.test02765(RegressionTest13)
BasePeriod.java,org.joda.time.base.BasePeriod,org.pitest.mutationtest.engine.gregor.mutators.RemoveConditionalMutator_EQUAL_ELSE,<init>,124,KILLED,RegressionTest13.test02765(RegressionTest13)
BasePeriod.java,org.joda.time.base.BasePeriod,org.pitest.mutationtest.engine.gregor.mutators.RemoveConditionalMutator_EQUAL_ELSE,<init>,124,KILLED,RegressionTest13.test02765(RegressionTest13)
BasePeriod.java,org.joda.time.base.BasePeriod,org.pitest.mutationtest.engine.gregor.mutators.RemoveConditionalMutator_EQUAL_IF,<init>,124,KILLED,RegressionTest13.test02765(RegressionTest13)
BasePeriod.java,org.joda.time.base.BasePeriod,org.pitest.mutationtest.engine.gregor.mutators.RemoveConditionalMutator_EQUAL_IF,<init>,124,KILLED,RegressionTest13.test02765(RegressionTest13)
BasePeriod.java,org.joda.time.base.BasePeriod,org.pitest.mutationtest.engine.gregor.mutators.experimental.MemberVariableMutator,<init>,125,NO_COVERAGE,none
BasePeriod.java,org.joda.time.base.BasePeriod,org.pitest.mutationtest.engine.gregor.mutators.experimental.MemberVariableMutator,<init>,126,NO_COVERAGE,none
BasePeriod.java,org.joda.time.base.BasePeriod,org.pitest.mutationtest.engine.gregor.mutators.experimental.MemberVariableMutator,<init>,131,KILLED,RegressionTest1.test00234(RegressionTest1)
BasePeriod.java,org.joda.time.base.BasePeriod,org.pitest.mutationtest.engine.gregor.mutators.experimental.MemberVariableMutator,<init>,132,KILLED,RegressionTest13.test02765(RegressionTest13)
BasePeriod.java,org.joda.time.base.BasePeriod,org.pitest.mutationtest.engine.gregor.mutators.ArgumentPropagationMutator,<init>,161,KILLED,RegressionTest22.test04591(RegressionTest22)
BasePeriod.java,org.joda.time.base.BasePeriod,org.pitest.mutationtest.engine.gregor.mutators.ArgumentPropagationMutator,<init>,165,KILLED,RegressionTest22.test04591(RegressionTest22)
BasePeriod.java,org.joda.time.base.BasePeriod,org.pitest.mutationtest.engine.gregor.mutators.ArgumentPropagationMutator,<init>,180,KILLED,RegressionTest0.test00092(RegressionTest0)
BasePeriod.java,org.joda.time.base.BasePeriod,org.pitest.mutationtest.engine.gregor.mutators.ArgumentPropagationMutator,<init>,181,KILLED,RegressionTest13.test02725(RegressionTest13)
BasePeriod.java,org.joda.time.base.BasePeriod,org.pitest.mutationtest.engine.gregor.mutators.ArgumentPropagationMutator,<init>,182,KILLED,RegressionTest13.test02725(RegressionTest13)
BasePeriod.java,org.joda.time.base.BasePeriod,org.pitest.mutationtest.engine.gregor.mutators.ArgumentPropagationMutator,<init>,182,KILLED,RegressionTest13.test02725(RegressionTest13)
BasePeriod.java,org.joda.time.base.BasePeriod,org.pitest.mutationtest.engine.gregor.mutators.ConditionalsBoundaryMutator,<init>,172,KILLED,RegressionTest0.test00092(RegressionTest0)
BasePeriod.java,org.joda.time.base.BasePeriod,org.pitest.mutationtest.engine.gregor.mutators.ConstructorCallMutator,<init>,157,KILLED,RegressionTest29.test05935(RegressionTest29)
BasePeriod.java,org.joda.time.base.BasePeriod,org.pitest.mutationtest.engine.gregor.mutators.ConstructorCallMutator,<init>,170,KILLED,RegressionTest0.test00122(RegressionTest0)
BasePeriod.java,org.joda.time.base.BasePeriod,org.pitest.mutationtest.engine.gregor.mutators.ConstructorCallMutator,<init>,174,KILLED,RegressionTest22.test04587(RegressionTest22)
BasePeriod.java,org.joda.time.base.BasePeriod,org.pitest.mutationtest.engine.gregor.mutators.ConstructorCallMutator,<init>,178,NO_COVERAGE,none
BasePeriod.java,org.joda.time.base.BasePeriod,org.pitest.mutationtest.engine.gregor.mutators.IncrementsMutator,<init>,172,KILLED,RegressionTest0.test00092(RegressionTest0)
BasePeriod.java,org.joda.time.base.BasePeriod,org.pitest.mutationtest.engine.gregor.mutators.InlineConstantMutator,<init>,172,KILLED,RegressionTest22.test04587(RegressionTest22)
BasePeriod.java,org.joda.time.base.BasePeriod,org.pitest.mutationtest.engine.gregor.mutators.InlineConstantMutator,<init>,182,KILLED,RegressionTest13.test02725(RegressionTest13)
BasePeriod.java,org.joda.time.base.BasePeriod,org.pitest.mutationtest.engine.gregor.mutators.InlineConstantMutator,<init>,182,KILLED,RegressionTest13.test02725(RegressionTest13)
BasePeriod.java,org.joda.time.base.BasePeriod,org.pitest.mutationtest.engine.gregor.mutators.NegateConditionalsMutator,<init>,156,KILLED,RegressionTest16.test03288(RegressionTest16)
BasePeriod.java,org.joda.time.base.BasePeriod,org.pitest.mutationtest.engine.gregor.mutators.NegateConditionalsMutator,<init>,156,KILLED,RegressionTest16.test03288(RegressionTest16)
BasePeriod.java,org.joda.time.base.BasePeriod,org.pitest.mutationtest.engine.gregor.mutators.NegateConditionalsMutator,<init>,159,KILLED,RegressionTest22.test04591(RegressionTest22)
BasePeriod.java,org.joda.time.base.BasePeriod,org.pitest.mutationtest.engine.gregor.mutators.NegateConditionalsMutator,<init>,159,KILLED,RegressionTest22.test04591(RegressionTest22)
BasePeriod.java,org.joda.time.base.BasePeriod,org.pitest.mutationtest.engine.gregor.mutators.NegateConditionalsMutator,<init>,159,KILLED,RegressionTest22.test04591(RegressionTest22)
BasePeriod.java,org.joda.time.base.BasePeriod,org.pitest.mutationtest.engine.gregor.mutators.NegateConditionalsMutator,<init>,169,KILLED,RegressionTest0.test00092(RegressionTest0)
BasePeriod.java,org.joda.time.base.BasePeriod,org.pitest.mutationtest.engine.gregor.mutators.NegateConditionalsMutator,<init>,172,KILLED,RegressionTest22.test04587(RegressionTest22)
BasePeriod.java,org.joda.time.base.BasePeriod,org.pitest.mutationtest.engine.gregor.mutators.NegateConditionalsMutator,<init>,173,KILLED,RegressionTest0.test00092(RegressionTest0)
BasePeriod.java,org.joda.time.base.BasePeriod,org.pitest.mutationtest.engine.gregor.mutators.NegateConditionalsMutator,<init>,177,KILLED,RegressionTest0.test00092(RegressionTest0)
BasePeriod.java,org.joda.time.base.BasePeriod,org.pitest.mutationtest.engine.gregor.mutators.NonVoidMethodCallMutator,<init>,159,KILLED,RegressionTest22.test04591(RegressionTest22)
BasePeriod.java,org.joda.time.base.BasePeriod,org.pitest.mutationtest.engine.gregor.mutators.NonVoidMethodCallMutator,<init>,159,KILLED,RegressionTest22.test04591(RegressionTest22)
BasePeriod.java,org.joda.time.base.BasePeriod,org.pitest.mutationtest.engine.gregor.mutators.NonVoidMethodCallMutator,<init>,161,KILLED,RegressionTest16.test03288(RegressionTest16)
BasePeriod.java,org.joda.time.base.BasePeriod,org.pitest.mutationtest.engine.gregor.mutators.NonVoidMethodCallMutator,<init>,162,KILLED,RegressionTest22.test04591(RegressionTest22)
BasePeriod.java,org.joda.time.base.BasePeriod,org.pitest.mutationtest.engine.gregor.mutators.NonVoidMethodCallMutator,<init>,163,KILLED,RegressionTest22.test04591(RegressionTest22)
BasePeriod.java,org.joda.time.base.BasePeriod,org.pitest.mutationtest.engine.gregor.mutators.NonVoidMethodCallMutator,<init>,164,KILLED,RegressionTest22.test04591(RegressionTest22)
BasePeriod.java,org.joda.time.base.BasePeriod,org.pitest.mutationtest.engine.gregor.mutators.NonVoidMethodCallMutator,<init>,165,KILLED,RegressionTest16.test03288(RegressionTest16)
BasePeriod.java,org.joda.time.base.BasePeriod,org.pitest.mutationtest.engine.gregor.mutators.NonVoidMethodCallMutator,<init>,167,KILLED,RegressionTest22.test04591(RegressionTest22)
BasePeriod.java,org.joda.time.base.BasePeriod,org.pitest.mutationtest.engine.gregor.mutators.NonVoidMethodCallMutator,<init>,169,KILLED,RegressionTest0.test00092(RegressionTest0)
BasePeriod.java,org.joda.time.base.BasePeriod,org.pitest.mutationtest.engine.gregor.mutators.NonVoidMethodCallMutator,<init>,169,KILLED,RegressionTest0.test00092(RegressionTest0)
BasePeriod.java,org.joda.time.base.BasePeriod,org.pitest.mutationtest.engine.gregor.mutators.NonVoidMethodCallMutator,<init>,172,KILLED,RegressionTest22.test04587(RegressionTest22)
BasePeriod.java,org.joda.time.base.BasePeriod,org.pitest.mutationtest.engine.gregor.mutators.NonVoidMethodCallMutator,<init>,173,KILLED,RegressionTest0.test00092(RegressionTest0)
BasePeriod.java,org.joda.time.base.BasePeriod,org.pitest.mutationtest.engine.gregor.mutators.NonVoidMethodCallMutator,<init>,173,KILLED,RegressionTest0.test00092(RegressionTest0)
BasePeriod.java,org.joda.time.base.BasePeriod,org.pitest.mutationtest.engine.gregor.mutators.NonVoidMethodCallMutator,<init>,177,KILLED,RegressionTest0.test00092(RegressionTest0)
BasePeriod.java,org.joda.time.base.BasePeriod,org.pitest.mutationtest.engine.gregor.mutators.NonVoidMethodCallMutator,<init>,180,KILLED,RegressionTest0.test00092(RegressionTest0)
BasePeriod.java,org.joda.time.base.BasePeriod,org.pitest.mutationtest.engine.gregor.mutators.NonVoidMethodCallMutator,<init>,181,KILLED,RegressionTest13.test02725(RegressionTest13)
BasePeriod.java,org.joda.time.base.BasePeriod,org.pitest.mutationtest.engine.gregor.mutators.NonVoidMethodCallMutator,<init>,181,KILLED,RegressionTest0.test00092(RegressionTest0)
BasePeriod.java,org.joda.time.base.BasePeriod,org.pitest.mutationtest.engine.gregor.mutators.NonVoidMethodCallMutator,<init>,181,KILLED,RegressionTest0.test00092(RegressionTest0)
BasePeriod.java,org.joda.time.base.BasePeriod,org.pitest.mutationtest.engine.gregor.mutators.NonVoidMethodCallMutator,<init>,182,KILLED,RegressionTest13.test02725(RegressionTest13)
BasePeriod.java,org.joda.time.base.BasePeriod,org.pitest.mutationtest.engine.gregor.mutators.NonVoidMethodCallMutator,<init>,182,KILLED,RegressionTest13.test02725(RegressionTest13)
BasePeriod.java,org.joda.time.base.BasePeriod,org.pitest.mutationtest.engine.gregor.mutators.NonVoidMethodCallMutator,<init>,182,KILLED,RegressionTest25.test05031(RegressionTest25)
BasePeriod.java,org.joda.time.base.BasePeriod,org.pitest.mutationtest.engine.gregor.mutators.RemoveConditionalMutator_EQUAL_ELSE,<init>,156,KILLED,RegressionTest16.test03288(RegressionTest16)
BasePeriod.java,org.joda.time.base.BasePeriod,org.pitest.mutationtest.engine.gregor.mutators.RemoveConditionalMutator_EQUAL_ELSE,<init>,156,KILLED,RegressionTest22.test04591(RegressionTest22)
BasePeriod.java,org.joda.time.base.BasePeriod,org.pitest.mutationtest.engine.gregor.mutators.RemoveConditionalMutator_EQUAL_ELSE,<init>,159,KILLED,RegressionTest22.test04591(RegressionTest22)
BasePeriod.java,org.joda.time.base.BasePeriod,org.pitest.mutationtest.engine.gregor.mutators.RemoveConditionalMutator_EQUAL_ELSE,<init>,159,KILLED,RegressionTest22.test04591(RegressionTest22)
BasePeriod.java,org.joda.time.base.BasePeriod,org.pitest.mutationtest.engine.gregor.mutators.RemoveConditionalMutator_EQUAL_ELSE,<init>,159,KILLED,RegressionTest22.test04591(RegressionTest22)
BasePeriod.java,org.joda.time.base.BasePeriod,org.pitest.mutationtest.engine.gregor.mutators.RemoveConditionalMutator_EQUAL_ELSE,<init>,169,KILLED,RegressionTest22.test04587(RegressionTest22)
BasePeriod.java,org.joda.time.base.BasePeriod,org.pitest.mutationtest.engine.gregor.mutators.RemoveConditionalMutator_EQUAL_ELSE,<init>,173,KILLED,RegressionTest22.test04587(RegressionTest22)
BasePeriod.java,org.joda.time.base.BasePeriod,org.pitest.mutationtest.engine.gregor.mutators.RemoveConditionalMutator_EQUAL_ELSE,<init>,177,KILLED,RegressionTest13.test02725(RegressionTest13)
BasePeriod.java,org.joda.time.base.BasePeriod,org.pitest.mutationtest.engine.gregor.mutators.RemoveConditionalMutator_EQUAL_IF,<init>,156,KILLED,RegressionTest22.test04591(RegressionTest22)
BasePeriod.java,org.joda.time.base.BasePeriod,org.pitest.mutationtest.engine.gregor.mutators.RemoveConditionalMutator_EQUAL_IF,<init>,156,KILLED,RegressionTest16.test03288(RegressionTest16)
BasePeriod.java,org.joda.time.base.BasePeriod,org.pitest.mutationtest.engine.gregor.mutators.RemoveConditionalMutator_EQUAL_IF,<init>,159,KILLED,RegressionTest22.test04591(RegressionTest22)
BasePeriod.java,org.joda.time.base.BasePeriod,org.pitest.mutationtest.engine.gregor.mutators.RemoveConditionalMutator_EQUAL_IF,<init>,159,KILLED,RegressionTest22.test04591(RegressionTest22)
BasePeriod.java,org.joda.time.base.BasePeriod,org.pitest.mutationtest.engine.gregor.mutators.RemoveConditionalMutator_EQUAL_IF,<init>,159,KILLED,RegressionTest22.test04591(RegressionTest22)
BasePeriod.java,org.joda.time.base.BasePeriod,org.pitest.mutationtest.engine.gregor.mutators.RemoveConditionalMutator_EQUAL_IF,<init>,169,KILLED,RegressionTest0.test00092(RegressionTest0)
BasePeriod.java,org.joda.time.base.BasePeriod,org.pitest.mutationtest.engine.gregor.mutators.RemoveConditionalMutator_EQUAL_IF,<init>,173,KILLED,RegressionTest0.test00092(RegressionTest0)
BasePeriod.java,org.joda.time.base.BasePeriod,org.pitest.mutationtest.engine.gregor.mutators.RemoveConditionalMutator_EQUAL_IF,<init>,177,KILLED,RegressionTest0.test00092(RegressionTest0)
BasePeriod.java,org.joda.time.base.BasePeriod,org.pitest.mutationtest.engine.gregor.mutators.RemoveConditionalMutator_ORDER_ELSE,<init>,172,KILLED,RegressionTest22.test04587(RegressionTest22)
BasePeriod.java,org.joda.time.base.BasePeriod,org.pitest.mutationtest.engine.gregor.mutators.RemoveConditionalMutator_ORDER_IF,<init>,172,KILLED,RegressionTest0.test00092(RegressionTest0)
BasePeriod.java,org.joda.time.base.BasePeriod,org.pitest.mutationtest.engine.gregor.mutators.experimental.MemberVariableMutator,<init>,166,KILLED,RegressionTest16.test03288(RegressionTest16)
BasePeriod.java,org.joda.time.base.BasePeriod,org.pitest.mutationtest.engine.gregor.mutators.experimental.MemberVariableMutator,<init>,167,KILLED,RegressionTest22.test04591(RegressionTest22)
BasePeriod.java,org.joda.time.base.BasePeriod,org.pitest.mutationtest.engine.gregor.mutators.experimental.MemberVariableMutator,<init>,180,KILLED,RegressionTest0.test00092(RegressionTest0)
BasePeriod.java,org.joda.time.base.BasePeriod,org.pitest.mutationtest.engine.gregor.mutators.experimental.MemberVariableMutator,<init>,182,KILLED,RegressionTest25.test05031(RegressionTest25)
BasePeriod.java,org.joda.time.base.BasePeriod,org.pitest.mutationtest.engine.gregor.mutators.experimental.NakedReceiverMutator,<init>,181,KILLED,RegressionTest13.test02725(RegressionTest13)
BasePeriod.java,org.joda.time.base.BasePeriod,org.pitest.mutationtest.engine.gregor.mutators.experimental.RemoveIncrementsMutator,<init>,172,TIMED_OUT,none
BasePeriod.java,org.joda.time.base.BasePeriod,org.pitest.mutationtest.engine.gregor.mutators.experimental.MemberVariableMutator,<init>,294,KILLED,RegressionTest0.test00038(RegressionTest0)
BasePeriod.java,org.joda.time.base.BasePeriod,org.pitest.mutationtest.engine.gregor.mutators.experimental.MemberVariableMutator,<init>,295,KILLED,RegressionTest0.test00190(RegressionTest0)
BasePeriod.java,org.joda.time.base.BasePeriod,org.pitest.mutationtest.engine.gregor.mutators.VoidMethodCallMutator,addField,505,KILLED,RegressionTest13.test02720(RegressionTest13)
BasePeriod.java,org.joda.time.base.BasePeriod,org.pitest.mutationtest.engine.gregor.mutators.ArgumentPropagationMutator,addFieldInto,524,KILLED,RegressionTest13.test02720(RegressionTest13)
BasePeriod.java,org.joda.time.base.BasePeriod,org.pitest.mutationtest.engine.gregor.mutators.ConstructorCallMutator,addFieldInto,520,KILLED,RegressionTest48.test09781(RegressionTest48)
BasePeriod.java,org.joda.time.base.BasePeriod,org.pitest.mutationtest.engine.gregor.mutators.ConstructorCallMutator,addFieldInto,520,KILLED,RegressionTest48.test09781(RegressionTest48)
BasePeriod.java,org.joda.time.base.BasePeriod,org.pitest.mutationtest.engine.gregor.mutators.InlineConstantMutator,addFieldInto,518,KILLED,RegressionTest10.test02139(RegressionTest10)
BasePeriod.java,org.joda.time.base.BasePeriod,org.pitest.mutationtest.engine.gregor.mutators.NegateConditionalsMutator,addFieldInto,518,KILLED,RegressionTest0.test00171(RegressionTest0)
BasePeriod.java,org.joda.time.base.BasePeriod,org.pitest.mutationtest.engine.gregor.mutators.NegateConditionalsMutator,addFieldInto,519,KILLED,RegressionTest48.test09781(RegressionTest48)
BasePeriod.java,org.joda.time.base.BasePeriod,org.pitest.mutationtest.engine.gregor.mutators.NegateConditionalsMutator,addFieldInto,519,KILLED,RegressionTest52.test10522(RegressionTest52)
BasePeriod.java,org.joda.time.base.BasePeriod,org.pitest.mutationtest.engine.gregor.mutators.NonVoidMethodCallMutator,addFieldInto,517,KILLED,RegressionTest13.test02720(RegressionTest13)
BasePeriod.java,org.joda.time.base.BasePeriod,org.pitest.mutationtest.engine.gregor.mutators.NonVoidMethodCallMutator,addFieldInto,520,KILLED,RegressionTest48.test09781(RegressionTest48)
BasePeriod.java,org.joda.time.base.BasePeriod,org.pitest.mutationtest.engine.gregor.mutators.NonVoidMethodCallMutator,addFieldInto,520,KILLED,RegressionTest48.test09781(RegressionTest48)
BasePeriod.java,org.joda.time.base.BasePeriod,org.pitest.mutationtest.engine.gregor.mutators.NonVoidMethodCallMutator,addFieldInto,520,KILLED,RegressionTest48.test09781(RegressionTest48)
BasePeriod.java,org.joda.time.base.BasePeriod,org.pitest.mutationtest.engine.gregor.mutators.NonVoidMethodCallMutator,addFieldInto,520,SURVIVED,none
BasePeriod.java,org.joda.time.base.BasePeriod,org.pitest.mutationtest.engine.gregor.mutators.NonVoidMethodCallMutator,addFieldInto,524,KILLED,RegressionTest13.test02720(RegressionTest13)
BasePeriod.java,org.joda.time.base.BasePeriod,org.pitest.mutationtest.engine.gregor.mutators.RemoveConditionalMutator_EQUAL_ELSE,addFieldInto,518,KILLED,RegressionTest13.test02720(RegressionTest13)
BasePeriod.java,org.joda.time.base.BasePeriod,org.pitest.mutationtest.engine.gregor.mutators.RemoveConditionalMutator_EQUAL_ELSE,addFieldInto,519,KILLED,RegressionTest52.test10522(RegressionTest52)
BasePeriod.java,org.joda.time.base.BasePeriod,org.pitest.mutationtest.engine.gregor.mutators.RemoveConditionalMutator_EQUAL_ELSE,addFieldInto,519,KILLED,RegressionTest45.test09132(RegressionTest45)
BasePeriod.java,org.joda.time.base.BasePeriod,org.pitest.mutationtest.engine.gregor.mutators.RemoveConditionalMutator_EQUAL_IF,addFieldInto,518,KILLED,RegressionTest0.test00171(RegressionTest0)
BasePeriod.java,org.joda.time.base.BasePeriod,org.pitest.mutationtest.engine.gregor.mutators.RemoveConditionalMutator_EQUAL_IF,addFieldInto,519,KILLED,RegressionTest48.test09781(RegressionTest48)
BasePeriod.java,org.joda.time.base.BasePeriod,org.pitest.mutationtest.engine.gregor.mutators.RemoveConditionalMutator_EQUAL_IF,addFieldInto,519,KILLED,RegressionTest52.test10522(RegressionTest52)
BasePeriod.java,org.joda.time.base.BasePeriod,org.pitest.mutationtest.engine.gregor.mutators.experimental.NakedReceiverMutator,addFieldInto,520,SURVIVED,none
BasePeriod.java,org.joda.time.base.BasePeriod,org.pitest.mutationtest.engine.gregor.mutators.experimental.NakedReceiverMutator,addFieldInto,520,SURVIVED,none
BasePeriod.java,org.joda.time.base.BasePeriod,org.pitest.mutationtest.engine.gregor.mutators.experimental.NakedReceiverMutator,addFieldInto,520,SURVIVED,none
BasePeriod.java,org.joda.time.base.BasePeriod,org.pitest.mutationtest.engine.gregor.mutators.ArgumentPropagationMutator,addPeriod,565,KILLED,RegressionTest22.test04569(RegressionTest22)
BasePeriod.java,org.joda.time.base.BasePeriod,org.pitest.mutationtest.engine.gregor.mutators.NegateConditionalsMutator,addPeriod,564,KILLED,RegressionTest22.test04569(RegressionTest22)
BasePeriod.java,org.joda.time.base.BasePeriod,org.pitest.mutationtest.engine.gregor.mutators.NonVoidMethodCallMutator,addPeriod,565,KILLED,RegressionTest0.test00037(RegressionTest0)
BasePeriod.java,org.joda.time.base.BasePeriod,org.pitest.mutationtest.engine.gregor.mutators.NonVoidMethodCallMutator,addPeriod,565,KILLED,RegressionTest0.test00037(RegressionTest0)
BasePeriod.java,org.joda.time.base.BasePeriod,org.pitest.mutationtest.engine.gregor.mutators.RemoveConditionalMutator_EQUAL_ELSE,addPeriod,564,KILLED,RegressionTest22.test04569(RegressionTest22)
BasePeriod.java,org.joda.time.base.BasePeriod,org.pitest.mutationtest.engine.gregor.mutators.RemoveConditionalMutator_EQUAL_IF,addPeriod,564,KILLED,RegressionTest22.test04569(RegressionTest22)
BasePeriod.java,org.joda.time.base.BasePeriod,org.pitest.mutationtest.engine.gregor.mutators.VoidMethodCallMutator,addPeriod,565,KILLED,RegressionTest22.test04569(RegressionTest22)
BasePeriod.java,org.joda.time.base.BasePeriod,org.pitest.mutationtest.engine.gregor.mutators.ArgumentPropagationMutator,addPeriodInto,580,KILLED,RegressionTest0.test00037(RegressionTest0)
BasePeriod.java,org.joda.time.base.BasePeriod,org.pitest.mutationtest.engine.gregor.mutators.ArgumentPropagationMutator,addPeriodInto,587,KILLED,RegressionTest38.test07777(RegressionTest38)
BasePeriod.java,org.joda.time.base.BasePeriod,org.pitest.mutationtest.engine.gregor.mutators.ArgumentPropagationMutator,addPeriodInto,587,KILLED,RegressionTest28.test05745(RegressionTest28)
BasePeriod.java,org.joda.time.base.BasePeriod,org.pitest.mutationtest.engine.gregor.mutators.ConditionalsBoundaryMutator,addPeriodInto,578,KILLED,RegressionTest0.test00037(RegressionTest0)
BasePeriod.java,org.joda.time.base.BasePeriod,org.pitest.mutationtest.engine.gregor.mutators.ConstructorCallMutator,addPeriodInto,584,KILLED,RegressionTest20.test04035(RegressionTest20)
BasePeriod.java,org.joda.time.base.BasePeriod,org.pitest.mutationtest.engine.gregor.mutators.ConstructorCallMutator,addPeriodInto,584,KILLED,RegressionTest20.test04035(RegressionTest20)
BasePeriod.java,org.joda.time.base.BasePeriod,org.pitest.mutationtest.engine.gregor.mutators.IncrementsMutator,addPeriodInto,578,KILLED,RegressionTest0.test00037(RegressionTest0)
BasePeriod.java,org.joda.time.base.BasePeriod,org.pitest.mutationtest.engine.gregor.mutators.InlineConstantMutator,addPeriodInto,578,KILLED,RegressionTest22.test04569(RegressionTest22)
BasePeriod.java,org.joda.time.base.BasePeriod,org.pitest.mutationtest.engine.gregor.mutators.InlineConstantMutator,addPeriodInto,583,KILLED,RegressionTest28.test05745(RegressionTest28)
BasePeriod.java,org.joda.time.base.BasePeriod,org.pitest.mutationtest.engine.gregor.mutators.NegateConditionalsMutator,addPeriodInto,578,KILLED,RegressionTest22.test04569(RegressionTest22)
BasePeriod.java,org.joda.time.base.BasePeriod,org.pitest.mutationtest.engine.gregor.mutators.NegateConditionalsMutator,addPeriodInto,581,KILLED,RegressionTest22.test04569(RegressionTest22)
BasePeriod.java,org.joda.time.base.BasePeriod,org.pitest.mutationtest.engine.gregor.mutators.NegateConditionalsMutator,addPeriodInto,583,KILLED,RegressionTest12.test02547(RegressionTest12)
BasePeriod.java,org.joda.time.base.BasePeriod,org.pitest.mutationtest.engine.gregor.mutators.NonVoidMethodCallMutator,addPeriodInto,578,KILLED,RegressionTest22.test04569(RegressionTest22)
BasePeriod.java,org.joda.time.base.BasePeriod,org.pitest.mutationtest.engine.gregor.mutators.NonVoidMethodCallMutator,addPeriodInto,579,KILLED,RegressionTest12.test02547(RegressionTest12)
BasePeriod.java,org.joda.time.base.BasePeriod,org.pitest.mutationtest.engine.gregor.mutators.NonVoidMethodCallMutator,addPeriodInto,580,KILLED,RegressionTest22.test04569(RegressionTest22)
BasePeriod.java,org.joda.time.base.BasePeriod,org.pitest.mutationtest.engine.gregor.mutators.NonVoidMethodCallMutator,addPeriodInto,582,KILLED,RegressionTest38.test07777(RegressionTest38)
BasePeriod.java,org.joda.time.base.BasePeriod,org.pitest.mutationtest.engine.gregor.mutators.NonVoidMethodCallMutator,addPeriodInto,584,KILLED,RegressionTest20.test04035(RegressionTest20)
BasePeriod.java,org.joda.time.base.BasePeriod,org.pitest.mutationtest.engine.gregor.mutators.NonVoidMethodCallMutator,addPeriodInto,584,SURVIVED,none
BasePeriod.java,org.joda.time.base.BasePeriod,org.pitest.mutationtest.engine.gregor.mutators.NonVoidMethodCallMutator,addPeriodInto,584,KILLED,RegressionTest20.test04035(RegressionTest20)
BasePeriod.java,org.joda.time.base.BasePeriod,org.pitest.mutationtest.engine.gregor.mutators.NonVoidMethodCallMutator,addPeriodInto,584,KILLED,RegressionTest20.test04035(RegressionTest20)
BasePeriod.java,org.joda.time.base.BasePeriod,org.pitest.mutationtest.engine.gregor.mutators.NonVoidMethodCallMutator,addPeriodInto,584,SURVIVED,none
BasePeriod.java,org.joda.time.base.BasePeriod,org.pitest.mutationtest.engine.gregor.mutators.NonVoidMethodCallMutator,addPeriodInto,587,KILLED,RegressionTest28.test05745(RegressionTest28)
BasePeriod.java,org.joda.time.base.BasePeriod,org.pitest.mutationtest.engine.gregor.mutators.NonVoidMethodCallMutator,addPeriodInto,587,KILLED,RegressionTest38.test07777(RegressionTest38)
BasePeriod.java,org.joda.time.base.BasePeriod,org.pitest.mutationtest.engine.gregor.mutators.NullReturnValsMutator,addPeriodInto,591,KILLED,RegressionTest0.test00037(RegressionTest0)
BasePeriod.java,org.joda.time.base.BasePeriod,org.pitest.mutationtest.engine.gregor.mutators.RemoveConditionalMutator_EQUAL_ELSE,addPeriodInto,581,KILLED,RegressionTest22.test04569(RegressionTest22)
BasePeriod.java,org.joda.time.base.BasePeriod,org.pitest.mutationtest.engine.gregor.mutators.RemoveConditionalMutator_EQUAL_ELSE,addPeriodInto,583,KILLED,RegressionTest28.test05745(RegressionTest28)
BasePeriod.java,org.joda.time.base.BasePeriod,org.pitest.mutationtest.engine.gregor.mutators.RemoveConditionalMutator_EQUAL_IF,addPeriodInto,581,KILLED,RegressionTest22.test04569(RegressionTest22)
BasePeriod.java,org.joda.time.base.BasePeriod,org.pitest.mutationtest.engine.gregor.mutators.RemoveConditionalMutator_EQUAL_IF,addPeriodInto,583,KILLED,RegressionTest12.test02547(RegressionTest12)
BasePeriod.java,org.joda.time.base.BasePeriod,org.pitest.mutationtest.engine.gregor.mutators.RemoveConditionalMutator_ORDER_ELSE,addPeriodInto,578,KILLED,RegressionTest22.test04569(RegressionTest22)
BasePeriod.java,org.joda.time.base.BasePeriod,org.pitest.mutationtest.engine.gregor.mutators.RemoveConditionalMutator_ORDER_IF,addPeriodInto,578,KILLED,RegressionTest0.test00037(RegressionTest0)
BasePeriod.java,org.joda.time.base.BasePeriod,org.pitest.mutationtest.engine.gregor.mutators.ReturnValsMutator,addPeriodInto,591,KILLED,RegressionTest0.test00037(RegressionTest0)
BasePeriod.java,org.joda.time.base.BasePeriod,org.pitest.mutationtest.engine.gregor.mutators.experimental.NakedReceiverMutator,addPeriodInto,584,SURVIVED,none
BasePeriod.java,org.joda.time.base.BasePeriod,org.pitest.mutationtest.engine.gregor.mutators.experimental.NakedReceiverMutator,addPeriodInto,584,SURVIVED,none
BasePeriod.java,org.joda.time.base.BasePeriod,org.pitest.mutationtest.engine.gregor.mutators.experimental.NakedReceiverMutator,addPeriodInto,584,SURVIVED,none
BasePeriod.java,org.joda.time.base.BasePeriod,org.pitest.mutationtest.engine.gregor.mutators.experimental.RemoveIncrementsMutator,addPeriodInto,578,TIMED_OUT,none
BasePeriod.java,org.joda.time.base.BasePeriod,org.pitest.mutationtest.engine.gregor.mutators.ConstructorCallMutator,checkAndUpdate,393,KILLED,RegressionTest0.test00054(RegressionTest0)
BasePeriod.java,org.joda.time.base.BasePeriod,org.pitest.mutationtest.engine.gregor.mutators.ConstructorCallMutator,checkAndUpdate,393,KILLED,RegressionTest0.test00054(RegressionTest0)
BasePeriod.java,org.joda.time.base.BasePeriod,org.pitest.mutationtest.engine.gregor.mutators.InlineConstantMutator,checkAndUpdate,391,KILLED,RegressionTest0.test00054(RegressionTest0)
BasePeriod.java,org.joda.time.base.BasePeriod,org.pitest.mutationtest.engine.gregor.mutators.NegateConditionalsMutator,checkAndUpdate,391,KILLED,RegressionTest0.test00038(RegressionTest0)
BasePeriod.java,org.joda.time.base.BasePeriod,org.pitest.mutationtest.engine.gregor.mutators.NegateConditionalsMutator,checkAndUpdate,392,KILLED,RegressionTest0.test00131(RegressionTest0)
BasePeriod.java,org.joda.time.base.BasePeriod,org.pitest.mutationtest.engine.gregor.mutators.NonVoidMethodCallMutator,checkAndUpdate,390,KILLED,RegressionTest0.test00054(RegressionTest0)
BasePeriod.java,org.joda.time.base.BasePeriod,org.pitest.mutationtest.engine.gregor.mutators.NonVoidMethodCallMutator,checkAndUpdate,393,KILLED,RegressionTest0.test00054(RegressionTest0)
BasePeriod.java,org.joda.time.base.BasePeriod,org.pitest.mutationtest.engine.gregor.mutators.NonVoidMethodCallMutator,checkAndUpdate,393,KILLED,RegressionTest13.test02728(RegressionTest13)
BasePeriod.java,org.joda.time.base.BasePeriod,org.pitest.mutationtest.engine.gregor.mutators.NonVoidMethodCallMutator,checkAndUpdate,393,KILLED,RegressionTest0.test00054(RegressionTest0)
BasePeriod.java,org.joda.time.base.BasePeriod,org.pitest.mutationtest.engine.gregor.mutators.NonVoidMethodCallMutator,checkAndUpdate,393,KILLED,RegressionTest0.test00054(RegressionTest0)
BasePeriod.java,org.joda.time.base.BasePeriod,org.pitest.mutationtest.engine.gregor.mutators.NonVoidMethodCallMutator,checkAndUpdate,393,KILLED,RegressionTest13.test02728(RegressionTest13)
BasePeriod.java,org.joda.time.base.BasePeriod,org.pitest.mutationtest.engine.gregor.mutators.RemoveConditionalMutator_EQUAL_ELSE,checkAndUpdate,391,KILLED,RegressionTest0.test00054(RegressionTest0)
BasePeriod.java,org.joda.time.base.BasePeriod,org.pitest.mutationtest.engine.gregor.mutators.RemoveConditionalMutator_EQUAL_ELSE,checkAndUpdate,392,KILLED,RegressionTest0.test00054(RegressionTest0)
BasePeriod.java,org.joda.time.base.BasePeriod,org.pitest.mutationtest.engine.gregor.mutators.RemoveConditionalMutator_EQUAL_IF,checkAndUpdate,391,KILLED,RegressionTest0.test00038(RegressionTest0)
BasePeriod.java,org.joda.time.base.BasePeriod,org.pitest.mutationtest.engine.gregor.mutators.RemoveConditionalMutator_EQUAL_IF,checkAndUpdate,392,KILLED,RegressionTest13.test02728(RegressionTest13)
BasePeriod.java,org.joda.time.base.BasePeriod,org.pitest.mutationtest.engine.gregor.mutators.experimental.NakedReceiverMutator,checkAndUpdate,393,KILLED,RegressionTest13.test02728(RegressionTest13)
BasePeriod.java,org.joda.time.base.BasePeriod,org.pitest.mutationtest.engine.gregor.mutators.experimental.NakedReceiverMutator,checkAndUpdate,393,KILLED,RegressionTest13.test02728(RegressionTest13)
BasePeriod.java,org.joda.time.base.BasePeriod,org.pitest.mutationtest.engine.gregor.mutators.experimental.NakedReceiverMutator,checkAndUpdate,393,KILLED,RegressionTest13.test02728(RegressionTest13)
BasePeriod.java,org.joda.time.base.BasePeriod,org.pitest.mutationtest.engine.gregor.mutators.ArgumentPropagationMutator,checkPeriodType,308,KILLED,RegressionTest0.test00055(RegressionTest0)
BasePeriod.java,org.joda.time.base.BasePeriod,org.pitest.mutationtest.engine.gregor.mutators.NonVoidMethodCallMutator,checkPeriodType,308,KILLED,RegressionTest0.test00038(RegressionTest0)
BasePeriod.java,org.joda.time.base.BasePeriod,org.pitest.mutationtest.engine.gregor.mutators.NullReturnValsMutator,checkPeriodType,308,KILLED,RegressionTest0.test00038(RegressionTest0)
BasePeriod.java,org.joda.time.base.BasePeriod,org.pitest.mutationtest.engine.gregor.mutators.ReturnValsMutator,checkPeriodType,308,KILLED,RegressionTest0.test00038(RegressionTest0)
BasePeriod.java,org.joda.time.base.BasePeriod,org.pitest.mutationtest.engine.gregor.mutators.NullReturnValsMutator,getPeriodType,318,KILLED,RegressionTest0.test00038(RegressionTest0)
BasePeriod.java,org.joda.time.base.BasePeriod,org.pitest.mutationtest.engine.gregor.mutators.ReturnValsMutator,getPeriodType,318,KILLED,RegressionTest0.test00038(RegressionTest0)
BasePeriod.java,org.joda.time.base.BasePeriod,org.pitest.mutationtest.engine.gregor.mutators.PrimitiveReturnsMutator,getValue,329,KILLED,RegressionTest0.test00190(RegressionTest0)
BasePeriod.java,org.joda.time.base.BasePeriod,org.pitest.mutationtest.engine.gregor.mutators.ReturnValsMutator,getValue,329,KILLED,RegressionTest0.test00131(RegressionTest0)
BasePeriod.java,org.joda.time.base.BasePeriod,org.pitest.mutationtest.engine.gregor.mutators.ArgumentPropagationMutator,mergePeriod,536,KILLED,RegressionTest10.test02166(RegressionTest10)
BasePeriod.java,org.joda.time.base.BasePeriod,org.pitest.mutationtest.engine.gregor.mutators.NegateConditionalsMutator,mergePeriod,535,KILLED,RegressionTest10.test02166(RegressionTest10)
BasePeriod.java,org.joda.time.base.BasePeriod,org.pitest.mutationtest.engine.gregor.mutators.NonVoidMethodCallMutator,mergePeriod,536,KILLED,RegressionTest19.test03926(RegressionTest19)
BasePeriod.java,org.joda.time.base.BasePeriod,org.pitest.mutationtest.engine.gregor.mutators.NonVoidMethodCallMutator,mergePeriod,536,KILLED,RegressionTest19.test03926(RegressionTest19)
BasePeriod.java,org.joda.time.base.BasePeriod,org.pitest.mutationtest.engine.gregor.mutators.RemoveConditionalMutator_EQUAL_ELSE,mergePeriod,535,KILLED,RegressionTest10.test02166(RegressionTest10)
BasePeriod.java,org.joda.time.base.BasePeriod,org.pitest.mutationtest.engine.gregor.mutators.RemoveConditionalMutator_EQUAL_IF,mergePeriod,535,SURVIVED,none
BasePeriod.java,org.joda.time.base.BasePeriod,org.pitest.mutationtest.engine.gregor.mutators.VoidMethodCallMutator,mergePeriod,536,SURVIVED,none
BasePeriod.java,org.joda.time.base.BasePeriod,org.pitest.mutationtest.engine.gregor.mutators.ArgumentPropagationMutator,mergePeriodInto,551,KILLED,RegressionTest13.test02724(RegressionTest13)
BasePeriod.java,org.joda.time.base.BasePeriod,org.pitest.mutationtest.engine.gregor.mutators.ConditionalsBoundaryMutator,mergePeriodInto,549,KILLED,RegressionTest0.test00071(RegressionTest0)
BasePeriod.java,org.joda.time.base.BasePeriod,org.pitest.mutationtest.engine.gregor.mutators.IncrementsMutator,mergePeriodInto,549,KILLED,RegressionTest0.test00071(RegressionTest0)
BasePeriod.java,org.joda.time.base.BasePeriod,org.pitest.mutationtest.engine.gregor.mutators.InlineConstantMutator,mergePeriodInto,549,KILLED,RegressionTest13.test02724(RegressionTest13)
BasePeriod.java,org.joda.time.base.BasePeriod,org.pitest.mutationtest.engine.gregor.mutators.NegateConditionalsMutator,mergePeriodInto,549,KILLED,RegressionTest13.test02724(RegressionTest13)
BasePeriod.java,org.joda.time.base.BasePeriod,org.pitest.mutationtest.engine.gregor.mutators.NonVoidMethodCallMutator,mergePeriodInto,549,KILLED,RegressionTest13.test02724(RegressionTest13)
BasePeriod.java,org.joda.time.base.BasePeriod,org.pitest.mutationtest.engine.gregor.mutators.NonVoidMethodCallMutator,mergePeriodInto,550,KILLED,RegressionTest1.test00305(RegressionTest1)
BasePeriod.java,org.joda.time.base.BasePeriod,org.pitest.mutationtest.engine.gregor.mutators.NonVoidMethodCallMutator,mergePeriodInto,551,KILLED,RegressionTest13.test02724(RegressionTest13)
BasePeriod.java,org.joda.time.base.BasePeriod,org.pitest.mutationtest.engine.gregor.mutators.NullReturnValsMutator,mergePeriodInto,554,KILLED,RegressionTest0.test00071(RegressionTest0)
BasePeriod.java,org.joda.time.base.BasePeriod,org.pitest.mutationtest.engine.gregor.mutators.RemoveConditionalMutator_ORDER_ELSE,mergePeriodInto,549,KILLED,RegressionTest13.test02724(RegressionTest13)
BasePeriod.java,org.joda.time.base.BasePeriod,org.pitest.mutationtest.engine.gregor.mutators.RemoveConditionalMutator_ORDER_IF,mergePeriodInto,549,KILLED,RegressionTest0.test00071(RegressionTest0)
BasePeriod.java,org.joda.time.base.BasePeriod,org.pitest.mutationtest.engine.gregor.mutators.ReturnValsMutator,mergePeriodInto,554,KILLED,RegressionTest0.test00071(RegressionTest0)
BasePeriod.java,org.joda.time.base.BasePeriod,org.pitest.mutationtest.engine.gregor.mutators.VoidMethodCallMutator,mergePeriodInto,552,KILLED,RegressionTest13.test02724(RegressionTest13)
BasePeriod.java,org.joda.time.base.BasePeriod,org.pitest.mutationtest.engine.gregor.mutators.experimental.RemoveIncrementsMutator,mergePeriodInto,549,TIMED_OUT,none
BasePeriod.java,org.joda.time.base.BasePeriod,org.pitest.mutationtest.engine.gregor.mutators.VoidMethodCallMutator,setField,474,KILLED,RegressionTest18.test03684(RegressionTest18)
BasePeriod.java,org.joda.time.base.BasePeriod,org.pitest.mutationtest.engine.gregor.mutators.ConstructorCallMutator,setFieldInto,489,KILLED,RegressionTest18.test03684(RegressionTest18)
BasePeriod.java,org.joda.time.base.BasePeriod,org.pitest.mutationtest.engine.gregor.mutators.ConstructorCallMutator,setFieldInto,489,KILLED,RegressionTest18.test03684(RegressionTest18)
BasePeriod.java,org.joda.time.base.BasePeriod,org.pitest.mutationtest.engine.gregor.mutators.InlineConstantMutator,setFieldInto,487,KILLED,RegressionTest10.test02031(RegressionTest10)
BasePeriod.java,org.joda.time.base.BasePeriod,org.pitest.mutationtest.engine.gregor.mutators.NegateConditionalsMutator,setFieldInto,487,KILLED,RegressionTest1.test00246(RegressionTest1)
BasePeriod.java,org.joda.time.base.BasePeriod,org.pitest.mutationtest.engine.gregor.mutators.NegateConditionalsMutator,setFieldInto,488,KILLED,RegressionTest18.test03684(RegressionTest18)
BasePeriod.java,org.joda.time.base.BasePeriod,org.pitest.mutationtest.engine.gregor.mutators.NegateConditionalsMutator,setFieldInto,488,KILLED,RegressionTest17.test03558(RegressionTest17)
BasePeriod.java,org.joda.time.base.BasePeriod,org.pitest.mutationtest.engine.gregor.mutators.NonVoidMethodCallMutator,setFieldInto,486,KILLED,RegressionTest18.test03684(RegressionTest18)
BasePeriod.java,org.joda.time.base.BasePeriod,org.pitest.mutationtest.engine.gregor.mutators.NonVoidMethodCallMutator,setFieldInto,489,KILLED,RegressionTest18.test03684(RegressionTest18)
BasePeriod.java,org.joda.time.base.BasePeriod,org.pitest.mutationtest.engine.gregor.mutators.NonVoidMethodCallMutator,setFieldInto,489,KILLED,RegressionTest18.test03684(RegressionTest18)
BasePeriod.java,org.joda.time.base.BasePeriod,org.pitest.mutationtest.engine.gregor.mutators.NonVoidMethodCallMutator,setFieldInto,489,KILLED,RegressionTest18.test03684(RegressionTest18)
BasePeriod.java,org.joda.time.base.BasePeriod,org.pitest.mutationtest.engine.gregor.mutators.NonVoidMethodCallMutator,setFieldInto,489,KILLED,RegressionTest44.test08867(RegressionTest44)
BasePeriod.java,org.joda.time.base.BasePeriod,org.pitest.mutationtest.engine.gregor.mutators.RemoveConditionalMutator_EQUAL_ELSE,setFieldInto,487,KILLED,RegressionTest18.test03684(RegressionTest18)
BasePeriod.java,org.joda.time.base.BasePeriod,org.pitest.mutationtest.engine.gregor.mutators.RemoveConditionalMutator_EQUAL_ELSE,setFieldInto,488,KILLED,RegressionTest17.test03558(RegressionTest17)
BasePeriod.java,org.joda.time.base.BasePeriod,org.pitest.mutationtest.engine.gregor.mutators.RemoveConditionalMutator_EQUAL_ELSE,setFieldInto,488,KILLED,RegressionTest45.test09132(RegressionTest45)
BasePeriod.java,org.joda.time.base.BasePeriod,org.pitest.mutationtest.engine.gregor.mutators.RemoveConditionalMutator_EQUAL_IF,setFieldInto,487,KILLED,RegressionTest1.test00246(RegressionTest1)
BasePeriod.java,org.joda.time.base.BasePeriod,org.pitest.mutationtest.engine.gregor.mutators.RemoveConditionalMutator_EQUAL_IF,setFieldInto,488,KILLED,RegressionTest18.test03684(RegressionTest18)
BasePeriod.java,org.joda.time.base.BasePeriod,org.pitest.mutationtest.engine.gregor.mutators.RemoveConditionalMutator_EQUAL_IF,setFieldInto,488,KILLED,RegressionTest17.test03558(RegressionTest17)
BasePeriod.java,org.joda.time.base.BasePeriod,org.pitest.mutationtest.engine.gregor.mutators.experimental.NakedReceiverMutator,setFieldInto,489,KILLED,RegressionTest45.test09132(RegressionTest45)
BasePeriod.java,org.joda.time.base.BasePeriod,org.pitest.mutationtest.engine.gregor.mutators.experimental.NakedReceiverMutator,setFieldInto,489,KILLED,RegressionTest45.test09132(RegressionTest45)
BasePeriod.java,org.joda.time.base.BasePeriod,org.pitest.mutationtest.engine.gregor.mutators.experimental.NakedReceiverMutator,setFieldInto,489,KILLED,RegressionTest44.test08867(RegressionTest44)
BasePeriod.java,org.joda.time.base.BasePeriod,org.pitest.mutationtest.engine.gregor.mutators.NonVoidMethodCallMutator,setPeriod,444,KILLED,RegressionTest0.test00054(RegressionTest0)
BasePeriod.java,org.joda.time.base.BasePeriod,org.pitest.mutationtest.engine.gregor.mutators.VoidMethodCallMutator,setPeriod,445,KILLED,RegressionTest50.test10034(RegressionTest50)
BasePeriod.java,org.joda.time.base.BasePeriod,org.pitest.mutationtest.engine.gregor.mutators.NegateConditionalsMutator,setPeriod,409,KILLED,RegressionTest21.test04299(RegressionTest21)
BasePeriod.java,org.joda.time.base.BasePeriod,org.pitest.mutationtest.engine.gregor.mutators.NonVoidMethodCallMutator,setPeriod,410,KILLED,RegressionTest21.test04299(RegressionTest21)
BasePeriod.java,org.joda.time.base.BasePeriod,org.pitest.mutationtest.engine.gregor.mutators.RemoveConditionalMutator_EQUAL_ELSE,setPeriod,409,KILLED,RegressionTest21.test04299(RegressionTest21)
BasePeriod.java,org.joda.time.base.BasePeriod,org.pitest.mutationtest.engine.gregor.mutators.RemoveConditionalMutator_EQUAL_IF,setPeriod,409,KILLED,RegressionTest15.test03124(RegressionTest15)
BasePeriod.java,org.joda.time.base.BasePeriod,org.pitest.mutationtest.engine.gregor.mutators.VoidMethodCallMutator,setPeriod,410,KILLED,RegressionTest52.test10579(RegressionTest52)
BasePeriod.java,org.joda.time.base.BasePeriod,org.pitest.mutationtest.engine.gregor.mutators.VoidMethodCallMutator,setPeriod,412,KILLED,RegressionTest15.test03124(RegressionTest15)
BasePeriod.java,org.joda.time.base.BasePeriod,org.pitest.mutationtest.engine.gregor.mutators.NonVoidMethodCallMutator,setPeriodInternal,453,KILLED,RegressionTest0.test00038(RegressionTest0)
BasePeriod.java,org.joda.time.base.BasePeriod,org.pitest.mutationtest.engine.gregor.mutators.NonVoidMethodCallMutator,setPeriodInternal,454,KILLED,RegressionTest0.test00054(RegressionTest0)
BasePeriod.java,org.joda.time.base.BasePeriod,org.pitest.mutationtest.engine.gregor.mutators.NonVoidMethodCallMutator,setPeriodInternal,455,KILLED,RegressionTest10.test02107(RegressionTest10)
BasePeriod.java,org.joda.time.base.BasePeriod,org.pitest.mutationtest.engine.gregor.mutators.NonVoidMethodCallMutator,setPeriodInternal,456,KILLED,RegressionTest10.test02107(RegressionTest10)
BasePeriod.java,org.joda.time.base.BasePeriod,org.pitest.mutationtest.engine.gregor.mutators.NonVoidMethodCallMutator,setPeriodInternal,457,KILLED,RegressionTest10.test02107(RegressionTest10)
BasePeriod.java,org.joda.time.base.BasePeriod,org.pitest.mutationtest.engine.gregor.mutators.NonVoidMethodCallMutator,setPeriodInternal,458,KILLED,RegressionTest10.test02107(RegressionTest10)
BasePeriod.java,org.joda.time.base.BasePeriod,org.pitest.mutationtest.engine.gregor.mutators.NonVoidMethodCallMutator,setPeriodInternal,459,KILLED,RegressionTest0.test00038(RegressionTest0)
BasePeriod.java,org.joda.time.base.BasePeriod,org.pitest.mutationtest.engine.gregor.mutators.NonVoidMethodCallMutator,setPeriodInternal,460,KILLED,RegressionTest0.test00038(RegressionTest0)
BasePeriod.java,org.joda.time.base.BasePeriod,org.pitest.mutationtest.engine.gregor.mutators.NonVoidMethodCallMutator,setPeriodInternal,461,KILLED,RegressionTest0.test00038(RegressionTest0)
BasePeriod.java,org.joda.time.base.BasePeriod,org.pitest.mutationtest.engine.gregor.mutators.NullReturnValsMutator,setPeriodInternal,462,KILLED,RegressionTest0.test00038(RegressionTest0)
BasePeriod.java,org.joda.time.base.BasePeriod,org.pitest.mutationtest.engine.gregor.mutators.ReturnValsMutator,setPeriodInternal,462,KILLED,RegressionTest0.test00038(RegressionTest0)
BasePeriod.java,org.joda.time.base.BasePeriod,org.pitest.mutationtest.engine.gregor.mutators.VoidMethodCallMutator,setPeriodInternal,454,KILLED,RegressionTest30.test06176(RegressionTest30)
BasePeriod.java,org.joda.time.base.BasePeriod,org.pitest.mutationtest.engine.gregor.mutators.VoidMethodCallMutator,setPeriodInternal,455,KILLED,RegressionTest30.test06070(RegressionTest30)
BasePeriod.java,org.joda.time.base.BasePeriod,org.pitest.mutationtest.engine.gregor.mutators.VoidMethodCallMutator,setPeriodInternal,456,KILLED,RegressionTest30.test06176(RegressionTest30)
BasePeriod.java,org.joda.time.base.BasePeriod,org.pitest.mutationtest.engine.gregor.mutators.VoidMethodCallMutator,setPeriodInternal,457,KILLED,RegressionTest30.test06176(RegressionTest30)
BasePeriod.java,org.joda.time.base.BasePeriod,org.pitest.mutationtest.engine.gregor.mutators.VoidMethodCallMutator,setPeriodInternal,458,KILLED,RegressionTest27.test05419(RegressionTest27)
BasePeriod.java,org.joda.time.base.BasePeriod,org.pitest.mutationtest.engine.gregor.mutators.VoidMethodCallMutator,setPeriodInternal,459,KILLED,RegressionTest30.test06176(RegressionTest30)
BasePeriod.java,org.joda.time.base.BasePeriod,org.pitest.mutationtest.engine.gregor.mutators.VoidMethodCallMutator,setPeriodInternal,460,KILLED,RegressionTest30.test06176(RegressionTest30)
BasePeriod.java,org.joda.time.base.BasePeriod,org.pitest.mutationtest.engine.gregor.mutators.VoidMethodCallMutator,setPeriodInternal,461,KILLED,RegressionTest30.test06176(RegressionTest30)
BasePeriod.java,org.joda.time.base.BasePeriod,org.pitest.mutationtest.engine.gregor.mutators.ArgumentPropagationMutator,setPeriodInternal,423,KILLED,RegressionTest15.test03124(RegressionTest15)
BasePeriod.java,org.joda.time.base.BasePeriod,org.pitest.mutationtest.engine.gregor.mutators.ConditionalsBoundaryMutator,setPeriodInternal,421,KILLED,RegressionTest21.test04223(RegressionTest21)
BasePeriod.java,org.joda.time.base.BasePeriod,org.pitest.mutationtest.engine.gregor.mutators.IncrementsMutator,setPeriodInternal,421,KILLED,RegressionTest22.test04534(RegressionTest22)
BasePeriod.java,org.joda.time.base.BasePeriod,org.pitest.mutationtest.engine.gregor.mutators.InlineConstantMutator,setPeriodInternal,421,KILLED,RegressionTest15.test03124(RegressionTest15)
BasePeriod.java,org.joda.time.base.BasePeriod,org.pitest.mutationtest.engine.gregor.mutators.NegateConditionalsMutator,setPeriodInternal,421,KILLED,RegressionTest21.test04223(RegressionTest21)
BasePeriod.java,org.joda.time.base.BasePeriod,org.pitest.mutationtest.engine.gregor.mutators.NonVoidMethodCallMutator,setPeriodInternal,420,KILLED,RegressionTest21.test04223(RegressionTest21)
BasePeriod.java,org.joda.time.base.BasePeriod,org.pitest.mutationtest.engine.gregor.mutators.NonVoidMethodCallMutator,setPeriodInternal,421,KILLED,RegressionTest15.test03124(RegressionTest15)
BasePeriod.java,org.joda.time.base.BasePeriod,org.pitest.mutationtest.engine.gregor.mutators.NonVoidMethodCallMutator,setPeriodInternal,422,KILLED,RegressionTest22.test04534(RegressionTest22)
BasePeriod.java,org.joda.time.base.BasePeriod,org.pitest.mutationtest.engine.gregor.mutators.NonVoidMethodCallMutator,setPeriodInternal,423,KILLED,RegressionTest15.test03124(RegressionTest15)
BasePeriod.java,org.joda.time.base.BasePeriod,org.pitest.mutationtest.engine.gregor.mutators.RemoveConditionalMutator_ORDER_ELSE,setPeriodInternal,421,KILLED,RegressionTest15.test03124(RegressionTest15)
BasePeriod.java,org.joda.time.base.BasePeriod,org.pitest.mutationtest.engine.gregor.mutators.RemoveConditionalMutator_ORDER_IF,setPeriodInternal,421,KILLED,RegressionTest21.test04223(RegressionTest21)
BasePeriod.java,org.joda.time.base.BasePeriod,org.pitest.mutationtest.engine.gregor.mutators.VoidMethodCallMutator,setPeriodInternal,424,KILLED,RegressionTest15.test03124(RegressionTest15)
BasePeriod.java,org.joda.time.base.BasePeriod,org.pitest.mutationtest.engine.gregor.mutators.VoidMethodCallMutator,setPeriodInternal,426,KILLED,RegressionTest15.test03124(RegressionTest15)
BasePeriod.java,org.joda.time.base.BasePeriod,org.pitest.mutationtest.engine.gregor.mutators.experimental.RemoveIncrementsMutator,setPeriodInternal,421,TIMED_OUT,none
BasePeriod.java,org.joda.time.base.BasePeriod,org.pitest.mutationtest.engine.gregor.mutators.InlineConstantMutator,setValues,616,KILLED,RegressionTest10.test02139(RegressionTest10)
BasePeriod.java,org.joda.time.base.BasePeriod,org.pitest.mutationtest.engine.gregor.mutators.InlineConstantMutator,setValues,616,KILLED,RegressionTest10.test02139(RegressionTest10)
BasePeriod.java,org.joda.time.base.BasePeriod,org.pitest.mutationtest.engine.gregor.mutators.VoidMethodCallMutator,setValues,616,KILLED,RegressionTest13.test02720(RegressionTest13)
BasePeriod.java,org.joda.time.base.BasePeriod,org.pitest.mutationtest.engine.gregor.mutators.ArgumentPropagationMutator,toDurationFrom,352,KILLED,RegressionTest12.test02596(RegressionTest12)
BasePeriod.java,org.joda.time.base.BasePeriod,org.pitest.mutationtest.engine.gregor.mutators.ConstructorCallMutator,toDurationFrom,353,KILLED,RegressionTest29.test05815(RegressionTest29)
BasePeriod.java,org.joda.time.base.BasePeriod,org.pitest.mutationtest.engine.gregor.mutators.InlineConstantMutator,toDurationFrom,352,KILLED,RegressionTest12.test02596(RegressionTest12)
BasePeriod.java,org.joda.time.base.BasePeriod,org.pitest.mutationtest.engine.gregor.mutators.NonVoidMethodCallMutator,toDurationFrom,350,KILLED,RegressionTest43.test08685(RegressionTest43)
BasePeriod.java,org.joda.time.base.BasePeriod,org.pitest.mutationtest.engine.gregor.mutators.NonVoidMethodCallMutator,toDurationFrom,351,KILLED,RegressionTest29.test05815(RegressionTest29)
BasePeriod.java,org.joda.time.base.BasePeriod,org.pitest.mutationtest.engine.gregor.mutators.NonVoidMethodCallMutator,toDurationFrom,352,KILLED,RegressionTest12.test02596(RegressionTest12)
BasePeriod.java,org.joda.time.base.BasePeriod,org.pitest.mutationtest.engine.gregor.mutators.NullReturnValsMutator,toDurationFrom,353,KILLED,RegressionTest29.test05815(RegressionTest29)
BasePeriod.java,org.joda.time.base.BasePeriod,org.pitest.mutationtest.engine.gregor.mutators.ReturnValsMutator,toDurationFrom,353,KILLED,RegressionTest29.test05815(RegressionTest29)
BasePeriod.java,org.joda.time.base.BasePeriod,org.pitest.mutationtest.engine.gregor.mutators.ArgumentPropagationMutator,toDurationTo,376,KILLED,RegressionTest33.test06757(RegressionTest33)
BasePeriod.java,org.joda.time.base.BasePeriod,org.pitest.mutationtest.engine.gregor.mutators.ConstructorCallMutator,toDurationTo,377,KILLED,RegressionTest10.test02061(RegressionTest10)
BasePeriod.java,org.joda.time.base.BasePeriod,org.pitest.mutationtest.engine.gregor.mutators.InlineConstantMutator,toDurationTo,376,KILLED,RegressionTest33.test06757(RegressionTest33)
BasePeriod.java,org.joda.time.base.BasePeriod,org.pitest.mutationtest.engine.gregor.mutators.NonVoidMethodCallMutator,toDurationTo,374,KILLED,RegressionTest33.test06757(RegressionTest33)
BasePeriod.java,org.joda.time.base.BasePeriod,org.pitest.mutationtest.engine.gregor.mutators.NonVoidMethodCallMutator,toDurationTo,375,KILLED,RegressionTest10.test02061(RegressionTest10)
BasePeriod.java,org.joda.time.base.BasePeriod,org.pitest.mutationtest.engine.gregor.mutators.NonVoidMethodCallMutator,toDurationTo,376,KILLED,RegressionTest33.test06757(RegressionTest33)
BasePeriod.java,org.joda.time.base.BasePeriod,org.pitest.mutationtest.engine.gregor.mutators.NullReturnValsMutator,toDurationTo,377,KILLED,RegressionTest10.test02061(RegressionTest10)
BasePeriod.java,org.joda.time.base.BasePeriod,org.pitest.mutationtest.engine.gregor.mutators.ReturnValsMutator,toDurationTo,377,KILLED,RegressionTest10.test02061(RegressionTest10)
