line_number,covered
216,False
217,False
214,False
215,False
212,True
210,True
211,True
575,False
452,False
640,True
1186,False
661,True
219,False
133,True
769,False
137,True
136,True
135,True
134,True
1146,False
571,False
138,True
693,True
690,True
691,False
593,False
694,True
930,True
95,True
1171,False
927,True
542,True
406,False
405,False
403,False
402,False
401,False
545,True
1179,False
283,True
282,True
814,False
349,True
816,False
994,False
570,False
788,False
990,False
675,False
992,False
577,False
670,False
671,False
576,False
263,True
262,True
752,False
260,True
266,True
1178,False
264,False
1150,False
1031,False
269,False
268,True
655,True
423,True
986,False
585,False
424,False
537,False
415,True
416,True
534,False
427,False
531,True
418,True
374,True
538,False
591,False
590,False
319,False
592,False
595,False
594,False
596,False
313,False
312,False
311,False
317,False
316,False
984,False
314,False
115,True
271,True
117,True
116,True
1177,False
205,False
1233,False
143,True
910,True
795,False
793,False
792,False
791,False
536,False
897,False
894,False
535,False
429,True
1176,False
651,True
1250,True
899,False
1014,False
420,False
364,True
365,True
363,True
360,True
426,True
586,False
587,False
584,False
448,True
582,False
583,False
580,False
581,False
443,True
302,False
303,False
305,False
306,False
307,False
895,False
1035,False
446,True
588,False
387,False
1258,False
589,False
1149,False
988,False
784,False
785,False
900,True
787,False
906,False
904,True
905,True
896,False
924,True
639,True
789,False
419,True
641,True
518,True
643,True
645,True
644,True
647,True
646,True
1145,False
648,True
729,False
515,True
514,True
430,True
431,True
458,True
579,False
578,False
887,True
882,True
450,False
451,False
337,False
453,False
454,False
330,False
333,False
332,False
258,False
989,False
179,False
178,False
574,False
176,False
175,False
174,False
257,True
254,True
255,False
1011,False
517,True
974,False
885,True
1188,False
901,True
745,False
1172,False
747,False
540,False
978,False
182,False
183,False
654,True
181,False
652,True
653,True
184,False
598,False
1032,False
504,False
505,False
502,False
706,True
500,False
501,False
568,False
569,False
632,True
633,True
469,True
544,True
636,True
903,True
465,False
464,False
562,False
466,True
564,False
460,True
463,False
462,True
844,False
902,True
1169,False
985,False
223,False
161,True
220,False
270,False
813,False
1170,False
660,True
1185,False
1029,False
272,True
1180,False
1181,False
560,False
529,True
884,True
1034,False
925,True
1152,False
659,True
656,False
151,False
604,False
153,True
1167,False
155,False
154,True
157,True
631,True
159,True
749,False
1168,False
751,False
1012,False
996,False
532,True
565,False
748,False
237,True
635,True
1268,False
755,False
1151,False
473,True
951,True
953,True
952,True
955,True
954,True
957,False
456,False
320,False
976,False
326,False
327,False
324,False
325,False
1191,False
689,True
328,False
329,False
753,False
744,False
890,False
147,True
618,False
145,False
142,True
204,True
207,True
141,True
208,False
563,False
148,True
149,False
928,False
566,False
486,False
567,False
573,False
1009,False
1003,False
982,False
1028,False
357,True
356,True
470,False
548,True
353,True
352,True
350,True
559,False
572,False
359,True
358,True
