line_number,covered
151,False
201,False
153,True
215,True
172,True
126,True
200,False
168,True
194,True
197,True
178,True
191,True
190,True
193,True
192,True
130,True
128,True
88,False
89,False
111,True
110,True
113,True
112,True
177,True
199,False
175,True
251,True
86,True
87,True
171,True
154,True
203,False
169,True
173,True
94,True
195,True
235,True
250,True
170,True
196,True
146,True
147,True
144,True
145,True
205,True
206,True
202,False
225,True
148,True
149,True
76,True
108,True
109,True
73,True
72,True
71,True
127,True
91,True
129,True
93,True
92,True
249,True
107,True
96,True
189,True
75,True
74,True
248,True
124,True
252,True
125,True
