Partial.java,org.joda.time.Partial,org.pitest.mutationtest.engine.gregor.mutators.ArgumentPropagationMutator,<init>,124,KILLED,RegressionTest3.test1517(RegressionTest3)
Partial.java,org.joda.time.Partial,org.pitest.mutationtest.engine.gregor.mutators.InlineConstantMutator,<init>,125,KILLED,RegressionTest3.test1517(RegressionTest3)
Partial.java,org.joda.time.Partial,org.pitest.mutationtest.engine.gregor.mutators.InlineConstantMutator,<init>,126,KILLED,RegressionTest1.test0921(RegressionTest1)
Partial.java,org.joda.time.Partial,org.pitest.mutationtest.engine.gregor.mutators.NonVoidMethodCallMutator,<init>,124,KILLED,RegressionTest3.test1517(RegressionTest3)
Partial.java,org.joda.time.Partial,org.pitest.mutationtest.engine.gregor.mutators.NonVoidMethodCallMutator,<init>,124,KILLED,RegressionTest3.test1517(RegressionTest3)
Partial.java,org.joda.time.Partial,org.pitest.mutationtest.engine.gregor.mutators.experimental.MemberVariableMutator,<init>,124,KILLED,RegressionTest3.test1517(RegressionTest3)
Partial.java,org.joda.time.Partial,org.pitest.mutationtest.engine.gregor.mutators.experimental.MemberVariableMutator,<init>,125,KILLED,RegressionTest3.test1517(RegressionTest3)
Partial.java,org.joda.time.Partial,org.pitest.mutationtest.engine.gregor.mutators.experimental.MemberVariableMutator,<init>,126,KILLED,RegressionTest1.test0921(RegressionTest1)
Partial.java,org.joda.time.Partial,org.pitest.mutationtest.engine.gregor.mutators.experimental.NakedReceiverMutator,<init>,124,KILLED,RegressionTest3.test1744(RegressionTest3)
Partial.java,org.joda.time.Partial,org.pitest.mutationtest.engine.gregor.mutators.experimental.MemberVariableMutator,<init>,297,NO_COVERAGE,none
Partial.java,org.joda.time.Partial,org.pitest.mutationtest.engine.gregor.mutators.experimental.MemberVariableMutator,<init>,298,NO_COVERAGE,none
Partial.java,org.joda.time.Partial,org.pitest.mutationtest.engine.gregor.mutators.experimental.MemberVariableMutator,<init>,299,NO_COVERAGE,none
Partial.java,org.joda.time.Partial,org.pitest.mutationtest.engine.gregor.mutators.ArgumentPropagationMutator,<init>,154,KILLED,RegressionTest1.test0655(RegressionTest1)
Partial.java,org.joda.time.Partial,org.pitest.mutationtest.engine.gregor.mutators.ConstructorCallMutator,<init>,157,KILLED,RegressionTest2.test1379(RegressionTest2)
Partial.java,org.joda.time.Partial,org.pitest.mutationtest.engine.gregor.mutators.InlineConstantMutator,<init>,159,NO_COVERAGE,none
Partial.java,org.joda.time.Partial,org.pitest.mutationtest.engine.gregor.mutators.InlineConstantMutator,<init>,159,NO_COVERAGE,none
Partial.java,org.joda.time.Partial,org.pitest.mutationtest.engine.gregor.mutators.InlineConstantMutator,<init>,160,NO_COVERAGE,none
Partial.java,org.joda.time.Partial,org.pitest.mutationtest.engine.gregor.mutators.InlineConstantMutator,<init>,160,NO_COVERAGE,none
Partial.java,org.joda.time.Partial,org.pitest.mutationtest.engine.gregor.mutators.NegateConditionalsMutator,<init>,156,KILLED,RegressionTest2.test1379(RegressionTest2)
Partial.java,org.joda.time.Partial,org.pitest.mutationtest.engine.gregor.mutators.NonVoidMethodCallMutator,<init>,154,KILLED,RegressionTest2.test1379(RegressionTest2)
Partial.java,org.joda.time.Partial,org.pitest.mutationtest.engine.gregor.mutators.NonVoidMethodCallMutator,<init>,154,SURVIVED,none
Partial.java,org.joda.time.Partial,org.pitest.mutationtest.engine.gregor.mutators.RemoveConditionalMutator_EQUAL_ELSE,<init>,156,KILLED,RegressionTest2.test1379(RegressionTest2)
Partial.java,org.joda.time.Partial,org.pitest.mutationtest.engine.gregor.mutators.RemoveConditionalMutator_EQUAL_IF,<init>,156,SURVIVED,none
Partial.java,org.joda.time.Partial,org.pitest.mutationtest.engine.gregor.mutators.VoidMethodCallMutator,<init>,161,NO_COVERAGE,none
Partial.java,org.joda.time.Partial,org.pitest.mutationtest.engine.gregor.mutators.experimental.MemberVariableMutator,<init>,155,SURVIVED,none
Partial.java,org.joda.time.Partial,org.pitest.mutationtest.engine.gregor.mutators.experimental.MemberVariableMutator,<init>,159,NO_COVERAGE,none
Partial.java,org.joda.time.Partial,org.pitest.mutationtest.engine.gregor.mutators.experimental.MemberVariableMutator,<init>,160,NO_COVERAGE,none
Partial.java,org.joda.time.Partial,org.pitest.mutationtest.engine.gregor.mutators.experimental.NakedReceiverMutator,<init>,154,SURVIVED,none
Partial.java,org.joda.time.Partial,org.pitest.mutationtest.engine.gregor.mutators.experimental.MemberVariableMutator,<init>,281,NO_COVERAGE,none
Partial.java,org.joda.time.Partial,org.pitest.mutationtest.engine.gregor.mutators.experimental.MemberVariableMutator,<init>,282,NO_COVERAGE,none
Partial.java,org.joda.time.Partial,org.pitest.mutationtest.engine.gregor.mutators.experimental.MemberVariableMutator,<init>,283,NO_COVERAGE,none
Partial.java,org.joda.time.Partial,org.pitest.mutationtest.engine.gregor.mutators.ArgumentPropagationMutator,<init>,262,SURVIVED,none
Partial.java,org.joda.time.Partial,org.pitest.mutationtest.engine.gregor.mutators.ArgumentPropagationMutator,<init>,267,NO_COVERAGE,none
Partial.java,org.joda.time.Partial,org.pitest.mutationtest.engine.gregor.mutators.ConditionalsBoundaryMutator,<init>,265,KILLED,RegressionTest1.test0921(RegressionTest1)
Partial.java,org.joda.time.Partial,org.pitest.mutationtest.engine.gregor.mutators.ConstructorCallMutator,<init>,260,KILLED,RegressionTest2.test1223(RegressionTest2)
Partial.java,org.joda.time.Partial,org.pitest.mutationtest.engine.gregor.mutators.InlineConstantMutator,<init>,265,SURVIVED,none
Partial.java,org.joda.time.Partial,org.pitest.mutationtest.engine.gregor.mutators.NegateConditionalsMutator,<init>,259,KILLED,RegressionTest1.test0921(RegressionTest1)
Partial.java,org.joda.time.Partial,org.pitest.mutationtest.engine.gregor.mutators.NegateConditionalsMutator,<init>,265,KILLED,RegressionTest1.test0921(RegressionTest1)
Partial.java,org.joda.time.Partial,org.pitest.mutationtest.engine.gregor.mutators.NonVoidMethodCallMutator,<init>,262,SURVIVED,none
Partial.java,org.joda.time.Partial,org.pitest.mutationtest.engine.gregor.mutators.NonVoidMethodCallMutator,<init>,262,KILLED,RegressionTest1.test0921(RegressionTest1)
Partial.java,org.joda.time.Partial,org.pitest.mutationtest.engine.gregor.mutators.NonVoidMethodCallMutator,<init>,262,KILLED,RegressionTest1.test0921(RegressionTest1)
Partial.java,org.joda.time.Partial,org.pitest.mutationtest.engine.gregor.mutators.NonVoidMethodCallMutator,<init>,263,SURVIVED,none
Partial.java,org.joda.time.Partial,org.pitest.mutationtest.engine.gregor.mutators.NonVoidMethodCallMutator,<init>,264,SURVIVED,none
Partial.java,org.joda.time.Partial,org.pitest.mutationtest.engine.gregor.mutators.NonVoidMethodCallMutator,<init>,265,SURVIVED,none
Partial.java,org.joda.time.Partial,org.pitest.mutationtest.engine.gregor.mutators.NonVoidMethodCallMutator,<init>,266,NO_COVERAGE,none
Partial.java,org.joda.time.Partial,org.pitest.mutationtest.engine.gregor.mutators.NonVoidMethodCallMutator,<init>,267,NO_COVERAGE,none
Partial.java,org.joda.time.Partial,org.pitest.mutationtest.engine.gregor.mutators.RemoveConditionalMutator_EQUAL_ELSE,<init>,259,KILLED,RegressionTest2.test1223(RegressionTest2)
Partial.java,org.joda.time.Partial,org.pitest.mutationtest.engine.gregor.mutators.RemoveConditionalMutator_EQUAL_IF,<init>,259,KILLED,RegressionTest1.test0921(RegressionTest1)
Partial.java,org.joda.time.Partial,org.pitest.mutationtest.engine.gregor.mutators.RemoveConditionalMutator_ORDER_ELSE,<init>,265,SURVIVED,none
Partial.java,org.joda.time.Partial,org.pitest.mutationtest.engine.gregor.mutators.RemoveConditionalMutator_ORDER_IF,<init>,265,KILLED,RegressionTest1.test0921(RegressionTest1)
Partial.java,org.joda.time.Partial,org.pitest.mutationtest.engine.gregor.mutators.experimental.MemberVariableMutator,<init>,262,KILLED,RegressionTest1.test0921(RegressionTest1)
Partial.java,org.joda.time.Partial,org.pitest.mutationtest.engine.gregor.mutators.experimental.MemberVariableMutator,<init>,263,KILLED,RegressionTest1.test0921(RegressionTest1)
Partial.java,org.joda.time.Partial,org.pitest.mutationtest.engine.gregor.mutators.experimental.MemberVariableMutator,<init>,264,KILLED,RegressionTest3.test1748(RegressionTest3)
Partial.java,org.joda.time.Partial,org.pitest.mutationtest.engine.gregor.mutators.experimental.NakedReceiverMutator,<init>,262,SURVIVED,none
Partial.java,org.joda.time.Partial,org.pitest.mutationtest.engine.gregor.mutators.ArgumentPropagationMutator,<init>,191,KILLED,RegressionTest3.test1685(RegressionTest3)
Partial.java,org.joda.time.Partial,org.pitest.mutationtest.engine.gregor.mutators.ConditionalsBoundaryMutator,<init>,207,SURVIVED,none
Partial.java,org.joda.time.Partial,org.pitest.mutationtest.engine.gregor.mutators.ConditionalsBoundaryMutator,<init>,213,NO_COVERAGE,none
Partial.java,org.joda.time.Partial,org.pitest.mutationtest.engine.gregor.mutators.ConditionalsBoundaryMutator,<init>,216,NO_COVERAGE,none
Partial.java,org.joda.time.Partial,org.pitest.mutationtest.engine.gregor.mutators.ConditionalsBoundaryMutator,<init>,218,NO_COVERAGE,none
Partial.java,org.joda.time.Partial,org.pitest.mutationtest.engine.gregor.mutators.ConditionalsBoundaryMutator,<init>,233,NO_COVERAGE,none
Partial.java,org.joda.time.Partial,org.pitest.mutationtest.engine.gregor.mutators.ConstructorCallMutator,<init>,194,KILLED,RegressionTest0.test0026(RegressionTest0)
Partial.java,org.joda.time.Partial,org.pitest.mutationtest.engine.gregor.mutators.ConstructorCallMutator,<init>,197,KILLED,RegressionTest0.test0052(RegressionTest0)
Partial.java,org.joda.time.Partial,org.pitest.mutationtest.engine.gregor.mutators.ConstructorCallMutator,<init>,200,KILLED,RegressionTest0.test0028(RegressionTest0)
Partial.java,org.joda.time.Partial,org.pitest.mutationtest.engine.gregor.mutators.ConstructorCallMutator,<init>,209,KILLED,RegressionTest0.test0002(RegressionTest0)
Partial.java,org.joda.time.Partial,org.pitest.mutationtest.engine.gregor.mutators.ConstructorCallMutator,<init>,209,KILLED,RegressionTest0.test0002(RegressionTest0)
Partial.java,org.joda.time.Partial,org.pitest.mutationtest.engine.gregor.mutators.ConstructorCallMutator,<init>,219,NO_COVERAGE,none
Partial.java,org.joda.time.Partial,org.pitest.mutationtest.engine.gregor.mutators.ConstructorCallMutator,<init>,219,NO_COVERAGE,none
Partial.java,org.joda.time.Partial,org.pitest.mutationtest.engine.gregor.mutators.ConstructorCallMutator,<init>,224,NO_COVERAGE,none
Partial.java,org.joda.time.Partial,org.pitest.mutationtest.engine.gregor.mutators.ConstructorCallMutator,<init>,224,NO_COVERAGE,none
Partial.java,org.joda.time.Partial,org.pitest.mutationtest.engine.gregor.mutators.ConstructorCallMutator,<init>,228,NO_COVERAGE,none
Partial.java,org.joda.time.Partial,org.pitest.mutationtest.engine.gregor.mutators.ConstructorCallMutator,<init>,228,NO_COVERAGE,none
Partial.java,org.joda.time.Partial,org.pitest.mutationtest.engine.gregor.mutators.ConstructorCallMutator,<init>,234,NO_COVERAGE,none
Partial.java,org.joda.time.Partial,org.pitest.mutationtest.engine.gregor.mutators.ConstructorCallMutator,<init>,234,NO_COVERAGE,none
Partial.java,org.joda.time.Partial,org.pitest.mutationtest.engine.gregor.mutators.ConstructorCallMutator,<init>,238,NO_COVERAGE,none
Partial.java,org.joda.time.Partial,org.pitest.mutationtest.engine.gregor.mutators.ConstructorCallMutator,<init>,238,NO_COVERAGE,none
Partial.java,org.joda.time.Partial,org.pitest.mutationtest.engine.gregor.mutators.IncrementsMutator,<init>,213,NO_COVERAGE,none
Partial.java,org.joda.time.Partial,org.pitest.mutationtest.engine.gregor.mutators.InlineConstantMutator,<init>,207,KILLED,RegressionTest0.test0002(RegressionTest0)
Partial.java,org.joda.time.Partial,org.pitest.mutationtest.engine.gregor.mutators.InlineConstantMutator,<init>,213,NO_COVERAGE,none
Partial.java,org.joda.time.Partial,org.pitest.mutationtest.engine.gregor.mutators.InlineConstantMutator,<init>,219,NO_COVERAGE,none
Partial.java,org.joda.time.Partial,org.pitest.mutationtest.engine.gregor.mutators.InlineConstantMutator,<init>,222,NO_COVERAGE,none
Partial.java,org.joda.time.Partial,org.pitest.mutationtest.engine.gregor.mutators.InlineConstantMutator,<init>,228,NO_COVERAGE,none
Partial.java,org.joda.time.Partial,org.pitest.mutationtest.engine.gregor.mutators.InlineConstantMutator,<init>,231,NO_COVERAGE,none
Partial.java,org.joda.time.Partial,org.pitest.mutationtest.engine.gregor.mutators.InlineConstantMutator,<init>,234,NO_COVERAGE,none
Partial.java,org.joda.time.Partial,org.pitest.mutationtest.engine.gregor.mutators.MathMutator,<init>,219,NO_COVERAGE,none
Partial.java,org.joda.time.Partial,org.pitest.mutationtest.engine.gregor.mutators.MathMutator,<init>,222,NO_COVERAGE,none
Partial.java,org.joda.time.Partial,org.pitest.mutationtest.engine.gregor.mutators.MathMutator,<init>,228,NO_COVERAGE,none
Partial.java,org.joda.time.Partial,org.pitest.mutationtest.engine.gregor.mutators.MathMutator,<init>,231,NO_COVERAGE,none
Partial.java,org.joda.time.Partial,org.pitest.mutationtest.engine.gregor.mutators.MathMutator,<init>,234,NO_COVERAGE,none
Partial.java,org.joda.time.Partial,org.pitest.mutationtest.engine.gregor.mutators.NegateConditionalsMutator,<init>,193,KILLED,RegressionTest3.test1673(RegressionTest3)
Partial.java,org.joda.time.Partial,org.pitest.mutationtest.engine.gregor.mutators.NegateConditionalsMutator,<init>,196,KILLED,RegressionTest3.test1673(RegressionTest3)
Partial.java,org.joda.time.Partial,org.pitest.mutationtest.engine.gregor.mutators.NegateConditionalsMutator,<init>,199,KILLED,RegressionTest3.test1673(RegressionTest3)
Partial.java,org.joda.time.Partial,org.pitest.mutationtest.engine.gregor.mutators.NegateConditionalsMutator,<init>,202,KILLED,RegressionTest0.test0002(RegressionTest0)
Partial.java,org.joda.time.Partial,org.pitest.mutationtest.engine.gregor.mutators.NegateConditionalsMutator,<init>,207,KILLED,RegressionTest0.test0002(RegressionTest0)
Partial.java,org.joda.time.Partial,org.pitest.mutationtest.engine.gregor.mutators.NegateConditionalsMutator,<init>,208,KILLED,RegressionTest0.test0002(RegressionTest0)
Partial.java,org.joda.time.Partial,org.pitest.mutationtest.engine.gregor.mutators.NegateConditionalsMutator,<init>,213,NO_COVERAGE,none
Partial.java,org.joda.time.Partial,org.pitest.mutationtest.engine.gregor.mutators.NegateConditionalsMutator,<init>,216,NO_COVERAGE,none
Partial.java,org.joda.time.Partial,org.pitest.mutationtest.engine.gregor.mutators.NegateConditionalsMutator,<init>,218,NO_COVERAGE,none
Partial.java,org.joda.time.Partial,org.pitest.mutationtest.engine.gregor.mutators.NegateConditionalsMutator,<init>,218,NO_COVERAGE,none
Partial.java,org.joda.time.Partial,org.pitest.mutationtest.engine.gregor.mutators.NegateConditionalsMutator,<init>,218,NO_COVERAGE,none
Partial.java,org.joda.time.Partial,org.pitest.mutationtest.engine.gregor.mutators.NegateConditionalsMutator,<init>,221,NO_COVERAGE,none
Partial.java,org.joda.time.Partial,org.pitest.mutationtest.engine.gregor.mutators.NegateConditionalsMutator,<init>,222,NO_COVERAGE,none
Partial.java,org.joda.time.Partial,org.pitest.mutationtest.engine.gregor.mutators.NegateConditionalsMutator,<init>,223,NO_COVERAGE,none
Partial.java,org.joda.time.Partial,org.pitest.mutationtest.engine.gregor.mutators.NegateConditionalsMutator,<init>,227,NO_COVERAGE,none
Partial.java,org.joda.time.Partial,org.pitest.mutationtest.engine.gregor.mutators.NegateConditionalsMutator,<init>,233,NO_COVERAGE,none
Partial.java,org.joda.time.Partial,org.pitest.mutationtest.engine.gregor.mutators.NegateConditionalsMutator,<init>,237,NO_COVERAGE,none
Partial.java,org.joda.time.Partial,org.pitest.mutationtest.engine.gregor.mutators.NonVoidMethodCallMutator,<init>,191,KILLED,RegressionTest3.test1673(RegressionTest3)
Partial.java,org.joda.time.Partial,org.pitest.mutationtest.engine.gregor.mutators.NonVoidMethodCallMutator,<init>,191,KILLED,RegressionTest3.test1520(RegressionTest3)
Partial.java,org.joda.time.Partial,org.pitest.mutationtest.engine.gregor.mutators.NonVoidMethodCallMutator,<init>,209,KILLED,RegressionTest0.test0002(RegressionTest0)
Partial.java,org.joda.time.Partial,org.pitest.mutationtest.engine.gregor.mutators.NonVoidMethodCallMutator,<init>,209,KILLED,RegressionTest0.test0002(RegressionTest0)
Partial.java,org.joda.time.Partial,org.pitest.mutationtest.engine.gregor.mutators.NonVoidMethodCallMutator,<init>,209,SURVIVED,none
Partial.java,org.joda.time.Partial,org.pitest.mutationtest.engine.gregor.mutators.NonVoidMethodCallMutator,<init>,215,NO_COVERAGE,none
Partial.java,org.joda.time.Partial,org.pitest.mutationtest.engine.gregor.mutators.NonVoidMethodCallMutator,<init>,215,NO_COVERAGE,none
Partial.java,org.joda.time.Partial,org.pitest.mutationtest.engine.gregor.mutators.NonVoidMethodCallMutator,<init>,217,NO_COVERAGE,none
Partial.java,org.joda.time.Partial,org.pitest.mutationtest.engine.gregor.mutators.NonVoidMethodCallMutator,<init>,218,NO_COVERAGE,none
Partial.java,org.joda.time.Partial,org.pitest.mutationtest.engine.gregor.mutators.NonVoidMethodCallMutator,<init>,219,NO_COVERAGE,none
Partial.java,org.joda.time.Partial,org.pitest.mutationtest.engine.gregor.mutators.NonVoidMethodCallMutator,<init>,219,NO_COVERAGE,none
Partial.java,org.joda.time.Partial,org.pitest.mutationtest.engine.gregor.mutators.NonVoidMethodCallMutator,<init>,219,NO_COVERAGE,none
Partial.java,org.joda.time.Partial,org.pitest.mutationtest.engine.gregor.mutators.NonVoidMethodCallMutator,<init>,219,NO_COVERAGE,none
Partial.java,org.joda.time.Partial,org.pitest.mutationtest.engine.gregor.mutators.NonVoidMethodCallMutator,<init>,219,NO_COVERAGE,none
Partial.java,org.joda.time.Partial,org.pitest.mutationtest.engine.gregor.mutators.NonVoidMethodCallMutator,<init>,219,NO_COVERAGE,none
Partial.java,org.joda.time.Partial,org.pitest.mutationtest.engine.gregor.mutators.NonVoidMethodCallMutator,<init>,219,NO_COVERAGE,none
Partial.java,org.joda.time.Partial,org.pitest.mutationtest.engine.gregor.mutators.NonVoidMethodCallMutator,<init>,222,NO_COVERAGE,none
Partial.java,org.joda.time.Partial,org.pitest.mutationtest.engine.gregor.mutators.NonVoidMethodCallMutator,<init>,223,NO_COVERAGE,none
Partial.java,org.joda.time.Partial,org.pitest.mutationtest.engine.gregor.mutators.NonVoidMethodCallMutator,<init>,224,NO_COVERAGE,none
Partial.java,org.joda.time.Partial,org.pitest.mutationtest.engine.gregor.mutators.NonVoidMethodCallMutator,<init>,224,NO_COVERAGE,none
Partial.java,org.joda.time.Partial,org.pitest.mutationtest.engine.gregor.mutators.NonVoidMethodCallMutator,<init>,224,NO_COVERAGE,none
Partial.java,org.joda.time.Partial,org.pitest.mutationtest.engine.gregor.mutators.NonVoidMethodCallMutator,<init>,224,NO_COVERAGE,none
Partial.java,org.joda.time.Partial,org.pitest.mutationtest.engine.gregor.mutators.NonVoidMethodCallMutator,<init>,227,NO_COVERAGE,none
Partial.java,org.joda.time.Partial,org.pitest.mutationtest.engine.gregor.mutators.NonVoidMethodCallMutator,<init>,228,NO_COVERAGE,none
Partial.java,org.joda.time.Partial,org.pitest.mutationtest.engine.gregor.mutators.NonVoidMethodCallMutator,<init>,228,NO_COVERAGE,none
Partial.java,org.joda.time.Partial,org.pitest.mutationtest.engine.gregor.mutators.NonVoidMethodCallMutator,<init>,228,NO_COVERAGE,none
Partial.java,org.joda.time.Partial,org.pitest.mutationtest.engine.gregor.mutators.NonVoidMethodCallMutator,<init>,228,NO_COVERAGE,none
Partial.java,org.joda.time.Partial,org.pitest.mutationtest.engine.gregor.mutators.NonVoidMethodCallMutator,<init>,228,NO_COVERAGE,none
Partial.java,org.joda.time.Partial,org.pitest.mutationtest.engine.gregor.mutators.NonVoidMethodCallMutator,<init>,228,NO_COVERAGE,none
Partial.java,org.joda.time.Partial,org.pitest.mutationtest.engine.gregor.mutators.NonVoidMethodCallMutator,<init>,228,NO_COVERAGE,none
Partial.java,org.joda.time.Partial,org.pitest.mutationtest.engine.gregor.mutators.NonVoidMethodCallMutator,<init>,231,NO_COVERAGE,none
Partial.java,org.joda.time.Partial,org.pitest.mutationtest.engine.gregor.mutators.NonVoidMethodCallMutator,<init>,231,NO_COVERAGE,none
Partial.java,org.joda.time.Partial,org.pitest.mutationtest.engine.gregor.mutators.NonVoidMethodCallMutator,<init>,232,NO_COVERAGE,none
Partial.java,org.joda.time.Partial,org.pitest.mutationtest.engine.gregor.mutators.NonVoidMethodCallMutator,<init>,232,NO_COVERAGE,none
Partial.java,org.joda.time.Partial,org.pitest.mutationtest.engine.gregor.mutators.NonVoidMethodCallMutator,<init>,233,NO_COVERAGE,none
Partial.java,org.joda.time.Partial,org.pitest.mutationtest.engine.gregor.mutators.NonVoidMethodCallMutator,<init>,234,NO_COVERAGE,none
Partial.java,org.joda.time.Partial,org.pitest.mutationtest.engine.gregor.mutators.NonVoidMethodCallMutator,<init>,234,NO_COVERAGE,none
Partial.java,org.joda.time.Partial,org.pitest.mutationtest.engine.gregor.mutators.NonVoidMethodCallMutator,<init>,234,NO_COVERAGE,none
Partial.java,org.joda.time.Partial,org.pitest.mutationtest.engine.gregor.mutators.NonVoidMethodCallMutator,<init>,234,NO_COVERAGE,none
Partial.java,org.joda.time.Partial,org.pitest.mutationtest.engine.gregor.mutators.NonVoidMethodCallMutator,<init>,234,NO_COVERAGE,none
Partial.java,org.joda.time.Partial,org.pitest.mutationtest.engine.gregor.mutators.NonVoidMethodCallMutator,<init>,234,NO_COVERAGE,none
Partial.java,org.joda.time.Partial,org.pitest.mutationtest.engine.gregor.mutators.NonVoidMethodCallMutator,<init>,234,NO_COVERAGE,none
Partial.java,org.joda.time.Partial,org.pitest.mutationtest.engine.gregor.mutators.NonVoidMethodCallMutator,<init>,237,NO_COVERAGE,none
Partial.java,org.joda.time.Partial,org.pitest.mutationtest.engine.gregor.mutators.NonVoidMethodCallMutator,<init>,238,NO_COVERAGE,none
Partial.java,org.joda.time.Partial,org.pitest.mutationtest.engine.gregor.mutators.NonVoidMethodCallMutator,<init>,238,NO_COVERAGE,none
Partial.java,org.joda.time.Partial,org.pitest.mutationtest.engine.gregor.mutators.NonVoidMethodCallMutator,<init>,238,NO_COVERAGE,none
Partial.java,org.joda.time.Partial,org.pitest.mutationtest.engine.gregor.mutators.NonVoidMethodCallMutator,<init>,238,NO_COVERAGE,none
Partial.java,org.joda.time.Partial,org.pitest.mutationtest.engine.gregor.mutators.NonVoidMethodCallMutator,<init>,246,NO_COVERAGE,none
Partial.java,org.joda.time.Partial,org.pitest.mutationtest.engine.gregor.mutators.NonVoidMethodCallMutator,<init>,248,NO_COVERAGE,none
Partial.java,org.joda.time.Partial,org.pitest.mutationtest.engine.gregor.mutators.RemoveConditionalMutator_EQUAL_ELSE,<init>,193,KILLED,RegressionTest0.test0026(RegressionTest0)
Partial.java,org.joda.time.Partial,org.pitest.mutationtest.engine.gregor.mutators.RemoveConditionalMutator_EQUAL_ELSE,<init>,196,KILLED,RegressionTest0.test0052(RegressionTest0)
Partial.java,org.joda.time.Partial,org.pitest.mutationtest.engine.gregor.mutators.RemoveConditionalMutator_EQUAL_ELSE,<init>,199,KILLED,RegressionTest0.test0005(RegressionTest0)
Partial.java,org.joda.time.Partial,org.pitest.mutationtest.engine.gregor.mutators.RemoveConditionalMutator_EQUAL_ELSE,<init>,202,SURVIVED,none
Partial.java,org.joda.time.Partial,org.pitest.mutationtest.engine.gregor.mutators.RemoveConditionalMutator_EQUAL_ELSE,<init>,208,KILLED,RegressionTest0.test0002(RegressionTest0)
Partial.java,org.joda.time.Partial,org.pitest.mutationtest.engine.gregor.mutators.RemoveConditionalMutator_EQUAL_ELSE,<init>,218,NO_COVERAGE,none
Partial.java,org.joda.time.Partial,org.pitest.mutationtest.engine.gregor.mutators.RemoveConditionalMutator_EQUAL_ELSE,<init>,218,NO_COVERAGE,none
Partial.java,org.joda.time.Partial,org.pitest.mutationtest.engine.gregor.mutators.RemoveConditionalMutator_EQUAL_ELSE,<init>,221,NO_COVERAGE,none
Partial.java,org.joda.time.Partial,org.pitest.mutationtest.engine.gregor.mutators.RemoveConditionalMutator_EQUAL_ELSE,<init>,222,NO_COVERAGE,none
Partial.java,org.joda.time.Partial,org.pitest.mutationtest.engine.gregor.mutators.RemoveConditionalMutator_EQUAL_ELSE,<init>,223,NO_COVERAGE,none
Partial.java,org.joda.time.Partial,org.pitest.mutationtest.engine.gregor.mutators.RemoveConditionalMutator_EQUAL_ELSE,<init>,227,NO_COVERAGE,none
Partial.java,org.joda.time.Partial,org.pitest.mutationtest.engine.gregor.mutators.RemoveConditionalMutator_EQUAL_ELSE,<init>,237,NO_COVERAGE,none
Partial.java,org.joda.time.Partial,org.pitest.mutationtest.engine.gregor.mutators.RemoveConditionalMutator_EQUAL_IF,<init>,193,KILLED,RegressionTest3.test1673(RegressionTest3)
Partial.java,org.joda.time.Partial,org.pitest.mutationtest.engine.gregor.mutators.RemoveConditionalMutator_EQUAL_IF,<init>,196,KILLED,RegressionTest3.test1673(RegressionTest3)
Partial.java,org.joda.time.Partial,org.pitest.mutationtest.engine.gregor.mutators.RemoveConditionalMutator_EQUAL_IF,<init>,199,KILLED,RegressionTest3.test1673(RegressionTest3)
Partial.java,org.joda.time.Partial,org.pitest.mutationtest.engine.gregor.mutators.RemoveConditionalMutator_EQUAL_IF,<init>,202,KILLED,RegressionTest0.test0002(RegressionTest0)
Partial.java,org.joda.time.Partial,org.pitest.mutationtest.engine.gregor.mutators.RemoveConditionalMutator_EQUAL_IF,<init>,208,SURVIVED,none
Partial.java,org.joda.time.Partial,org.pitest.mutationtest.engine.gregor.mutators.RemoveConditionalMutator_EQUAL_IF,<init>,218,NO_COVERAGE,none
Partial.java,org.joda.time.Partial,org.pitest.mutationtest.engine.gregor.mutators.RemoveConditionalMutator_EQUAL_IF,<init>,218,NO_COVERAGE,none
Partial.java,org.joda.time.Partial,org.pitest.mutationtest.engine.gregor.mutators.RemoveConditionalMutator_EQUAL_IF,<init>,221,NO_COVERAGE,none
Partial.java,org.joda.time.Partial,org.pitest.mutationtest.engine.gregor.mutators.RemoveConditionalMutator_EQUAL_IF,<init>,222,NO_COVERAGE,none
Partial.java,org.joda.time.Partial,org.pitest.mutationtest.engine.gregor.mutators.RemoveConditionalMutator_EQUAL_IF,<init>,223,NO_COVERAGE,none
Partial.java,org.joda.time.Partial,org.pitest.mutationtest.engine.gregor.mutators.RemoveConditionalMutator_EQUAL_IF,<init>,227,NO_COVERAGE,none
Partial.java,org.joda.time.Partial,org.pitest.mutationtest.engine.gregor.mutators.RemoveConditionalMutator_EQUAL_IF,<init>,237,NO_COVERAGE,none
Partial.java,org.joda.time.Partial,org.pitest.mutationtest.engine.gregor.mutators.RemoveConditionalMutator_ORDER_ELSE,<init>,207,KILLED,RegressionTest0.test0002(RegressionTest0)
Partial.java,org.joda.time.Partial,org.pitest.mutationtest.engine.gregor.mutators.RemoveConditionalMutator_ORDER_ELSE,<init>,213,NO_COVERAGE,none
Partial.java,org.joda.time.Partial,org.pitest.mutationtest.engine.gregor.mutators.RemoveConditionalMutator_ORDER_ELSE,<init>,216,NO_COVERAGE,none
Partial.java,org.joda.time.Partial,org.pitest.mutationtest.engine.gregor.mutators.RemoveConditionalMutator_ORDER_ELSE,<init>,218,NO_COVERAGE,none
Partial.java,org.joda.time.Partial,org.pitest.mutationtest.engine.gregor.mutators.RemoveConditionalMutator_ORDER_ELSE,<init>,233,NO_COVERAGE,none
Partial.java,org.joda.time.Partial,org.pitest.mutationtest.engine.gregor.mutators.RemoveConditionalMutator_ORDER_IF,<init>,207,SURVIVED,none
Partial.java,org.joda.time.Partial,org.pitest.mutationtest.engine.gregor.mutators.RemoveConditionalMutator_ORDER_IF,<init>,213,NO_COVERAGE,none
Partial.java,org.joda.time.Partial,org.pitest.mutationtest.engine.gregor.mutators.RemoveConditionalMutator_ORDER_IF,<init>,216,NO_COVERAGE,none
Partial.java,org.joda.time.Partial,org.pitest.mutationtest.engine.gregor.mutators.RemoveConditionalMutator_ORDER_IF,<init>,218,NO_COVERAGE,none
Partial.java,org.joda.time.Partial,org.pitest.mutationtest.engine.gregor.mutators.RemoveConditionalMutator_ORDER_IF,<init>,233,NO_COVERAGE,none
Partial.java,org.joda.time.Partial,org.pitest.mutationtest.engine.gregor.mutators.VoidMethodCallMutator,<init>,247,NO_COVERAGE,none
Partial.java,org.joda.time.Partial,org.pitest.mutationtest.engine.gregor.mutators.experimental.MemberVariableMutator,<init>,192,KILLED,RegressionTest3.test1520(RegressionTest3)
Partial.java,org.joda.time.Partial,org.pitest.mutationtest.engine.gregor.mutators.experimental.MemberVariableMutator,<init>,203,KILLED,RegressionTest3.test1673(RegressionTest3)
Partial.java,org.joda.time.Partial,org.pitest.mutationtest.engine.gregor.mutators.experimental.MemberVariableMutator,<init>,204,KILLED,RegressionTest3.test1739(RegressionTest3)
Partial.java,org.joda.time.Partial,org.pitest.mutationtest.engine.gregor.mutators.experimental.MemberVariableMutator,<init>,246,NO_COVERAGE,none
Partial.java,org.joda.time.Partial,org.pitest.mutationtest.engine.gregor.mutators.experimental.MemberVariableMutator,<init>,248,NO_COVERAGE,none
Partial.java,org.joda.time.Partial,org.pitest.mutationtest.engine.gregor.mutators.experimental.NakedReceiverMutator,<init>,191,SURVIVED,none
Partial.java,org.joda.time.Partial,org.pitest.mutationtest.engine.gregor.mutators.experimental.NakedReceiverMutator,<init>,209,SURVIVED,none
Partial.java,org.joda.time.Partial,org.pitest.mutationtest.engine.gregor.mutators.experimental.NakedReceiverMutator,<init>,209,SURVIVED,none
Partial.java,org.joda.time.Partial,org.pitest.mutationtest.engine.gregor.mutators.experimental.NakedReceiverMutator,<init>,219,NO_COVERAGE,none
Partial.java,org.joda.time.Partial,org.pitest.mutationtest.engine.gregor.mutators.experimental.NakedReceiverMutator,<init>,219,NO_COVERAGE,none
Partial.java,org.joda.time.Partial,org.pitest.mutationtest.engine.gregor.mutators.experimental.NakedReceiverMutator,<init>,219,NO_COVERAGE,none
Partial.java,org.joda.time.Partial,org.pitest.mutationtest.engine.gregor.mutators.experimental.NakedReceiverMutator,<init>,219,NO_COVERAGE,none
Partial.java,org.joda.time.Partial,org.pitest.mutationtest.engine.gregor.mutators.experimental.NakedReceiverMutator,<init>,224,NO_COVERAGE,none
Partial.java,org.joda.time.Partial,org.pitest.mutationtest.engine.gregor.mutators.experimental.NakedReceiverMutator,<init>,224,NO_COVERAGE,none
Partial.java,org.joda.time.Partial,org.pitest.mutationtest.engine.gregor.mutators.experimental.NakedReceiverMutator,<init>,228,NO_COVERAGE,none
Partial.java,org.joda.time.Partial,org.pitest.mutationtest.engine.gregor.mutators.experimental.NakedReceiverMutator,<init>,228,NO_COVERAGE,none
Partial.java,org.joda.time.Partial,org.pitest.mutationtest.engine.gregor.mutators.experimental.NakedReceiverMutator,<init>,228,NO_COVERAGE,none
Partial.java,org.joda.time.Partial,org.pitest.mutationtest.engine.gregor.mutators.experimental.NakedReceiverMutator,<init>,228,NO_COVERAGE,none
Partial.java,org.joda.time.Partial,org.pitest.mutationtest.engine.gregor.mutators.experimental.NakedReceiverMutator,<init>,234,NO_COVERAGE,none
Partial.java,org.joda.time.Partial,org.pitest.mutationtest.engine.gregor.mutators.experimental.NakedReceiverMutator,<init>,234,NO_COVERAGE,none
Partial.java,org.joda.time.Partial,org.pitest.mutationtest.engine.gregor.mutators.experimental.NakedReceiverMutator,<init>,234,NO_COVERAGE,none
Partial.java,org.joda.time.Partial,org.pitest.mutationtest.engine.gregor.mutators.experimental.NakedReceiverMutator,<init>,234,NO_COVERAGE,none
Partial.java,org.joda.time.Partial,org.pitest.mutationtest.engine.gregor.mutators.experimental.NakedReceiverMutator,<init>,238,NO_COVERAGE,none
Partial.java,org.joda.time.Partial,org.pitest.mutationtest.engine.gregor.mutators.experimental.NakedReceiverMutator,<init>,238,NO_COVERAGE,none
Partial.java,org.joda.time.Partial,org.pitest.mutationtest.engine.gregor.mutators.NullReturnValsMutator,getChronology,321,KILLED,RegressionTest3.test1517(RegressionTest3)
Partial.java,org.joda.time.Partial,org.pitest.mutationtest.engine.gregor.mutators.ReturnValsMutator,getChronology,321,KILLED,RegressionTest3.test1517(RegressionTest3)
Partial.java,org.joda.time.Partial,org.pitest.mutationtest.engine.gregor.mutators.NonVoidMethodCallMutator,getField,333,SURVIVED,none
Partial.java,org.joda.time.Partial,org.pitest.mutationtest.engine.gregor.mutators.NullReturnValsMutator,getField,333,SURVIVED,none
Partial.java,org.joda.time.Partial,org.pitest.mutationtest.engine.gregor.mutators.ReturnValsMutator,getField,333,SURVIVED,none
Partial.java,org.joda.time.Partial,org.pitest.mutationtest.engine.gregor.mutators.NullReturnValsMutator,getFieldType,344,SURVIVED,none
Partial.java,org.joda.time.Partial,org.pitest.mutationtest.engine.gregor.mutators.ReturnValsMutator,getFieldType,344,SURVIVED,none
Partial.java,org.joda.time.Partial,org.pitest.mutationtest.engine.gregor.mutators.NonVoidMethodCallMutator,getFieldTypes,356,KILLED,RegressionTest3.test1641(RegressionTest3)
Partial.java,org.joda.time.Partial,org.pitest.mutationtest.engine.gregor.mutators.NullReturnValsMutator,getFieldTypes,356,KILLED,RegressionTest3.test1641(RegressionTest3)
Partial.java,org.joda.time.Partial,org.pitest.mutationtest.engine.gregor.mutators.ReturnValsMutator,getFieldTypes,356,KILLED,RegressionTest3.test1641(RegressionTest3)
Partial.java,org.joda.time.Partial,org.pitest.mutationtest.engine.gregor.mutators.ConstructorCallMutator,getFormatter,711,NO_COVERAGE,none
Partial.java,org.joda.time.Partial,org.pitest.mutationtest.engine.gregor.mutators.InlineConstantMutator,getFormatter,709,NO_COVERAGE,none
Partial.java,org.joda.time.Partial,org.pitest.mutationtest.engine.gregor.mutators.InlineConstantMutator,getFormatter,712,NO_COVERAGE,none
Partial.java,org.joda.time.Partial,org.pitest.mutationtest.engine.gregor.mutators.InlineConstantMutator,getFormatter,712,NO_COVERAGE,none
Partial.java,org.joda.time.Partial,org.pitest.mutationtest.engine.gregor.mutators.InlineConstantMutator,getFormatter,712,NO_COVERAGE,none
Partial.java,org.joda.time.Partial,org.pitest.mutationtest.engine.gregor.mutators.InlineConstantMutator,getFormatter,714,NO_COVERAGE,none
Partial.java,org.joda.time.Partial,org.pitest.mutationtest.engine.gregor.mutators.InlineConstantMutator,getFormatter,714,NO_COVERAGE,none
Partial.java,org.joda.time.Partial,org.pitest.mutationtest.engine.gregor.mutators.InlineConstantMutator,getFormatter,721,NO_COVERAGE,none
Partial.java,org.joda.time.Partial,org.pitest.mutationtest.engine.gregor.mutators.NegateConditionalsMutator,getFormatter,705,KILLED,RegressionTest3.test1641(RegressionTest3)
Partial.java,org.joda.time.Partial,org.pitest.mutationtest.engine.gregor.mutators.NegateConditionalsMutator,getFormatter,706,SURVIVED,none
Partial.java,org.joda.time.Partial,org.pitest.mutationtest.engine.gregor.mutators.NegateConditionalsMutator,getFormatter,713,NO_COVERAGE,none
Partial.java,org.joda.time.Partial,org.pitest.mutationtest.engine.gregor.mutators.NonVoidMethodCallMutator,getFormatter,706,SURVIVED,none
Partial.java,org.joda.time.Partial,org.pitest.mutationtest.engine.gregor.mutators.NonVoidMethodCallMutator,getFormatter,711,NO_COVERAGE,none
Partial.java,org.joda.time.Partial,org.pitest.mutationtest.engine.gregor.mutators.NonVoidMethodCallMutator,getFormatter,712,NO_COVERAGE,none
Partial.java,org.joda.time.Partial,org.pitest.mutationtest.engine.gregor.mutators.NonVoidMethodCallMutator,getFormatter,713,NO_COVERAGE,none
Partial.java,org.joda.time.Partial,org.pitest.mutationtest.engine.gregor.mutators.NullReturnValsMutator,getFormatter,721,NO_COVERAGE,none
Partial.java,org.joda.time.Partial,org.pitest.mutationtest.engine.gregor.mutators.RemoveConditionalMutator_EQUAL_ELSE,getFormatter,705,KILLED,RegressionTest3.test1641(RegressionTest3)
Partial.java,org.joda.time.Partial,org.pitest.mutationtest.engine.gregor.mutators.RemoveConditionalMutator_EQUAL_ELSE,getFormatter,706,SURVIVED,none
Partial.java,org.joda.time.Partial,org.pitest.mutationtest.engine.gregor.mutators.RemoveConditionalMutator_EQUAL_ELSE,getFormatter,713,NO_COVERAGE,none
Partial.java,org.joda.time.Partial,org.pitest.mutationtest.engine.gregor.mutators.RemoveConditionalMutator_EQUAL_IF,getFormatter,705,SURVIVED,none
Partial.java,org.joda.time.Partial,org.pitest.mutationtest.engine.gregor.mutators.RemoveConditionalMutator_EQUAL_IF,getFormatter,706,SURVIVED,none
Partial.java,org.joda.time.Partial,org.pitest.mutationtest.engine.gregor.mutators.RemoveConditionalMutator_EQUAL_IF,getFormatter,713,NO_COVERAGE,none
Partial.java,org.joda.time.Partial,org.pitest.mutationtest.engine.gregor.mutators.ReturnValsMutator,getFormatter,707,KILLED,RegressionTest3.test1641(RegressionTest3)
Partial.java,org.joda.time.Partial,org.pitest.mutationtest.engine.gregor.mutators.ReturnValsMutator,getFormatter,721,NO_COVERAGE,none
Partial.java,org.joda.time.Partial,org.pitest.mutationtest.engine.gregor.mutators.experimental.MemberVariableMutator,getFormatter,719,NO_COVERAGE,none
Partial.java,org.joda.time.Partial,org.pitest.mutationtest.engine.gregor.mutators.PrimitiveReturnsMutator,getValue,368,SURVIVED,none
Partial.java,org.joda.time.Partial,org.pitest.mutationtest.engine.gregor.mutators.ReturnValsMutator,getValue,368,SURVIVED,none
Partial.java,org.joda.time.Partial,org.pitest.mutationtest.engine.gregor.mutators.NonVoidMethodCallMutator,getValues,381,KILLED,RegressionTest1.test0921(RegressionTest1)
Partial.java,org.joda.time.Partial,org.pitest.mutationtest.engine.gregor.mutators.NullReturnValsMutator,getValues,381,KILLED,RegressionTest1.test0921(RegressionTest1)
Partial.java,org.joda.time.Partial,org.pitest.mutationtest.engine.gregor.mutators.ReturnValsMutator,getValues,381,KILLED,RegressionTest1.test0921(RegressionTest1)
Partial.java,org.joda.time.Partial,org.pitest.mutationtest.engine.gregor.mutators.BooleanFalseReturnValsMutator,isMatch,663,KILLED,RegressionTest1.test0972(RegressionTest1)
Partial.java,org.joda.time.Partial,org.pitest.mutationtest.engine.gregor.mutators.BooleanTrueReturnValsMutator,isMatch,660,NO_COVERAGE,none
Partial.java,org.joda.time.Partial,org.pitest.mutationtest.engine.gregor.mutators.ConditionalsBoundaryMutator,isMatch,657,KILLED,RegressionTest1.test0972(RegressionTest1)
Partial.java,org.joda.time.Partial,org.pitest.mutationtest.engine.gregor.mutators.IncrementsMutator,isMatch,657,SURVIVED,none
Partial.java,org.joda.time.Partial,org.pitest.mutationtest.engine.gregor.mutators.InlineConstantMutator,isMatch,657,SURVIVED,none
Partial.java,org.joda.time.Partial,org.pitest.mutationtest.engine.gregor.mutators.InlineConstantMutator,isMatch,660,NO_COVERAGE,none
Partial.java,org.joda.time.Partial,org.pitest.mutationtest.engine.gregor.mutators.InlineConstantMutator,isMatch,663,KILLED,RegressionTest1.test0972(RegressionTest1)
Partial.java,org.joda.time.Partial,org.pitest.mutationtest.engine.gregor.mutators.NegateConditionalsMutator,isMatch,657,KILLED,RegressionTest1.test0972(RegressionTest1)
Partial.java,org.joda.time.Partial,org.pitest.mutationtest.engine.gregor.mutators.NegateConditionalsMutator,isMatch,659,NO_COVERAGE,none
Partial.java,org.joda.time.Partial,org.pitest.mutationtest.engine.gregor.mutators.NonVoidMethodCallMutator,isMatch,655,SURVIVED,none
Partial.java,org.joda.time.Partial,org.pitest.mutationtest.engine.gregor.mutators.NonVoidMethodCallMutator,isMatch,656,SURVIVED,none
Partial.java,org.joda.time.Partial,org.pitest.mutationtest.engine.gregor.mutators.NonVoidMethodCallMutator,isMatch,658,NO_COVERAGE,none
Partial.java,org.joda.time.Partial,org.pitest.mutationtest.engine.gregor.mutators.NonVoidMethodCallMutator,isMatch,658,NO_COVERAGE,none
Partial.java,org.joda.time.Partial,org.pitest.mutationtest.engine.gregor.mutators.RemoveConditionalMutator_EQUAL_ELSE,isMatch,659,NO_COVERAGE,none
Partial.java,org.joda.time.Partial,org.pitest.mutationtest.engine.gregor.mutators.RemoveConditionalMutator_EQUAL_IF,isMatch,659,NO_COVERAGE,none
Partial.java,org.joda.time.Partial,org.pitest.mutationtest.engine.gregor.mutators.RemoveConditionalMutator_ORDER_ELSE,isMatch,657,SURVIVED,none
Partial.java,org.joda.time.Partial,org.pitest.mutationtest.engine.gregor.mutators.RemoveConditionalMutator_ORDER_IF,isMatch,657,KILLED,RegressionTest1.test0972(RegressionTest1)
Partial.java,org.joda.time.Partial,org.pitest.mutationtest.engine.gregor.mutators.ReturnValsMutator,isMatch,660,NO_COVERAGE,none
Partial.java,org.joda.time.Partial,org.pitest.mutationtest.engine.gregor.mutators.ReturnValsMutator,isMatch,663,KILLED,RegressionTest1.test0972(RegressionTest1)
Partial.java,org.joda.time.Partial,org.pitest.mutationtest.engine.gregor.mutators.BooleanFalseReturnValsMutator,isMatch,688,KILLED,RegressionTest3.test1524(RegressionTest3)
Partial.java,org.joda.time.Partial,org.pitest.mutationtest.engine.gregor.mutators.BooleanTrueReturnValsMutator,isMatch,685,NO_COVERAGE,none
Partial.java,org.joda.time.Partial,org.pitest.mutationtest.engine.gregor.mutators.ConditionalsBoundaryMutator,isMatch,682,KILLED,RegressionTest3.test1524(RegressionTest3)
Partial.java,org.joda.time.Partial,org.pitest.mutationtest.engine.gregor.mutators.ConstructorCallMutator,isMatch,680,NO_COVERAGE,none
Partial.java,org.joda.time.Partial,org.pitest.mutationtest.engine.gregor.mutators.IncrementsMutator,isMatch,682,SURVIVED,none
Partial.java,org.joda.time.Partial,org.pitest.mutationtest.engine.gregor.mutators.InlineConstantMutator,isMatch,682,SURVIVED,none
Partial.java,org.joda.time.Partial,org.pitest.mutationtest.engine.gregor.mutators.InlineConstantMutator,isMatch,685,NO_COVERAGE,none
Partial.java,org.joda.time.Partial,org.pitest.mutationtest.engine.gregor.mutators.InlineConstantMutator,isMatch,688,KILLED,RegressionTest3.test1524(RegressionTest3)
Partial.java,org.joda.time.Partial,org.pitest.mutationtest.engine.gregor.mutators.NegateConditionalsMutator,isMatch,679,KILLED,RegressionTest3.test1524(RegressionTest3)
Partial.java,org.joda.time.Partial,org.pitest.mutationtest.engine.gregor.mutators.NegateConditionalsMutator,isMatch,682,KILLED,RegressionTest3.test1524(RegressionTest3)
Partial.java,org.joda.time.Partial,org.pitest.mutationtest.engine.gregor.mutators.NegateConditionalsMutator,isMatch,684,NO_COVERAGE,none
Partial.java,org.joda.time.Partial,org.pitest.mutationtest.engine.gregor.mutators.NonVoidMethodCallMutator,isMatch,683,NO_COVERAGE,none
Partial.java,org.joda.time.Partial,org.pitest.mutationtest.engine.gregor.mutators.RemoveConditionalMutator_EQUAL_ELSE,isMatch,679,SURVIVED,none
Partial.java,org.joda.time.Partial,org.pitest.mutationtest.engine.gregor.mutators.RemoveConditionalMutator_EQUAL_ELSE,isMatch,684,NO_COVERAGE,none
Partial.java,org.joda.time.Partial,org.pitest.mutationtest.engine.gregor.mutators.RemoveConditionalMutator_EQUAL_IF,isMatch,679,KILLED,RegressionTest3.test1524(RegressionTest3)
Partial.java,org.joda.time.Partial,org.pitest.mutationtest.engine.gregor.mutators.RemoveConditionalMutator_EQUAL_IF,isMatch,684,NO_COVERAGE,none
Partial.java,org.joda.time.Partial,org.pitest.mutationtest.engine.gregor.mutators.RemoveConditionalMutator_ORDER_ELSE,isMatch,682,SURVIVED,none
Partial.java,org.joda.time.Partial,org.pitest.mutationtest.engine.gregor.mutators.RemoveConditionalMutator_ORDER_IF,isMatch,682,KILLED,RegressionTest3.test1524(RegressionTest3)
Partial.java,org.joda.time.Partial,org.pitest.mutationtest.engine.gregor.mutators.ReturnValsMutator,isMatch,685,NO_COVERAGE,none
Partial.java,org.joda.time.Partial,org.pitest.mutationtest.engine.gregor.mutators.ReturnValsMutator,isMatch,688,KILLED,RegressionTest3.test1524(RegressionTest3)
Partial.java,org.joda.time.Partial,org.pitest.mutationtest.engine.gregor.mutators.InlineConstantMutator,minus,626,SURVIVED,none
Partial.java,org.joda.time.Partial,org.pitest.mutationtest.engine.gregor.mutators.NonVoidMethodCallMutator,minus,626,KILLED,RegressionTest3.test1679(RegressionTest3)
Partial.java,org.joda.time.Partial,org.pitest.mutationtest.engine.gregor.mutators.NullReturnValsMutator,minus,626,KILLED,RegressionTest3.test1679(RegressionTest3)
Partial.java,org.joda.time.Partial,org.pitest.mutationtest.engine.gregor.mutators.ReturnValsMutator,minus,626,KILLED,RegressionTest3.test1679(RegressionTest3)
Partial.java,org.joda.time.Partial,org.pitest.mutationtest.engine.gregor.mutators.experimental.NakedReceiverMutator,minus,626,SURVIVED,none
Partial.java,org.joda.time.Partial,org.pitest.mutationtest.engine.gregor.mutators.InlineConstantMutator,plus,613,SURVIVED,none
Partial.java,org.joda.time.Partial,org.pitest.mutationtest.engine.gregor.mutators.NonVoidMethodCallMutator,plus,613,KILLED,RegressionTest3.test1620(RegressionTest3)
Partial.java,org.joda.time.Partial,org.pitest.mutationtest.engine.gregor.mutators.NullReturnValsMutator,plus,613,KILLED,RegressionTest3.test1620(RegressionTest3)
Partial.java,org.joda.time.Partial,org.pitest.mutationtest.engine.gregor.mutators.ReturnValsMutator,plus,613,KILLED,RegressionTest3.test1620(RegressionTest3)
Partial.java,org.joda.time.Partial,org.pitest.mutationtest.engine.gregor.mutators.experimental.NakedReceiverMutator,plus,613,SURVIVED,none
Partial.java,org.joda.time.Partial,org.pitest.mutationtest.engine.gregor.mutators.ConstructorCallMutator,property,641,SURVIVED,none
Partial.java,org.joda.time.Partial,org.pitest.mutationtest.engine.gregor.mutators.NonVoidMethodCallMutator,property,641,KILLED,RegressionTest3.test1613(RegressionTest3)
Partial.java,org.joda.time.Partial,org.pitest.mutationtest.engine.gregor.mutators.NullReturnValsMutator,property,641,SURVIVED,none
Partial.java,org.joda.time.Partial,org.pitest.mutationtest.engine.gregor.mutators.ReturnValsMutator,property,641,SURVIVED,none
Partial.java,org.joda.time.Partial,org.pitest.mutationtest.engine.gregor.mutators.PrimitiveReturnsMutator,size,309,SURVIVED,none
Partial.java,org.joda.time.Partial,org.pitest.mutationtest.engine.gregor.mutators.ReturnValsMutator,size,309,KILLED,RegressionTest3.test1517(RegressionTest3)
Partial.java,org.joda.time.Partial,org.pitest.mutationtest.engine.gregor.mutators.EmptyObjectReturnValsMutator,toString,742,KILLED,RegressionTest3.test1641(RegressionTest3)
Partial.java,org.joda.time.Partial,org.pitest.mutationtest.engine.gregor.mutators.EmptyObjectReturnValsMutator,toString,747,NO_COVERAGE,none
Partial.java,org.joda.time.Partial,org.pitest.mutationtest.engine.gregor.mutators.EmptyObjectReturnValsMutator,toString,749,NO_COVERAGE,none
Partial.java,org.joda.time.Partial,org.pitest.mutationtest.engine.gregor.mutators.InlineConstantMutator,toString,745,NO_COVERAGE,none
Partial.java,org.joda.time.Partial,org.pitest.mutationtest.engine.gregor.mutators.NegateConditionalsMutator,toString,738,KILLED,RegressionTest3.test1641(RegressionTest3)
Partial.java,org.joda.time.Partial,org.pitest.mutationtest.engine.gregor.mutators.NegateConditionalsMutator,toString,741,KILLED,RegressionTest3.test1641(RegressionTest3)
Partial.java,org.joda.time.Partial,org.pitest.mutationtest.engine.gregor.mutators.NegateConditionalsMutator,toString,746,NO_COVERAGE,none
Partial.java,org.joda.time.Partial,org.pitest.mutationtest.engine.gregor.mutators.NonVoidMethodCallMutator,toString,739,SURVIVED,none
Partial.java,org.joda.time.Partial,org.pitest.mutationtest.engine.gregor.mutators.NonVoidMethodCallMutator,toString,742,KILLED,RegressionTest3.test1641(RegressionTest3)
Partial.java,org.joda.time.Partial,org.pitest.mutationtest.engine.gregor.mutators.NonVoidMethodCallMutator,toString,747,NO_COVERAGE,none
Partial.java,org.joda.time.Partial,org.pitest.mutationtest.engine.gregor.mutators.NonVoidMethodCallMutator,toString,749,NO_COVERAGE,none
Partial.java,org.joda.time.Partial,org.pitest.mutationtest.engine.gregor.mutators.RemoveConditionalMutator_EQUAL_ELSE,toString,738,KILLED,RegressionTest3.test1641(RegressionTest3)
Partial.java,org.joda.time.Partial,org.pitest.mutationtest.engine.gregor.mutators.RemoveConditionalMutator_EQUAL_ELSE,toString,741,KILLED,RegressionTest3.test1641(RegressionTest3)
Partial.java,org.joda.time.Partial,org.pitest.mutationtest.engine.gregor.mutators.RemoveConditionalMutator_EQUAL_ELSE,toString,746,NO_COVERAGE,none
Partial.java,org.joda.time.Partial,org.pitest.mutationtest.engine.gregor.mutators.RemoveConditionalMutator_EQUAL_IF,toString,738,SURVIVED,none
Partial.java,org.joda.time.Partial,org.pitest.mutationtest.engine.gregor.mutators.RemoveConditionalMutator_EQUAL_IF,toString,741,SURVIVED,none
Partial.java,org.joda.time.Partial,org.pitest.mutationtest.engine.gregor.mutators.RemoveConditionalMutator_EQUAL_IF,toString,746,NO_COVERAGE,none
Partial.java,org.joda.time.Partial,org.pitest.mutationtest.engine.gregor.mutators.ReturnValsMutator,toString,742,KILLED,RegressionTest3.test1641(RegressionTest3)
Partial.java,org.joda.time.Partial,org.pitest.mutationtest.engine.gregor.mutators.ReturnValsMutator,toString,747,NO_COVERAGE,none
Partial.java,org.joda.time.Partial,org.pitest.mutationtest.engine.gregor.mutators.ReturnValsMutator,toString,749,NO_COVERAGE,none
Partial.java,org.joda.time.Partial,org.pitest.mutationtest.engine.gregor.mutators.EmptyObjectReturnValsMutator,toString,786,NO_COVERAGE,none
Partial.java,org.joda.time.Partial,org.pitest.mutationtest.engine.gregor.mutators.EmptyObjectReturnValsMutator,toString,788,KILLED,RegressionTest3.test1581(RegressionTest3)
Partial.java,org.joda.time.Partial,org.pitest.mutationtest.engine.gregor.mutators.NegateConditionalsMutator,toString,785,KILLED,RegressionTest3.test1653(RegressionTest3)
Partial.java,org.joda.time.Partial,org.pitest.mutationtest.engine.gregor.mutators.NonVoidMethodCallMutator,toString,786,NO_COVERAGE,none
Partial.java,org.joda.time.Partial,org.pitest.mutationtest.engine.gregor.mutators.NonVoidMethodCallMutator,toString,788,KILLED,RegressionTest3.test1581(RegressionTest3)
Partial.java,org.joda.time.Partial,org.pitest.mutationtest.engine.gregor.mutators.NonVoidMethodCallMutator,toString,788,KILLED,RegressionTest3.test1581(RegressionTest3)
Partial.java,org.joda.time.Partial,org.pitest.mutationtest.engine.gregor.mutators.RemoveConditionalMutator_EQUAL_ELSE,toString,785,SURVIVED,none
Partial.java,org.joda.time.Partial,org.pitest.mutationtest.engine.gregor.mutators.RemoveConditionalMutator_EQUAL_IF,toString,785,KILLED,RegressionTest3.test1653(RegressionTest3)
Partial.java,org.joda.time.Partial,org.pitest.mutationtest.engine.gregor.mutators.ReturnValsMutator,toString,786,NO_COVERAGE,none
Partial.java,org.joda.time.Partial,org.pitest.mutationtest.engine.gregor.mutators.ReturnValsMutator,toString,788,KILLED,RegressionTest3.test1581(RegressionTest3)
Partial.java,org.joda.time.Partial,org.pitest.mutationtest.engine.gregor.mutators.EmptyObjectReturnValsMutator,toString,801,NO_COVERAGE,none
Partial.java,org.joda.time.Partial,org.pitest.mutationtest.engine.gregor.mutators.EmptyObjectReturnValsMutator,toString,803,KILLED,RegressionTest3.test1524(RegressionTest3)
Partial.java,org.joda.time.Partial,org.pitest.mutationtest.engine.gregor.mutators.NegateConditionalsMutator,toString,800,KILLED,RegressionTest3.test1596(RegressionTest3)
Partial.java,org.joda.time.Partial,org.pitest.mutationtest.engine.gregor.mutators.NonVoidMethodCallMutator,toString,801,NO_COVERAGE,none
Partial.java,org.joda.time.Partial,org.pitest.mutationtest.engine.gregor.mutators.NonVoidMethodCallMutator,toString,803,KILLED,RegressionTest3.test1524(RegressionTest3)
Partial.java,org.joda.time.Partial,org.pitest.mutationtest.engine.gregor.mutators.NonVoidMethodCallMutator,toString,803,KILLED,RegressionTest3.test1524(RegressionTest3)
Partial.java,org.joda.time.Partial,org.pitest.mutationtest.engine.gregor.mutators.NonVoidMethodCallMutator,toString,803,KILLED,RegressionTest3.test1524(RegressionTest3)
Partial.java,org.joda.time.Partial,org.pitest.mutationtest.engine.gregor.mutators.RemoveConditionalMutator_EQUAL_ELSE,toString,800,SURVIVED,none
Partial.java,org.joda.time.Partial,org.pitest.mutationtest.engine.gregor.mutators.RemoveConditionalMutator_EQUAL_IF,toString,800,KILLED,RegressionTest3.test1596(RegressionTest3)
Partial.java,org.joda.time.Partial,org.pitest.mutationtest.engine.gregor.mutators.ReturnValsMutator,toString,801,NO_COVERAGE,none
Partial.java,org.joda.time.Partial,org.pitest.mutationtest.engine.gregor.mutators.ReturnValsMutator,toString,803,KILLED,RegressionTest3.test1524(RegressionTest3)
Partial.java,org.joda.time.Partial,org.pitest.mutationtest.engine.gregor.mutators.experimental.NakedReceiverMutator,toString,803,SURVIVED,none
Partial.java,org.joda.time.Partial,org.pitest.mutationtest.engine.gregor.mutators.ConditionalsBoundaryMutator,toStringList,765,KILLED,RegressionTest3.test1641(RegressionTest3)
Partial.java,org.joda.time.Partial,org.pitest.mutationtest.engine.gregor.mutators.ConditionalsBoundaryMutator,toStringList,766,NO_COVERAGE,none
Partial.java,org.joda.time.Partial,org.pitest.mutationtest.engine.gregor.mutators.ConstructorCallMutator,toStringList,763,KILLED,RegressionTest3.test1641(RegressionTest3)
Partial.java,org.joda.time.Partial,org.pitest.mutationtest.engine.gregor.mutators.EmptyObjectReturnValsMutator,toStringList,774,KILLED,RegressionTest3.test1641(RegressionTest3)
Partial.java,org.joda.time.Partial,org.pitest.mutationtest.engine.gregor.mutators.IncrementsMutator,toStringList,765,SURVIVED,none
Partial.java,org.joda.time.Partial,org.pitest.mutationtest.engine.gregor.mutators.InlineConstantMutator,toStringList,763,SURVIVED,none
Partial.java,org.joda.time.Partial,org.pitest.mutationtest.engine.gregor.mutators.InlineConstantMutator,toStringList,764,KILLED,RegressionTest3.test1641(RegressionTest3)
Partial.java,org.joda.time.Partial,org.pitest.mutationtest.engine.gregor.mutators.InlineConstantMutator,toStringList,765,SURVIVED,none
Partial.java,org.joda.time.Partial,org.pitest.mutationtest.engine.gregor.mutators.InlineConstantMutator,toStringList,767,NO_COVERAGE,none
Partial.java,org.joda.time.Partial,org.pitest.mutationtest.engine.gregor.mutators.InlineConstantMutator,toStringList,767,NO_COVERAGE,none
Partial.java,org.joda.time.Partial,org.pitest.mutationtest.engine.gregor.mutators.InlineConstantMutator,toStringList,770,NO_COVERAGE,none
Partial.java,org.joda.time.Partial,org.pitest.mutationtest.engine.gregor.mutators.InlineConstantMutator,toStringList,773,KILLED,RegressionTest3.test1641(RegressionTest3)
Partial.java,org.joda.time.Partial,org.pitest.mutationtest.engine.gregor.mutators.MathMutator,toStringList,763,KILLED,RegressionTest3.test1641(RegressionTest3)
Partial.java,org.joda.time.Partial,org.pitest.mutationtest.engine.gregor.mutators.NegateConditionalsMutator,toStringList,765,KILLED,RegressionTest3.test1641(RegressionTest3)
Partial.java,org.joda.time.Partial,org.pitest.mutationtest.engine.gregor.mutators.NegateConditionalsMutator,toStringList,766,NO_COVERAGE,none
Partial.java,org.joda.time.Partial,org.pitest.mutationtest.engine.gregor.mutators.NonVoidMethodCallMutator,toStringList,762,SURVIVED,none
Partial.java,org.joda.time.Partial,org.pitest.mutationtest.engine.gregor.mutators.NonVoidMethodCallMutator,toStringList,764,KILLED,RegressionTest3.test1641(RegressionTest3)
Partial.java,org.joda.time.Partial,org.pitest.mutationtest.engine.gregor.mutators.NonVoidMethodCallMutator,toStringList,767,NO_COVERAGE,none
Partial.java,org.joda.time.Partial,org.pitest.mutationtest.engine.gregor.mutators.NonVoidMethodCallMutator,toStringList,767,NO_COVERAGE,none
Partial.java,org.joda.time.Partial,org.pitest.mutationtest.engine.gregor.mutators.NonVoidMethodCallMutator,toStringList,769,NO_COVERAGE,none
Partial.java,org.joda.time.Partial,org.pitest.mutationtest.engine.gregor.mutators.NonVoidMethodCallMutator,toStringList,769,NO_COVERAGE,none
Partial.java,org.joda.time.Partial,org.pitest.mutationtest.engine.gregor.mutators.NonVoidMethodCallMutator,toStringList,770,NO_COVERAGE,none
Partial.java,org.joda.time.Partial,org.pitest.mutationtest.engine.gregor.mutators.NonVoidMethodCallMutator,toStringList,771,NO_COVERAGE,none
Partial.java,org.joda.time.Partial,org.pitest.mutationtest.engine.gregor.mutators.NonVoidMethodCallMutator,toStringList,773,KILLED,RegressionTest3.test1641(RegressionTest3)
Partial.java,org.joda.time.Partial,org.pitest.mutationtest.engine.gregor.mutators.NonVoidMethodCallMutator,toStringList,774,KILLED,RegressionTest3.test1641(RegressionTest3)
Partial.java,org.joda.time.Partial,org.pitest.mutationtest.engine.gregor.mutators.RemoveConditionalMutator_ORDER_ELSE,toStringList,765,SURVIVED,none
Partial.java,org.joda.time.Partial,org.pitest.mutationtest.engine.gregor.mutators.RemoveConditionalMutator_ORDER_ELSE,toStringList,766,NO_COVERAGE,none
Partial.java,org.joda.time.Partial,org.pitest.mutationtest.engine.gregor.mutators.RemoveConditionalMutator_ORDER_IF,toStringList,765,KILLED,RegressionTest3.test1641(RegressionTest3)
Partial.java,org.joda.time.Partial,org.pitest.mutationtest.engine.gregor.mutators.RemoveConditionalMutator_ORDER_IF,toStringList,766,NO_COVERAGE,none
Partial.java,org.joda.time.Partial,org.pitest.mutationtest.engine.gregor.mutators.ReturnValsMutator,toStringList,774,KILLED,RegressionTest3.test1641(RegressionTest3)
Partial.java,org.joda.time.Partial,org.pitest.mutationtest.engine.gregor.mutators.experimental.NakedReceiverMutator,toStringList,764,KILLED,RegressionTest3.test1641(RegressionTest3)
Partial.java,org.joda.time.Partial,org.pitest.mutationtest.engine.gregor.mutators.experimental.NakedReceiverMutator,toStringList,767,NO_COVERAGE,none
Partial.java,org.joda.time.Partial,org.pitest.mutationtest.engine.gregor.mutators.experimental.NakedReceiverMutator,toStringList,767,NO_COVERAGE,none
Partial.java,org.joda.time.Partial,org.pitest.mutationtest.engine.gregor.mutators.experimental.NakedReceiverMutator,toStringList,769,NO_COVERAGE,none
Partial.java,org.joda.time.Partial,org.pitest.mutationtest.engine.gregor.mutators.experimental.NakedReceiverMutator,toStringList,770,NO_COVERAGE,none
Partial.java,org.joda.time.Partial,org.pitest.mutationtest.engine.gregor.mutators.experimental.NakedReceiverMutator,toStringList,771,NO_COVERAGE,none
Partial.java,org.joda.time.Partial,org.pitest.mutationtest.engine.gregor.mutators.experimental.NakedReceiverMutator,toStringList,773,KILLED,RegressionTest3.test1641(RegressionTest3)
Partial.java,org.joda.time.Partial,org.pitest.mutationtest.engine.gregor.mutators.ArgumentPropagationMutator,with,467,NO_COVERAGE,none
Partial.java,org.joda.time.Partial,org.pitest.mutationtest.engine.gregor.mutators.ArgumentPropagationMutator,with,471,NO_COVERAGE,none
Partial.java,org.joda.time.Partial,org.pitest.mutationtest.engine.gregor.mutators.ConditionalsBoundaryMutator,with,439,NO_COVERAGE,none
Partial.java,org.joda.time.Partial,org.pitest.mutationtest.engine.gregor.mutators.ConditionalsBoundaryMutator,with,444,NO_COVERAGE,none
Partial.java,org.joda.time.Partial,org.pitest.mutationtest.engine.gregor.mutators.ConditionalsBoundaryMutator,with,449,NO_COVERAGE,none
Partial.java,org.joda.time.Partial,org.pitest.mutationtest.engine.gregor.mutators.ConstructorCallMutator,with,428,KILLED,RegressionTest2.test1269(RegressionTest2)
Partial.java,org.joda.time.Partial,org.pitest.mutationtest.engine.gregor.mutators.ConstructorCallMutator,with,463,NO_COVERAGE,none
Partial.java,org.joda.time.Partial,org.pitest.mutationtest.engine.gregor.mutators.ConstructorCallMutator,with,472,NO_COVERAGE,none
Partial.java,org.joda.time.Partial,org.pitest.mutationtest.engine.gregor.mutators.IncrementsMutator,with,439,NO_COVERAGE,none
Partial.java,org.joda.time.Partial,org.pitest.mutationtest.engine.gregor.mutators.InlineConstantMutator,with,431,NO_COVERAGE,none
Partial.java,org.joda.time.Partial,org.pitest.mutationtest.engine.gregor.mutators.InlineConstantMutator,with,432,NO_COVERAGE,none
Partial.java,org.joda.time.Partial,org.pitest.mutationtest.engine.gregor.mutators.InlineConstantMutator,with,436,NO_COVERAGE,none
Partial.java,org.joda.time.Partial,org.pitest.mutationtest.engine.gregor.mutators.InlineConstantMutator,with,456,NO_COVERAGE,none
Partial.java,org.joda.time.Partial,org.pitest.mutationtest.engine.gregor.mutators.InlineConstantMutator,with,456,NO_COVERAGE,none
Partial.java,org.joda.time.Partial,org.pitest.mutationtest.engine.gregor.mutators.InlineConstantMutator,with,457,NO_COVERAGE,none
Partial.java,org.joda.time.Partial,org.pitest.mutationtest.engine.gregor.mutators.InlineConstantMutator,with,457,NO_COVERAGE,none
Partial.java,org.joda.time.Partial,org.pitest.mutationtest.engine.gregor.mutators.InlineConstantMutator,with,460,NO_COVERAGE,none
Partial.java,org.joda.time.Partial,org.pitest.mutationtest.engine.gregor.mutators.InlineConstantMutator,with,460,NO_COVERAGE,none
Partial.java,org.joda.time.Partial,org.pitest.mutationtest.engine.gregor.mutators.InlineConstantMutator,with,461,NO_COVERAGE,none
Partial.java,org.joda.time.Partial,org.pitest.mutationtest.engine.gregor.mutators.InlineConstantMutator,with,461,NO_COVERAGE,none
Partial.java,org.joda.time.Partial,org.pitest.mutationtest.engine.gregor.mutators.MathMutator,with,432,NO_COVERAGE,none
Partial.java,org.joda.time.Partial,org.pitest.mutationtest.engine.gregor.mutators.MathMutator,with,460,NO_COVERAGE,none
Partial.java,org.joda.time.Partial,org.pitest.mutationtest.engine.gregor.mutators.MathMutator,with,460,NO_COVERAGE,none
Partial.java,org.joda.time.Partial,org.pitest.mutationtest.engine.gregor.mutators.MathMutator,with,460,NO_COVERAGE,none
Partial.java,org.joda.time.Partial,org.pitest.mutationtest.engine.gregor.mutators.MathMutator,with,461,NO_COVERAGE,none
Partial.java,org.joda.time.Partial,org.pitest.mutationtest.engine.gregor.mutators.MathMutator,with,461,NO_COVERAGE,none
Partial.java,org.joda.time.Partial,org.pitest.mutationtest.engine.gregor.mutators.MathMutator,with,461,NO_COVERAGE,none
Partial.java,org.joda.time.Partial,org.pitest.mutationtest.engine.gregor.mutators.NegateConditionalsMutator,with,427,KILLED,RegressionTest2.test1269(RegressionTest2)
Partial.java,org.joda.time.Partial,org.pitest.mutationtest.engine.gregor.mutators.NegateConditionalsMutator,with,431,NO_COVERAGE,none
Partial.java,org.joda.time.Partial,org.pitest.mutationtest.engine.gregor.mutators.NegateConditionalsMutator,with,438,NO_COVERAGE,none
Partial.java,org.joda.time.Partial,org.pitest.mutationtest.engine.gregor.mutators.NegateConditionalsMutator,with,439,NO_COVERAGE,none
Partial.java,org.joda.time.Partial,org.pitest.mutationtest.engine.gregor.mutators.NegateConditionalsMutator,with,442,NO_COVERAGE,none
Partial.java,org.joda.time.Partial,org.pitest.mutationtest.engine.gregor.mutators.NegateConditionalsMutator,with,444,NO_COVERAGE,none
Partial.java,org.joda.time.Partial,org.pitest.mutationtest.engine.gregor.mutators.NegateConditionalsMutator,with,446,NO_COVERAGE,none
Partial.java,org.joda.time.Partial,org.pitest.mutationtest.engine.gregor.mutators.NegateConditionalsMutator,with,449,NO_COVERAGE,none
Partial.java,org.joda.time.Partial,org.pitest.mutationtest.engine.gregor.mutators.NegateConditionalsMutator,with,467,NO_COVERAGE,none
Partial.java,org.joda.time.Partial,org.pitest.mutationtest.engine.gregor.mutators.NonVoidMethodCallMutator,with,430,NO_COVERAGE,none
Partial.java,org.joda.time.Partial,org.pitest.mutationtest.engine.gregor.mutators.NonVoidMethodCallMutator,with,437,NO_COVERAGE,none
Partial.java,org.joda.time.Partial,org.pitest.mutationtest.engine.gregor.mutators.NonVoidMethodCallMutator,with,437,NO_COVERAGE,none
Partial.java,org.joda.time.Partial,org.pitest.mutationtest.engine.gregor.mutators.NonVoidMethodCallMutator,with,438,NO_COVERAGE,none
Partial.java,org.joda.time.Partial,org.pitest.mutationtest.engine.gregor.mutators.NonVoidMethodCallMutator,with,441,NO_COVERAGE,none
Partial.java,org.joda.time.Partial,org.pitest.mutationtest.engine.gregor.mutators.NonVoidMethodCallMutator,with,441,NO_COVERAGE,none
Partial.java,org.joda.time.Partial,org.pitest.mutationtest.engine.gregor.mutators.NonVoidMethodCallMutator,with,442,NO_COVERAGE,none
Partial.java,org.joda.time.Partial,org.pitest.mutationtest.engine.gregor.mutators.NonVoidMethodCallMutator,with,443,NO_COVERAGE,none
Partial.java,org.joda.time.Partial,org.pitest.mutationtest.engine.gregor.mutators.NonVoidMethodCallMutator,with,447,NO_COVERAGE,none
Partial.java,org.joda.time.Partial,org.pitest.mutationtest.engine.gregor.mutators.NonVoidMethodCallMutator,with,447,NO_COVERAGE,none
Partial.java,org.joda.time.Partial,org.pitest.mutationtest.engine.gregor.mutators.NonVoidMethodCallMutator,with,448,NO_COVERAGE,none
Partial.java,org.joda.time.Partial,org.pitest.mutationtest.engine.gregor.mutators.NonVoidMethodCallMutator,with,448,NO_COVERAGE,none
Partial.java,org.joda.time.Partial,org.pitest.mutationtest.engine.gregor.mutators.NonVoidMethodCallMutator,with,449,NO_COVERAGE,none
Partial.java,org.joda.time.Partial,org.pitest.mutationtest.engine.gregor.mutators.NonVoidMethodCallMutator,with,467,NO_COVERAGE,none
Partial.java,org.joda.time.Partial,org.pitest.mutationtest.engine.gregor.mutators.NonVoidMethodCallMutator,with,470,NO_COVERAGE,none
Partial.java,org.joda.time.Partial,org.pitest.mutationtest.engine.gregor.mutators.NonVoidMethodCallMutator,with,471,NO_COVERAGE,none
Partial.java,org.joda.time.Partial,org.pitest.mutationtest.engine.gregor.mutators.NonVoidMethodCallMutator,with,471,NO_COVERAGE,none
Partial.java,org.joda.time.Partial,org.pitest.mutationtest.engine.gregor.mutators.NullReturnValsMutator,with,465,NO_COVERAGE,none
Partial.java,org.joda.time.Partial,org.pitest.mutationtest.engine.gregor.mutators.NullReturnValsMutator,with,468,NO_COVERAGE,none
Partial.java,org.joda.time.Partial,org.pitest.mutationtest.engine.gregor.mutators.NullReturnValsMutator,with,472,NO_COVERAGE,none
Partial.java,org.joda.time.Partial,org.pitest.mutationtest.engine.gregor.mutators.RemoveConditionalMutator_EQUAL_ELSE,with,427,KILLED,RegressionTest2.test1269(RegressionTest2)
Partial.java,org.joda.time.Partial,org.pitest.mutationtest.engine.gregor.mutators.RemoveConditionalMutator_EQUAL_ELSE,with,431,NO_COVERAGE,none
Partial.java,org.joda.time.Partial,org.pitest.mutationtest.engine.gregor.mutators.RemoveConditionalMutator_EQUAL_ELSE,with,438,NO_COVERAGE,none
Partial.java,org.joda.time.Partial,org.pitest.mutationtest.engine.gregor.mutators.RemoveConditionalMutator_EQUAL_ELSE,with,442,NO_COVERAGE,none
Partial.java,org.joda.time.Partial,org.pitest.mutationtest.engine.gregor.mutators.RemoveConditionalMutator_EQUAL_ELSE,with,446,NO_COVERAGE,none
Partial.java,org.joda.time.Partial,org.pitest.mutationtest.engine.gregor.mutators.RemoveConditionalMutator_EQUAL_ELSE,with,467,NO_COVERAGE,none
Partial.java,org.joda.time.Partial,org.pitest.mutationtest.engine.gregor.mutators.RemoveConditionalMutator_EQUAL_IF,with,427,SURVIVED,none
Partial.java,org.joda.time.Partial,org.pitest.mutationtest.engine.gregor.mutators.RemoveConditionalMutator_EQUAL_IF,with,431,NO_COVERAGE,none
Partial.java,org.joda.time.Partial,org.pitest.mutationtest.engine.gregor.mutators.RemoveConditionalMutator_EQUAL_IF,with,438,NO_COVERAGE,none
Partial.java,org.joda.time.Partial,org.pitest.mutationtest.engine.gregor.mutators.RemoveConditionalMutator_EQUAL_IF,with,442,NO_COVERAGE,none
Partial.java,org.joda.time.Partial,org.pitest.mutationtest.engine.gregor.mutators.RemoveConditionalMutator_EQUAL_IF,with,446,NO_COVERAGE,none
Partial.java,org.joda.time.Partial,org.pitest.mutationtest.engine.gregor.mutators.RemoveConditionalMutator_EQUAL_IF,with,467,NO_COVERAGE,none
Partial.java,org.joda.time.Partial,org.pitest.mutationtest.engine.gregor.mutators.RemoveConditionalMutator_ORDER_ELSE,with,439,NO_COVERAGE,none
Partial.java,org.joda.time.Partial,org.pitest.mutationtest.engine.gregor.mutators.RemoveConditionalMutator_ORDER_ELSE,with,444,NO_COVERAGE,none
Partial.java,org.joda.time.Partial,org.pitest.mutationtest.engine.gregor.mutators.RemoveConditionalMutator_ORDER_ELSE,with,449,NO_COVERAGE,none
Partial.java,org.joda.time.Partial,org.pitest.mutationtest.engine.gregor.mutators.RemoveConditionalMutator_ORDER_IF,with,439,NO_COVERAGE,none
Partial.java,org.joda.time.Partial,org.pitest.mutationtest.engine.gregor.mutators.RemoveConditionalMutator_ORDER_IF,with,444,NO_COVERAGE,none
Partial.java,org.joda.time.Partial,org.pitest.mutationtest.engine.gregor.mutators.RemoveConditionalMutator_ORDER_IF,with,449,NO_COVERAGE,none
Partial.java,org.joda.time.Partial,org.pitest.mutationtest.engine.gregor.mutators.ReturnValsMutator,with,465,NO_COVERAGE,none
Partial.java,org.joda.time.Partial,org.pitest.mutationtest.engine.gregor.mutators.ReturnValsMutator,with,468,NO_COVERAGE,none
Partial.java,org.joda.time.Partial,org.pitest.mutationtest.engine.gregor.mutators.ReturnValsMutator,with,472,NO_COVERAGE,none
Partial.java,org.joda.time.Partial,org.pitest.mutationtest.engine.gregor.mutators.VoidMethodCallMutator,with,456,NO_COVERAGE,none
Partial.java,org.joda.time.Partial,org.pitest.mutationtest.engine.gregor.mutators.VoidMethodCallMutator,with,457,NO_COVERAGE,none
Partial.java,org.joda.time.Partial,org.pitest.mutationtest.engine.gregor.mutators.VoidMethodCallMutator,with,460,NO_COVERAGE,none
Partial.java,org.joda.time.Partial,org.pitest.mutationtest.engine.gregor.mutators.VoidMethodCallMutator,with,461,NO_COVERAGE,none
Partial.java,org.joda.time.Partial,org.pitest.mutationtest.engine.gregor.mutators.VoidMethodCallMutator,with,464,NO_COVERAGE,none
Partial.java,org.joda.time.Partial,org.pitest.mutationtest.engine.gregor.mutators.experimental.RemoveIncrementsMutator,with,439,NO_COVERAGE,none
Partial.java,org.joda.time.Partial,org.pitest.mutationtest.engine.gregor.mutators.ArgumentPropagationMutator,withChronologyRetainFields,400,KILLED,RegressionTest3.test1517(RegressionTest3)
Partial.java,org.joda.time.Partial,org.pitest.mutationtest.engine.gregor.mutators.ConstructorCallMutator,withChronologyRetainFields,405,NO_COVERAGE,none
Partial.java,org.joda.time.Partial,org.pitest.mutationtest.engine.gregor.mutators.NegateConditionalsMutator,withChronologyRetainFields,402,SURVIVED,none
Partial.java,org.joda.time.Partial,org.pitest.mutationtest.engine.gregor.mutators.NonVoidMethodCallMutator,withChronologyRetainFields,400,KILLED,RegressionTest3.test1517(RegressionTest3)
Partial.java,org.joda.time.Partial,org.pitest.mutationtest.engine.gregor.mutators.NonVoidMethodCallMutator,withChronologyRetainFields,401,KILLED,RegressionTest3.test1517(RegressionTest3)
Partial.java,org.joda.time.Partial,org.pitest.mutationtest.engine.gregor.mutators.NonVoidMethodCallMutator,withChronologyRetainFields,402,SURVIVED,none
Partial.java,org.joda.time.Partial,org.pitest.mutationtest.engine.gregor.mutators.NullReturnValsMutator,withChronologyRetainFields,403,KILLED,RegressionTest3.test1517(RegressionTest3)
Partial.java,org.joda.time.Partial,org.pitest.mutationtest.engine.gregor.mutators.NullReturnValsMutator,withChronologyRetainFields,407,NO_COVERAGE,none
Partial.java,org.joda.time.Partial,org.pitest.mutationtest.engine.gregor.mutators.RemoveConditionalMutator_EQUAL_ELSE,withChronologyRetainFields,402,SURVIVED,none
Partial.java,org.joda.time.Partial,org.pitest.mutationtest.engine.gregor.mutators.RemoveConditionalMutator_EQUAL_IF,withChronologyRetainFields,402,SURVIVED,none
Partial.java,org.joda.time.Partial,org.pitest.mutationtest.engine.gregor.mutators.ReturnValsMutator,withChronologyRetainFields,403,KILLED,RegressionTest3.test1517(RegressionTest3)
Partial.java,org.joda.time.Partial,org.pitest.mutationtest.engine.gregor.mutators.ReturnValsMutator,withChronologyRetainFields,407,NO_COVERAGE,none
Partial.java,org.joda.time.Partial,org.pitest.mutationtest.engine.gregor.mutators.VoidMethodCallMutator,withChronologyRetainFields,406,NO_COVERAGE,none
Partial.java,org.joda.time.Partial,org.pitest.mutationtest.engine.gregor.mutators.experimental.NakedReceiverMutator,withChronologyRetainFields,401,KILLED,RegressionTest3.test1744(RegressionTest3)
Partial.java,org.joda.time.Partial,org.pitest.mutationtest.engine.gregor.mutators.ArgumentPropagationMutator,withField,516,SURVIVED,none
Partial.java,org.joda.time.Partial,org.pitest.mutationtest.engine.gregor.mutators.ArgumentPropagationMutator,withField,520,NO_COVERAGE,none
Partial.java,org.joda.time.Partial,org.pitest.mutationtest.engine.gregor.mutators.ConstructorCallMutator,withField,521,NO_COVERAGE,none
Partial.java,org.joda.time.Partial,org.pitest.mutationtest.engine.gregor.mutators.NegateConditionalsMutator,withField,516,SURVIVED,none
Partial.java,org.joda.time.Partial,org.pitest.mutationtest.engine.gregor.mutators.NonVoidMethodCallMutator,withField,515,KILLED,RegressionTest3.test1642(RegressionTest3)
Partial.java,org.joda.time.Partial,org.pitest.mutationtest.engine.gregor.mutators.NonVoidMethodCallMutator,withField,516,SURVIVED,none
Partial.java,org.joda.time.Partial,org.pitest.mutationtest.engine.gregor.mutators.NonVoidMethodCallMutator,withField,519,NO_COVERAGE,none
Partial.java,org.joda.time.Partial,org.pitest.mutationtest.engine.gregor.mutators.NonVoidMethodCallMutator,withField,520,NO_COVERAGE,none
Partial.java,org.joda.time.Partial,org.pitest.mutationtest.engine.gregor.mutators.NonVoidMethodCallMutator,withField,520,NO_COVERAGE,none
Partial.java,org.joda.time.Partial,org.pitest.mutationtest.engine.gregor.mutators.NullReturnValsMutator,withField,517,NO_COVERAGE,none
Partial.java,org.joda.time.Partial,org.pitest.mutationtest.engine.gregor.mutators.NullReturnValsMutator,withField,521,NO_COVERAGE,none
Partial.java,org.joda.time.Partial,org.pitest.mutationtest.engine.gregor.mutators.RemoveConditionalMutator_EQUAL_ELSE,withField,516,SURVIVED,none
Partial.java,org.joda.time.Partial,org.pitest.mutationtest.engine.gregor.mutators.RemoveConditionalMutator_EQUAL_IF,withField,516,SURVIVED,none
Partial.java,org.joda.time.Partial,org.pitest.mutationtest.engine.gregor.mutators.ReturnValsMutator,withField,517,NO_COVERAGE,none
Partial.java,org.joda.time.Partial,org.pitest.mutationtest.engine.gregor.mutators.ReturnValsMutator,withField,521,NO_COVERAGE,none
Partial.java,org.joda.time.Partial,org.pitest.mutationtest.engine.gregor.mutators.ArgumentPropagationMutator,withFieldAddWrapped,568,NO_COVERAGE,none
Partial.java,org.joda.time.Partial,org.pitest.mutationtest.engine.gregor.mutators.ConstructorCallMutator,withFieldAddWrapped,569,NO_COVERAGE,none
Partial.java,org.joda.time.Partial,org.pitest.mutationtest.engine.gregor.mutators.NegateConditionalsMutator,withFieldAddWrapped,564,SURVIVED,none
Partial.java,org.joda.time.Partial,org.pitest.mutationtest.engine.gregor.mutators.NonVoidMethodCallMutator,withFieldAddWrapped,563,KILLED,RegressionTest3.test1641(RegressionTest3)
Partial.java,org.joda.time.Partial,org.pitest.mutationtest.engine.gregor.mutators.NonVoidMethodCallMutator,withFieldAddWrapped,567,NO_COVERAGE,none
Partial.java,org.joda.time.Partial,org.pitest.mutationtest.engine.gregor.mutators.NonVoidMethodCallMutator,withFieldAddWrapped,568,NO_COVERAGE,none
Partial.java,org.joda.time.Partial,org.pitest.mutationtest.engine.gregor.mutators.NonVoidMethodCallMutator,withFieldAddWrapped,568,NO_COVERAGE,none
Partial.java,org.joda.time.Partial,org.pitest.mutationtest.engine.gregor.mutators.NullReturnValsMutator,withFieldAddWrapped,565,NO_COVERAGE,none
Partial.java,org.joda.time.Partial,org.pitest.mutationtest.engine.gregor.mutators.NullReturnValsMutator,withFieldAddWrapped,569,NO_COVERAGE,none
Partial.java,org.joda.time.Partial,org.pitest.mutationtest.engine.gregor.mutators.RemoveConditionalMutator_EQUAL_ELSE,withFieldAddWrapped,564,SURVIVED,none
Partial.java,org.joda.time.Partial,org.pitest.mutationtest.engine.gregor.mutators.RemoveConditionalMutator_EQUAL_IF,withFieldAddWrapped,564,SURVIVED,none
Partial.java,org.joda.time.Partial,org.pitest.mutationtest.engine.gregor.mutators.ReturnValsMutator,withFieldAddWrapped,565,NO_COVERAGE,none
Partial.java,org.joda.time.Partial,org.pitest.mutationtest.engine.gregor.mutators.ReturnValsMutator,withFieldAddWrapped,569,NO_COVERAGE,none
Partial.java,org.joda.time.Partial,org.pitest.mutationtest.engine.gregor.mutators.ArgumentPropagationMutator,withFieldAdded,544,NO_COVERAGE,none
Partial.java,org.joda.time.Partial,org.pitest.mutationtest.engine.gregor.mutators.ConstructorCallMutator,withFieldAdded,545,NO_COVERAGE,none
Partial.java,org.joda.time.Partial,org.pitest.mutationtest.engine.gregor.mutators.NegateConditionalsMutator,withFieldAdded,540,SURVIVED,none
Partial.java,org.joda.time.Partial,org.pitest.mutationtest.engine.gregor.mutators.NonVoidMethodCallMutator,withFieldAdded,539,KILLED,RegressionTest3.test1513(RegressionTest3)
Partial.java,org.joda.time.Partial,org.pitest.mutationtest.engine.gregor.mutators.NonVoidMethodCallMutator,withFieldAdded,543,NO_COVERAGE,none
Partial.java,org.joda.time.Partial,org.pitest.mutationtest.engine.gregor.mutators.NonVoidMethodCallMutator,withFieldAdded,544,NO_COVERAGE,none
Partial.java,org.joda.time.Partial,org.pitest.mutationtest.engine.gregor.mutators.NonVoidMethodCallMutator,withFieldAdded,544,NO_COVERAGE,none
Partial.java,org.joda.time.Partial,org.pitest.mutationtest.engine.gregor.mutators.NullReturnValsMutator,withFieldAdded,541,NO_COVERAGE,none
Partial.java,org.joda.time.Partial,org.pitest.mutationtest.engine.gregor.mutators.NullReturnValsMutator,withFieldAdded,545,NO_COVERAGE,none
Partial.java,org.joda.time.Partial,org.pitest.mutationtest.engine.gregor.mutators.RemoveConditionalMutator_EQUAL_ELSE,withFieldAdded,540,SURVIVED,none
Partial.java,org.joda.time.Partial,org.pitest.mutationtest.engine.gregor.mutators.RemoveConditionalMutator_EQUAL_IF,withFieldAdded,540,SURVIVED,none
Partial.java,org.joda.time.Partial,org.pitest.mutationtest.engine.gregor.mutators.ReturnValsMutator,withFieldAdded,541,NO_COVERAGE,none
Partial.java,org.joda.time.Partial,org.pitest.mutationtest.engine.gregor.mutators.ReturnValsMutator,withFieldAdded,545,NO_COVERAGE,none
Partial.java,org.joda.time.Partial,org.pitest.mutationtest.engine.gregor.mutators.ArgumentPropagationMutator,withPeriodAdded,596,NO_COVERAGE,none
Partial.java,org.joda.time.Partial,org.pitest.mutationtest.engine.gregor.mutators.ArgumentPropagationMutator,withPeriodAdded,596,NO_COVERAGE,none
Partial.java,org.joda.time.Partial,org.pitest.mutationtest.engine.gregor.mutators.ArgumentPropagationMutator,withPeriodAdded,596,NO_COVERAGE,none
Partial.java,org.joda.time.Partial,org.pitest.mutationtest.engine.gregor.mutators.ConditionalsBoundaryMutator,withPeriodAdded,592,NO_COVERAGE,none
Partial.java,org.joda.time.Partial,org.pitest.mutationtest.engine.gregor.mutators.ConditionalsBoundaryMutator,withPeriodAdded,595,NO_COVERAGE,none
Partial.java,org.joda.time.Partial,org.pitest.mutationtest.engine.gregor.mutators.ConstructorCallMutator,withPeriodAdded,600,NO_COVERAGE,none
Partial.java,org.joda.time.Partial,org.pitest.mutationtest.engine.gregor.mutators.IncrementsMutator,withPeriodAdded,592,NO_COVERAGE,none
Partial.java,org.joda.time.Partial,org.pitest.mutationtest.engine.gregor.mutators.InlineConstantMutator,withPeriodAdded,592,NO_COVERAGE,none
Partial.java,org.joda.time.Partial,org.pitest.mutationtest.engine.gregor.mutators.NegateConditionalsMutator,withPeriodAdded,588,KILLED,RegressionTest3.test1620(RegressionTest3)
Partial.java,org.joda.time.Partial,org.pitest.mutationtest.engine.gregor.mutators.NegateConditionalsMutator,withPeriodAdded,588,SURVIVED,none
Partial.java,org.joda.time.Partial,org.pitest.mutationtest.engine.gregor.mutators.NegateConditionalsMutator,withPeriodAdded,592,NO_COVERAGE,none
Partial.java,org.joda.time.Partial,org.pitest.mutationtest.engine.gregor.mutators.NegateConditionalsMutator,withPeriodAdded,595,NO_COVERAGE,none
Partial.java,org.joda.time.Partial,org.pitest.mutationtest.engine.gregor.mutators.NonVoidMethodCallMutator,withPeriodAdded,591,NO_COVERAGE,none
Partial.java,org.joda.time.Partial,org.pitest.mutationtest.engine.gregor.mutators.NonVoidMethodCallMutator,withPeriodAdded,592,NO_COVERAGE,none
Partial.java,org.joda.time.Partial,org.pitest.mutationtest.engine.gregor.mutators.NonVoidMethodCallMutator,withPeriodAdded,593,NO_COVERAGE,none
Partial.java,org.joda.time.Partial,org.pitest.mutationtest.engine.gregor.mutators.NonVoidMethodCallMutator,withPeriodAdded,594,NO_COVERAGE,none
Partial.java,org.joda.time.Partial,org.pitest.mutationtest.engine.gregor.mutators.NonVoidMethodCallMutator,withPeriodAdded,596,NO_COVERAGE,none
Partial.java,org.joda.time.Partial,org.pitest.mutationtest.engine.gregor.mutators.NonVoidMethodCallMutator,withPeriodAdded,596,NO_COVERAGE,none
Partial.java,org.joda.time.Partial,org.pitest.mutationtest.engine.gregor.mutators.NonVoidMethodCallMutator,withPeriodAdded,596,NO_COVERAGE,none
Partial.java,org.joda.time.Partial,org.pitest.mutationtest.engine.gregor.mutators.NonVoidMethodCallMutator,withPeriodAdded,596,NO_COVERAGE,none
Partial.java,org.joda.time.Partial,org.pitest.mutationtest.engine.gregor.mutators.NullReturnValsMutator,withPeriodAdded,589,KILLED,RegressionTest3.test1620(RegressionTest3)
Partial.java,org.joda.time.Partial,org.pitest.mutationtest.engine.gregor.mutators.NullReturnValsMutator,withPeriodAdded,600,NO_COVERAGE,none
Partial.java,org.joda.time.Partial,org.pitest.mutationtest.engine.gregor.mutators.RemoveConditionalMutator_EQUAL_ELSE,withPeriodAdded,588,SURVIVED,none
Partial.java,org.joda.time.Partial,org.pitest.mutationtest.engine.gregor.mutators.RemoveConditionalMutator_EQUAL_ELSE,withPeriodAdded,588,SURVIVED,none
Partial.java,org.joda.time.Partial,org.pitest.mutationtest.engine.gregor.mutators.RemoveConditionalMutator_EQUAL_IF,withPeriodAdded,588,KILLED,RegressionTest3.test1620(RegressionTest3)
Partial.java,org.joda.time.Partial,org.pitest.mutationtest.engine.gregor.mutators.RemoveConditionalMutator_EQUAL_IF,withPeriodAdded,588,SURVIVED,none
Partial.java,org.joda.time.Partial,org.pitest.mutationtest.engine.gregor.mutators.RemoveConditionalMutator_ORDER_ELSE,withPeriodAdded,592,NO_COVERAGE,none
Partial.java,org.joda.time.Partial,org.pitest.mutationtest.engine.gregor.mutators.RemoveConditionalMutator_ORDER_ELSE,withPeriodAdded,595,NO_COVERAGE,none
Partial.java,org.joda.time.Partial,org.pitest.mutationtest.engine.gregor.mutators.RemoveConditionalMutator_ORDER_IF,withPeriodAdded,592,NO_COVERAGE,none
Partial.java,org.joda.time.Partial,org.pitest.mutationtest.engine.gregor.mutators.RemoveConditionalMutator_ORDER_IF,withPeriodAdded,595,NO_COVERAGE,none
Partial.java,org.joda.time.Partial,org.pitest.mutationtest.engine.gregor.mutators.ReturnValsMutator,withPeriodAdded,589,KILLED,RegressionTest3.test1620(RegressionTest3)
Partial.java,org.joda.time.Partial,org.pitest.mutationtest.engine.gregor.mutators.ReturnValsMutator,withPeriodAdded,600,NO_COVERAGE,none
Partial.java,org.joda.time.Partial,org.pitest.mutationtest.engine.gregor.mutators.ConstructorCallMutator,without,492,NO_COVERAGE,none
Partial.java,org.joda.time.Partial,org.pitest.mutationtest.engine.gregor.mutators.InlineConstantMutator,without,485,KILLED,RegressionTest3.test1517(RegressionTest3)
Partial.java,org.joda.time.Partial,org.pitest.mutationtest.engine.gregor.mutators.InlineConstantMutator,without,486,NO_COVERAGE,none
Partial.java,org.joda.time.Partial,org.pitest.mutationtest.engine.gregor.mutators.InlineConstantMutator,without,487,NO_COVERAGE,none
Partial.java,org.joda.time.Partial,org.pitest.mutationtest.engine.gregor.mutators.InlineConstantMutator,without,488,NO_COVERAGE,none
Partial.java,org.joda.time.Partial,org.pitest.mutationtest.engine.gregor.mutators.InlineConstantMutator,without,488,NO_COVERAGE,none
Partial.java,org.joda.time.Partial,org.pitest.mutationtest.engine.gregor.mutators.InlineConstantMutator,without,489,NO_COVERAGE,none
Partial.java,org.joda.time.Partial,org.pitest.mutationtest.engine.gregor.mutators.InlineConstantMutator,without,490,NO_COVERAGE,none
Partial.java,org.joda.time.Partial,org.pitest.mutationtest.engine.gregor.mutators.InlineConstantMutator,without,490,NO_COVERAGE,none
Partial.java,org.joda.time.Partial,org.pitest.mutationtest.engine.gregor.mutators.InlineConstantMutator,without,491,NO_COVERAGE,none
Partial.java,org.joda.time.Partial,org.pitest.mutationtest.engine.gregor.mutators.MathMutator,without,486,NO_COVERAGE,none
Partial.java,org.joda.time.Partial,org.pitest.mutationtest.engine.gregor.mutators.MathMutator,without,487,NO_COVERAGE,none
Partial.java,org.joda.time.Partial,org.pitest.mutationtest.engine.gregor.mutators.MathMutator,without,489,NO_COVERAGE,none
Partial.java,org.joda.time.Partial,org.pitest.mutationtest.engine.gregor.mutators.MathMutator,without,489,NO_COVERAGE,none
Partial.java,org.joda.time.Partial,org.pitest.mutationtest.engine.gregor.mutators.MathMutator,without,491,NO_COVERAGE,none
Partial.java,org.joda.time.Partial,org.pitest.mutationtest.engine.gregor.mutators.MathMutator,without,491,NO_COVERAGE,none
Partial.java,org.joda.time.Partial,org.pitest.mutationtest.engine.gregor.mutators.NegateConditionalsMutator,without,485,KILLED,RegressionTest3.test1517(RegressionTest3)
Partial.java,org.joda.time.Partial,org.pitest.mutationtest.engine.gregor.mutators.NonVoidMethodCallMutator,without,484,KILLED,RegressionTest3.test1517(RegressionTest3)
Partial.java,org.joda.time.Partial,org.pitest.mutationtest.engine.gregor.mutators.NonVoidMethodCallMutator,without,486,NO_COVERAGE,none
Partial.java,org.joda.time.Partial,org.pitest.mutationtest.engine.gregor.mutators.NonVoidMethodCallMutator,without,487,NO_COVERAGE,none
Partial.java,org.joda.time.Partial,org.pitest.mutationtest.engine.gregor.mutators.NullReturnValsMutator,without,494,NO_COVERAGE,none
Partial.java,org.joda.time.Partial,org.pitest.mutationtest.engine.gregor.mutators.NullReturnValsMutator,without,496,KILLED,RegressionTest3.test1517(RegressionTest3)
Partial.java,org.joda.time.Partial,org.pitest.mutationtest.engine.gregor.mutators.RemoveConditionalMutator_EQUAL_ELSE,without,485,SURVIVED,none
Partial.java,org.joda.time.Partial,org.pitest.mutationtest.engine.gregor.mutators.RemoveConditionalMutator_EQUAL_IF,without,485,KILLED,RegressionTest3.test1517(RegressionTest3)
Partial.java,org.joda.time.Partial,org.pitest.mutationtest.engine.gregor.mutators.ReturnValsMutator,without,494,NO_COVERAGE,none
Partial.java,org.joda.time.Partial,org.pitest.mutationtest.engine.gregor.mutators.ReturnValsMutator,without,496,KILLED,RegressionTest3.test1517(RegressionTest3)
Partial.java,org.joda.time.Partial,org.pitest.mutationtest.engine.gregor.mutators.VoidMethodCallMutator,without,488,NO_COVERAGE,none
Partial.java,org.joda.time.Partial,org.pitest.mutationtest.engine.gregor.mutators.VoidMethodCallMutator,without,489,NO_COVERAGE,none
Partial.java,org.joda.time.Partial,org.pitest.mutationtest.engine.gregor.mutators.VoidMethodCallMutator,without,490,NO_COVERAGE,none
Partial.java,org.joda.time.Partial,org.pitest.mutationtest.engine.gregor.mutators.VoidMethodCallMutator,without,491,NO_COVERAGE,none
Partial.java,org.joda.time.Partial,org.pitest.mutationtest.engine.gregor.mutators.VoidMethodCallMutator,without,493,NO_COVERAGE,none
