DateTimeFormatter.java,org.joda.time.format.DateTimeFormatter,org.pitest.mutationtest.engine.gregor.mutators.InlineConstantMutator,<init>,112,KILLED,org.joda.time.LocalDateTime_ESTest.test02
DateTimeFormatter.java,org.joda.time.format.DateTimeFormatter,org.pitest.mutationtest.engine.gregor.mutators.InlineConstantMutator,<init>,116,KILLED,org.joda.time.LocalDateTime_ESTest.test02
DateTimeFormatter.java,org.joda.time.format.DateTimeFormatter,org.pitest.mutationtest.engine.gregor.mutators.experimental.MemberVariableMutator,<init>,109,SURVIVED,none
DateTimeFormatter.java,org.joda.time.format.DateTimeFormatter,org.pitest.mutationtest.engine.gregor.mutators.experimental.MemberVariableMutator,<init>,110,KILLED,org.joda.time.LocalDateTime_ESTest.test08
DateTimeFormatter.java,org.joda.time.format.DateTimeFormatter,org.pitest.mutationtest.engine.gregor.mutators.experimental.MemberVariableMutator,<init>,111,SURVIVED,none
DateTimeFormatter.java,org.joda.time.format.DateTimeFormatter,org.pitest.mutationtest.engine.gregor.mutators.experimental.MemberVariableMutator,<init>,112,SURVIVED,none
DateTimeFormatter.java,org.joda.time.format.DateTimeFormatter,org.pitest.mutationtest.engine.gregor.mutators.experimental.MemberVariableMutator,<init>,113,SURVIVED,none
DateTimeFormatter.java,org.joda.time.format.DateTimeFormatter,org.pitest.mutationtest.engine.gregor.mutators.experimental.MemberVariableMutator,<init>,114,SURVIVED,none
DateTimeFormatter.java,org.joda.time.format.DateTimeFormatter,org.pitest.mutationtest.engine.gregor.mutators.experimental.MemberVariableMutator,<init>,115,SURVIVED,none
DateTimeFormatter.java,org.joda.time.format.DateTimeFormatter,org.pitest.mutationtest.engine.gregor.mutators.experimental.MemberVariableMutator,<init>,116,KILLED,org.joda.time.LocalDateTime_ESTest.test02
DateTimeFormatter.java,org.joda.time.format.DateTimeFormatter,org.pitest.mutationtest.engine.gregor.mutators.experimental.MemberVariableMutator,<init>,128,SURVIVED,none
DateTimeFormatter.java,org.joda.time.format.DateTimeFormatter,org.pitest.mutationtest.engine.gregor.mutators.experimental.MemberVariableMutator,<init>,129,KILLED,org.joda.time.LocalDateTime_ESTest.test08
DateTimeFormatter.java,org.joda.time.format.DateTimeFormatter,org.pitest.mutationtest.engine.gregor.mutators.experimental.MemberVariableMutator,<init>,130,SURVIVED,none
DateTimeFormatter.java,org.joda.time.format.DateTimeFormatter,org.pitest.mutationtest.engine.gregor.mutators.experimental.MemberVariableMutator,<init>,131,SURVIVED,none
DateTimeFormatter.java,org.joda.time.format.DateTimeFormatter,org.pitest.mutationtest.engine.gregor.mutators.experimental.MemberVariableMutator,<init>,132,SURVIVED,none
DateTimeFormatter.java,org.joda.time.format.DateTimeFormatter,org.pitest.mutationtest.engine.gregor.mutators.experimental.MemberVariableMutator,<init>,133,SURVIVED,none
DateTimeFormatter.java,org.joda.time.format.DateTimeFormatter,org.pitest.mutationtest.engine.gregor.mutators.experimental.MemberVariableMutator,<init>,134,SURVIVED,none
DateTimeFormatter.java,org.joda.time.format.DateTimeFormatter,org.pitest.mutationtest.engine.gregor.mutators.experimental.MemberVariableMutator,<init>,135,SURVIVED,none
DateTimeFormatter.java,org.joda.time.format.DateTimeFormatter,org.pitest.mutationtest.engine.gregor.mutators.NullReturnValsMutator,getChronolgy,280,NO_COVERAGE,none
DateTimeFormatter.java,org.joda.time.format.DateTimeFormatter,org.pitest.mutationtest.engine.gregor.mutators.ReturnValsMutator,getChronolgy,280,NO_COVERAGE,none
DateTimeFormatter.java,org.joda.time.format.DateTimeFormatter,org.pitest.mutationtest.engine.gregor.mutators.NullReturnValsMutator,getChronology,269,NO_COVERAGE,none
DateTimeFormatter.java,org.joda.time.format.DateTimeFormatter,org.pitest.mutationtest.engine.gregor.mutators.ReturnValsMutator,getChronology,269,NO_COVERAGE,none
DateTimeFormatter.java,org.joda.time.format.DateTimeFormatter,org.pitest.mutationtest.engine.gregor.mutators.PrimitiveReturnsMutator,getDefaultYear,448,KILLED,org.joda.time.LocalDateTime_ESTest.test02
DateTimeFormatter.java,org.joda.time.format.DateTimeFormatter,org.pitest.mutationtest.engine.gregor.mutators.ReturnValsMutator,getDefaultYear,448,KILLED,org.joda.time.LocalDateTime_ESTest.test02
DateTimeFormatter.java,org.joda.time.format.DateTimeFormatter,org.pitest.mutationtest.engine.gregor.mutators.NullReturnValsMutator,getLocale,202,NO_COVERAGE,none
DateTimeFormatter.java,org.joda.time.format.DateTimeFormatter,org.pitest.mutationtest.engine.gregor.mutators.ReturnValsMutator,getLocale,202,NO_COVERAGE,none
DateTimeFormatter.java,org.joda.time.format.DateTimeFormatter,org.pitest.mutationtest.engine.gregor.mutators.NullReturnValsMutator,getParser,172,KILLED,org.joda.time.LocalDateTime_ESTest.test08
DateTimeFormatter.java,org.joda.time.format.DateTimeFormatter,org.pitest.mutationtest.engine.gregor.mutators.ReturnValsMutator,getParser,172,KILLED,org.joda.time.LocalDateTime_ESTest.test08
DateTimeFormatter.java,org.joda.time.format.DateTimeFormatter,org.pitest.mutationtest.engine.gregor.mutators.EmptyObjectReturnValsMutator,getPivotYear,414,NO_COVERAGE,none
DateTimeFormatter.java,org.joda.time.format.DateTimeFormatter,org.pitest.mutationtest.engine.gregor.mutators.ReturnValsMutator,getPivotYear,414,NO_COVERAGE,none
DateTimeFormatter.java,org.joda.time.format.DateTimeFormatter,org.pitest.mutationtest.engine.gregor.mutators.NullReturnValsMutator,getPrinter,154,SURVIVED,none
DateTimeFormatter.java,org.joda.time.format.DateTimeFormatter,org.pitest.mutationtest.engine.gregor.mutators.ReturnValsMutator,getPrinter,154,KILLED,org.joda.time.LocalDateTime_ESTest.test08
DateTimeFormatter.java,org.joda.time.format.DateTimeFormatter,org.pitest.mutationtest.engine.gregor.mutators.NullReturnValsMutator,getZone,333,NO_COVERAGE,none
DateTimeFormatter.java,org.joda.time.format.DateTimeFormatter,org.pitest.mutationtest.engine.gregor.mutators.ReturnValsMutator,getZone,333,NO_COVERAGE,none
DateTimeFormatter.java,org.joda.time.format.DateTimeFormatter,org.pitest.mutationtest.engine.gregor.mutators.BooleanFalseReturnValsMutator,isOffsetParsed,235,SURVIVED,none
DateTimeFormatter.java,org.joda.time.format.DateTimeFormatter,org.pitest.mutationtest.engine.gregor.mutators.BooleanTrueReturnValsMutator,isOffsetParsed,235,KILLED,org.joda.time.LocalDateTime_ESTest.test02
DateTimeFormatter.java,org.joda.time.format.DateTimeFormatter,org.pitest.mutationtest.engine.gregor.mutators.ReturnValsMutator,isOffsetParsed,235,KILLED,org.joda.time.LocalDateTime_ESTest.test02
DateTimeFormatter.java,org.joda.time.format.DateTimeFormatter,org.pitest.mutationtest.engine.gregor.mutators.BooleanTrueReturnValsMutator,isParser,163,NO_COVERAGE,none
DateTimeFormatter.java,org.joda.time.format.DateTimeFormatter,org.pitest.mutationtest.engine.gregor.mutators.InlineConstantMutator,isParser,163,NO_COVERAGE,none
DateTimeFormatter.java,org.joda.time.format.DateTimeFormatter,org.pitest.mutationtest.engine.gregor.mutators.InlineConstantMutator,isParser,163,NO_COVERAGE,none
DateTimeFormatter.java,org.joda.time.format.DateTimeFormatter,org.pitest.mutationtest.engine.gregor.mutators.NegateConditionalsMutator,isParser,163,NO_COVERAGE,none
DateTimeFormatter.java,org.joda.time.format.DateTimeFormatter,org.pitest.mutationtest.engine.gregor.mutators.RemoveConditionalMutator_EQUAL_ELSE,isParser,163,NO_COVERAGE,none
DateTimeFormatter.java,org.joda.time.format.DateTimeFormatter,org.pitest.mutationtest.engine.gregor.mutators.RemoveConditionalMutator_EQUAL_IF,isParser,163,NO_COVERAGE,none
DateTimeFormatter.java,org.joda.time.format.DateTimeFormatter,org.pitest.mutationtest.engine.gregor.mutators.ReturnValsMutator,isParser,163,NO_COVERAGE,none
DateTimeFormatter.java,org.joda.time.format.DateTimeFormatter,org.pitest.mutationtest.engine.gregor.mutators.BooleanTrueReturnValsMutator,isPrinter,145,NO_COVERAGE,none
DateTimeFormatter.java,org.joda.time.format.DateTimeFormatter,org.pitest.mutationtest.engine.gregor.mutators.InlineConstantMutator,isPrinter,145,NO_COVERAGE,none
DateTimeFormatter.java,org.joda.time.format.DateTimeFormatter,org.pitest.mutationtest.engine.gregor.mutators.InlineConstantMutator,isPrinter,145,NO_COVERAGE,none
DateTimeFormatter.java,org.joda.time.format.DateTimeFormatter,org.pitest.mutationtest.engine.gregor.mutators.NegateConditionalsMutator,isPrinter,145,NO_COVERAGE,none
DateTimeFormatter.java,org.joda.time.format.DateTimeFormatter,org.pitest.mutationtest.engine.gregor.mutators.RemoveConditionalMutator_EQUAL_ELSE,isPrinter,145,NO_COVERAGE,none
DateTimeFormatter.java,org.joda.time.format.DateTimeFormatter,org.pitest.mutationtest.engine.gregor.mutators.RemoveConditionalMutator_EQUAL_IF,isPrinter,145,NO_COVERAGE,none
DateTimeFormatter.java,org.joda.time.format.DateTimeFormatter,org.pitest.mutationtest.engine.gregor.mutators.ReturnValsMutator,isPrinter,145,NO_COVERAGE,none
DateTimeFormatter.java,org.joda.time.format.DateTimeFormatter,org.pitest.mutationtest.engine.gregor.mutators.ArgumentPropagationMutator,parseDateTime,848,NO_COVERAGE,none
DateTimeFormatter.java,org.joda.time.format.DateTimeFormatter,org.pitest.mutationtest.engine.gregor.mutators.ArgumentPropagationMutator,parseDateTime,850,NO_COVERAGE,none
DateTimeFormatter.java,org.joda.time.format.DateTimeFormatter,org.pitest.mutationtest.engine.gregor.mutators.ArgumentPropagationMutator,parseDateTime,870,NO_COVERAGE,none
DateTimeFormatter.java,org.joda.time.format.DateTimeFormatter,org.pitest.mutationtest.engine.gregor.mutators.ConditionalsBoundaryMutator,parseDateTime,851,NO_COVERAGE,none
DateTimeFormatter.java,org.joda.time.format.DateTimeFormatter,org.pitest.mutationtest.engine.gregor.mutators.ConditionalsBoundaryMutator,parseDateTime,852,NO_COVERAGE,none
DateTimeFormatter.java,org.joda.time.format.DateTimeFormatter,org.pitest.mutationtest.engine.gregor.mutators.ConstructorCallMutator,parseDateTime,849,NO_COVERAGE,none
DateTimeFormatter.java,org.joda.time.format.DateTimeFormatter,org.pitest.mutationtest.engine.gregor.mutators.ConstructorCallMutator,parseDateTime,861,NO_COVERAGE,none
DateTimeFormatter.java,org.joda.time.format.DateTimeFormatter,org.pitest.mutationtest.engine.gregor.mutators.ConstructorCallMutator,parseDateTime,870,NO_COVERAGE,none
DateTimeFormatter.java,org.joda.time.format.DateTimeFormatter,org.pitest.mutationtest.engine.gregor.mutators.InlineConstantMutator,parseDateTime,849,NO_COVERAGE,none
DateTimeFormatter.java,org.joda.time.format.DateTimeFormatter,org.pitest.mutationtest.engine.gregor.mutators.InlineConstantMutator,parseDateTime,850,NO_COVERAGE,none
DateTimeFormatter.java,org.joda.time.format.DateTimeFormatter,org.pitest.mutationtest.engine.gregor.mutators.InlineConstantMutator,parseDateTime,853,NO_COVERAGE,none
DateTimeFormatter.java,org.joda.time.format.DateTimeFormatter,org.pitest.mutationtest.engine.gregor.mutators.InlineConstantMutator,parseDateTime,868,NO_COVERAGE,none
DateTimeFormatter.java,org.joda.time.format.DateTimeFormatter,org.pitest.mutationtest.engine.gregor.mutators.MathMutator,parseDateTime,868,NO_COVERAGE,none
DateTimeFormatter.java,org.joda.time.format.DateTimeFormatter,org.pitest.mutationtest.engine.gregor.mutators.NegateConditionalsMutator,parseDateTime,851,NO_COVERAGE,none
DateTimeFormatter.java,org.joda.time.format.DateTimeFormatter,org.pitest.mutationtest.engine.gregor.mutators.NegateConditionalsMutator,parseDateTime,852,NO_COVERAGE,none
DateTimeFormatter.java,org.joda.time.format.DateTimeFormatter,org.pitest.mutationtest.engine.gregor.mutators.NegateConditionalsMutator,parseDateTime,854,NO_COVERAGE,none
DateTimeFormatter.java,org.joda.time.format.DateTimeFormatter,org.pitest.mutationtest.engine.gregor.mutators.NegateConditionalsMutator,parseDateTime,854,NO_COVERAGE,none
DateTimeFormatter.java,org.joda.time.format.DateTimeFormatter,org.pitest.mutationtest.engine.gregor.mutators.NegateConditionalsMutator,parseDateTime,858,NO_COVERAGE,none
DateTimeFormatter.java,org.joda.time.format.DateTimeFormatter,org.pitest.mutationtest.engine.gregor.mutators.NegateConditionalsMutator,parseDateTime,862,NO_COVERAGE,none
DateTimeFormatter.java,org.joda.time.format.DateTimeFormatter,org.pitest.mutationtest.engine.gregor.mutators.NonVoidMethodCallMutator,parseDateTime,846,NO_COVERAGE,none
DateTimeFormatter.java,org.joda.time.format.DateTimeFormatter,org.pitest.mutationtest.engine.gregor.mutators.NonVoidMethodCallMutator,parseDateTime,848,NO_COVERAGE,none
DateTimeFormatter.java,org.joda.time.format.DateTimeFormatter,org.pitest.mutationtest.engine.gregor.mutators.NonVoidMethodCallMutator,parseDateTime,850,NO_COVERAGE,none
DateTimeFormatter.java,org.joda.time.format.DateTimeFormatter,org.pitest.mutationtest.engine.gregor.mutators.NonVoidMethodCallMutator,parseDateTime,852,NO_COVERAGE,none
DateTimeFormatter.java,org.joda.time.format.DateTimeFormatter,org.pitest.mutationtest.engine.gregor.mutators.NonVoidMethodCallMutator,parseDateTime,853,NO_COVERAGE,none
DateTimeFormatter.java,org.joda.time.format.DateTimeFormatter,org.pitest.mutationtest.engine.gregor.mutators.NonVoidMethodCallMutator,parseDateTime,854,NO_COVERAGE,none
DateTimeFormatter.java,org.joda.time.format.DateTimeFormatter,org.pitest.mutationtest.engine.gregor.mutators.NonVoidMethodCallMutator,parseDateTime,855,NO_COVERAGE,none
DateTimeFormatter.java,org.joda.time.format.DateTimeFormatter,org.pitest.mutationtest.engine.gregor.mutators.NonVoidMethodCallMutator,parseDateTime,855,NO_COVERAGE,none
DateTimeFormatter.java,org.joda.time.format.DateTimeFormatter,org.pitest.mutationtest.engine.gregor.mutators.NonVoidMethodCallMutator,parseDateTime,856,NO_COVERAGE,none
DateTimeFormatter.java,org.joda.time.format.DateTimeFormatter,org.pitest.mutationtest.engine.gregor.mutators.NonVoidMethodCallMutator,parseDateTime,857,NO_COVERAGE,none
DateTimeFormatter.java,org.joda.time.format.DateTimeFormatter,org.pitest.mutationtest.engine.gregor.mutators.NonVoidMethodCallMutator,parseDateTime,858,NO_COVERAGE,none
DateTimeFormatter.java,org.joda.time.format.DateTimeFormatter,org.pitest.mutationtest.engine.gregor.mutators.NonVoidMethodCallMutator,parseDateTime,859,NO_COVERAGE,none
DateTimeFormatter.java,org.joda.time.format.DateTimeFormatter,org.pitest.mutationtest.engine.gregor.mutators.NonVoidMethodCallMutator,parseDateTime,859,NO_COVERAGE,none
DateTimeFormatter.java,org.joda.time.format.DateTimeFormatter,org.pitest.mutationtest.engine.gregor.mutators.NonVoidMethodCallMutator,parseDateTime,863,NO_COVERAGE,none
DateTimeFormatter.java,org.joda.time.format.DateTimeFormatter,org.pitest.mutationtest.engine.gregor.mutators.NonVoidMethodCallMutator,parseDateTime,870,NO_COVERAGE,none
DateTimeFormatter.java,org.joda.time.format.DateTimeFormatter,org.pitest.mutationtest.engine.gregor.mutators.NullReturnValsMutator,parseDateTime,865,NO_COVERAGE,none
DateTimeFormatter.java,org.joda.time.format.DateTimeFormatter,org.pitest.mutationtest.engine.gregor.mutators.RemoveConditionalMutator_EQUAL_ELSE,parseDateTime,854,NO_COVERAGE,none
DateTimeFormatter.java,org.joda.time.format.DateTimeFormatter,org.pitest.mutationtest.engine.gregor.mutators.RemoveConditionalMutator_EQUAL_ELSE,parseDateTime,854,NO_COVERAGE,none
DateTimeFormatter.java,org.joda.time.format.DateTimeFormatter,org.pitest.mutationtest.engine.gregor.mutators.RemoveConditionalMutator_EQUAL_ELSE,parseDateTime,858,NO_COVERAGE,none
DateTimeFormatter.java,org.joda.time.format.DateTimeFormatter,org.pitest.mutationtest.engine.gregor.mutators.RemoveConditionalMutator_EQUAL_ELSE,parseDateTime,862,NO_COVERAGE,none
DateTimeFormatter.java,org.joda.time.format.DateTimeFormatter,org.pitest.mutationtest.engine.gregor.mutators.RemoveConditionalMutator_EQUAL_IF,parseDateTime,854,NO_COVERAGE,none
DateTimeFormatter.java,org.joda.time.format.DateTimeFormatter,org.pitest.mutationtest.engine.gregor.mutators.RemoveConditionalMutator_EQUAL_IF,parseDateTime,854,NO_COVERAGE,none
DateTimeFormatter.java,org.joda.time.format.DateTimeFormatter,org.pitest.mutationtest.engine.gregor.mutators.RemoveConditionalMutator_EQUAL_IF,parseDateTime,858,NO_COVERAGE,none
DateTimeFormatter.java,org.joda.time.format.DateTimeFormatter,org.pitest.mutationtest.engine.gregor.mutators.RemoveConditionalMutator_EQUAL_IF,parseDateTime,862,NO_COVERAGE,none
DateTimeFormatter.java,org.joda.time.format.DateTimeFormatter,org.pitest.mutationtest.engine.gregor.mutators.RemoveConditionalMutator_ORDER_ELSE,parseDateTime,851,NO_COVERAGE,none
DateTimeFormatter.java,org.joda.time.format.DateTimeFormatter,org.pitest.mutationtest.engine.gregor.mutators.RemoveConditionalMutator_ORDER_ELSE,parseDateTime,852,NO_COVERAGE,none
DateTimeFormatter.java,org.joda.time.format.DateTimeFormatter,org.pitest.mutationtest.engine.gregor.mutators.RemoveConditionalMutator_ORDER_IF,parseDateTime,851,NO_COVERAGE,none
DateTimeFormatter.java,org.joda.time.format.DateTimeFormatter,org.pitest.mutationtest.engine.gregor.mutators.RemoveConditionalMutator_ORDER_IF,parseDateTime,852,NO_COVERAGE,none
DateTimeFormatter.java,org.joda.time.format.DateTimeFormatter,org.pitest.mutationtest.engine.gregor.mutators.ReturnValsMutator,parseDateTime,865,NO_COVERAGE,none
DateTimeFormatter.java,org.joda.time.format.DateTimeFormatter,org.pitest.mutationtest.engine.gregor.mutators.experimental.NakedReceiverMutator,parseDateTime,857,NO_COVERAGE,none
DateTimeFormatter.java,org.joda.time.format.DateTimeFormatter,org.pitest.mutationtest.engine.gregor.mutators.experimental.NakedReceiverMutator,parseDateTime,859,NO_COVERAGE,none
DateTimeFormatter.java,org.joda.time.format.DateTimeFormatter,org.pitest.mutationtest.engine.gregor.mutators.experimental.NakedReceiverMutator,parseDateTime,863,NO_COVERAGE,none
DateTimeFormatter.java,org.joda.time.format.DateTimeFormatter,org.pitest.mutationtest.engine.gregor.mutators.ArgumentPropagationMutator,parseInto,706,NO_COVERAGE,none
DateTimeFormatter.java,org.joda.time.format.DateTimeFormatter,org.pitest.mutationtest.engine.gregor.mutators.ArgumentPropagationMutator,parseInto,710,NO_COVERAGE,none
DateTimeFormatter.java,org.joda.time.format.DateTimeFormatter,org.pitest.mutationtest.engine.gregor.mutators.ConstructorCallMutator,parseInto,700,NO_COVERAGE,none
DateTimeFormatter.java,org.joda.time.format.DateTimeFormatter,org.pitest.mutationtest.engine.gregor.mutators.ConstructorCallMutator,parseInto,708,NO_COVERAGE,none
DateTimeFormatter.java,org.joda.time.format.DateTimeFormatter,org.pitest.mutationtest.engine.gregor.mutators.InlineConstantMutator,parseInto,711,NO_COVERAGE,none
DateTimeFormatter.java,org.joda.time.format.DateTimeFormatter,org.pitest.mutationtest.engine.gregor.mutators.MathMutator,parseInto,705,NO_COVERAGE,none
DateTimeFormatter.java,org.joda.time.format.DateTimeFormatter,org.pitest.mutationtest.engine.gregor.mutators.NegateConditionalsMutator,parseInto,699,NO_COVERAGE,none
DateTimeFormatter.java,org.joda.time.format.DateTimeFormatter,org.pitest.mutationtest.engine.gregor.mutators.NegateConditionalsMutator,parseInto,712,NO_COVERAGE,none
DateTimeFormatter.java,org.joda.time.format.DateTimeFormatter,org.pitest.mutationtest.engine.gregor.mutators.NegateConditionalsMutator,parseInto,712,NO_COVERAGE,none
DateTimeFormatter.java,org.joda.time.format.DateTimeFormatter,org.pitest.mutationtest.engine.gregor.mutators.NegateConditionalsMutator,parseInto,716,NO_COVERAGE,none
DateTimeFormatter.java,org.joda.time.format.DateTimeFormatter,org.pitest.mutationtest.engine.gregor.mutators.NegateConditionalsMutator,parseInto,720,NO_COVERAGE,none
DateTimeFormatter.java,org.joda.time.format.DateTimeFormatter,org.pitest.mutationtest.engine.gregor.mutators.NonVoidMethodCallMutator,parseInto,698,NO_COVERAGE,none
DateTimeFormatter.java,org.joda.time.format.DateTimeFormatter,org.pitest.mutationtest.engine.gregor.mutators.NonVoidMethodCallMutator,parseInto,703,NO_COVERAGE,none
DateTimeFormatter.java,org.joda.time.format.DateTimeFormatter,org.pitest.mutationtest.engine.gregor.mutators.NonVoidMethodCallMutator,parseInto,704,NO_COVERAGE,none
DateTimeFormatter.java,org.joda.time.format.DateTimeFormatter,org.pitest.mutationtest.engine.gregor.mutators.NonVoidMethodCallMutator,parseInto,705,NO_COVERAGE,none
DateTimeFormatter.java,org.joda.time.format.DateTimeFormatter,org.pitest.mutationtest.engine.gregor.mutators.NonVoidMethodCallMutator,parseInto,705,NO_COVERAGE,none
DateTimeFormatter.java,org.joda.time.format.DateTimeFormatter,org.pitest.mutationtest.engine.gregor.mutators.NonVoidMethodCallMutator,parseInto,706,NO_COVERAGE,none
DateTimeFormatter.java,org.joda.time.format.DateTimeFormatter,org.pitest.mutationtest.engine.gregor.mutators.NonVoidMethodCallMutator,parseInto,708,NO_COVERAGE,none
DateTimeFormatter.java,org.joda.time.format.DateTimeFormatter,org.pitest.mutationtest.engine.gregor.mutators.NonVoidMethodCallMutator,parseInto,708,NO_COVERAGE,none
DateTimeFormatter.java,org.joda.time.format.DateTimeFormatter,org.pitest.mutationtest.engine.gregor.mutators.NonVoidMethodCallMutator,parseInto,710,NO_COVERAGE,none
DateTimeFormatter.java,org.joda.time.format.DateTimeFormatter,org.pitest.mutationtest.engine.gregor.mutators.NonVoidMethodCallMutator,parseInto,711,NO_COVERAGE,none
DateTimeFormatter.java,org.joda.time.format.DateTimeFormatter,org.pitest.mutationtest.engine.gregor.mutators.NonVoidMethodCallMutator,parseInto,712,NO_COVERAGE,none
DateTimeFormatter.java,org.joda.time.format.DateTimeFormatter,org.pitest.mutationtest.engine.gregor.mutators.NonVoidMethodCallMutator,parseInto,713,NO_COVERAGE,none
DateTimeFormatter.java,org.joda.time.format.DateTimeFormatter,org.pitest.mutationtest.engine.gregor.mutators.NonVoidMethodCallMutator,parseInto,713,NO_COVERAGE,none
DateTimeFormatter.java,org.joda.time.format.DateTimeFormatter,org.pitest.mutationtest.engine.gregor.mutators.NonVoidMethodCallMutator,parseInto,714,NO_COVERAGE,none
DateTimeFormatter.java,org.joda.time.format.DateTimeFormatter,org.pitest.mutationtest.engine.gregor.mutators.NonVoidMethodCallMutator,parseInto,715,NO_COVERAGE,none
DateTimeFormatter.java,org.joda.time.format.DateTimeFormatter,org.pitest.mutationtest.engine.gregor.mutators.NonVoidMethodCallMutator,parseInto,716,NO_COVERAGE,none
DateTimeFormatter.java,org.joda.time.format.DateTimeFormatter,org.pitest.mutationtest.engine.gregor.mutators.NonVoidMethodCallMutator,parseInto,717,NO_COVERAGE,none
DateTimeFormatter.java,org.joda.time.format.DateTimeFormatter,org.pitest.mutationtest.engine.gregor.mutators.NonVoidMethodCallMutator,parseInto,717,NO_COVERAGE,none
DateTimeFormatter.java,org.joda.time.format.DateTimeFormatter,org.pitest.mutationtest.engine.gregor.mutators.PrimitiveReturnsMutator,parseInto,723,NO_COVERAGE,none
DateTimeFormatter.java,org.joda.time.format.DateTimeFormatter,org.pitest.mutationtest.engine.gregor.mutators.RemoveConditionalMutator_EQUAL_ELSE,parseInto,699,NO_COVERAGE,none
DateTimeFormatter.java,org.joda.time.format.DateTimeFormatter,org.pitest.mutationtest.engine.gregor.mutators.RemoveConditionalMutator_EQUAL_ELSE,parseInto,712,NO_COVERAGE,none
DateTimeFormatter.java,org.joda.time.format.DateTimeFormatter,org.pitest.mutationtest.engine.gregor.mutators.RemoveConditionalMutator_EQUAL_ELSE,parseInto,712,NO_COVERAGE,none
DateTimeFormatter.java,org.joda.time.format.DateTimeFormatter,org.pitest.mutationtest.engine.gregor.mutators.RemoveConditionalMutator_EQUAL_ELSE,parseInto,716,NO_COVERAGE,none
DateTimeFormatter.java,org.joda.time.format.DateTimeFormatter,org.pitest.mutationtest.engine.gregor.mutators.RemoveConditionalMutator_EQUAL_ELSE,parseInto,720,NO_COVERAGE,none
DateTimeFormatter.java,org.joda.time.format.DateTimeFormatter,org.pitest.mutationtest.engine.gregor.mutators.RemoveConditionalMutator_EQUAL_IF,parseInto,699,NO_COVERAGE,none
DateTimeFormatter.java,org.joda.time.format.DateTimeFormatter,org.pitest.mutationtest.engine.gregor.mutators.RemoveConditionalMutator_EQUAL_IF,parseInto,712,NO_COVERAGE,none
DateTimeFormatter.java,org.joda.time.format.DateTimeFormatter,org.pitest.mutationtest.engine.gregor.mutators.RemoveConditionalMutator_EQUAL_IF,parseInto,712,NO_COVERAGE,none
DateTimeFormatter.java,org.joda.time.format.DateTimeFormatter,org.pitest.mutationtest.engine.gregor.mutators.RemoveConditionalMutator_EQUAL_IF,parseInto,716,NO_COVERAGE,none
DateTimeFormatter.java,org.joda.time.format.DateTimeFormatter,org.pitest.mutationtest.engine.gregor.mutators.RemoveConditionalMutator_EQUAL_IF,parseInto,720,NO_COVERAGE,none
DateTimeFormatter.java,org.joda.time.format.DateTimeFormatter,org.pitest.mutationtest.engine.gregor.mutators.ReturnValsMutator,parseInto,723,NO_COVERAGE,none
DateTimeFormatter.java,org.joda.time.format.DateTimeFormatter,org.pitest.mutationtest.engine.gregor.mutators.VoidMethodCallMutator,parseInto,711,NO_COVERAGE,none
DateTimeFormatter.java,org.joda.time.format.DateTimeFormatter,org.pitest.mutationtest.engine.gregor.mutators.VoidMethodCallMutator,parseInto,719,NO_COVERAGE,none
DateTimeFormatter.java,org.joda.time.format.DateTimeFormatter,org.pitest.mutationtest.engine.gregor.mutators.VoidMethodCallMutator,parseInto,721,NO_COVERAGE,none
DateTimeFormatter.java,org.joda.time.format.DateTimeFormatter,org.pitest.mutationtest.engine.gregor.mutators.experimental.NakedReceiverMutator,parseInto,715,NO_COVERAGE,none
DateTimeFormatter.java,org.joda.time.format.DateTimeFormatter,org.pitest.mutationtest.engine.gregor.mutators.experimental.NakedReceiverMutator,parseInto,717,NO_COVERAGE,none
DateTimeFormatter.java,org.joda.time.format.DateTimeFormatter,org.pitest.mutationtest.engine.gregor.mutators.NonVoidMethodCallMutator,parseLocalDate,769,NO_COVERAGE,none
DateTimeFormatter.java,org.joda.time.format.DateTimeFormatter,org.pitest.mutationtest.engine.gregor.mutators.NonVoidMethodCallMutator,parseLocalDate,769,NO_COVERAGE,none
DateTimeFormatter.java,org.joda.time.format.DateTimeFormatter,org.pitest.mutationtest.engine.gregor.mutators.NullReturnValsMutator,parseLocalDate,769,NO_COVERAGE,none
DateTimeFormatter.java,org.joda.time.format.DateTimeFormatter,org.pitest.mutationtest.engine.gregor.mutators.ReturnValsMutator,parseLocalDate,769,NO_COVERAGE,none
DateTimeFormatter.java,org.joda.time.format.DateTimeFormatter,org.pitest.mutationtest.engine.gregor.mutators.ArgumentPropagationMutator,parseLocalDateTime,807,KILLED,org.joda.time.LocalDateTime_ESTest.test08
DateTimeFormatter.java,org.joda.time.format.DateTimeFormatter,org.pitest.mutationtest.engine.gregor.mutators.ArgumentPropagationMutator,parseLocalDateTime,809,KILLED,org.joda.time.LocalDateTime_ESTest.test01
DateTimeFormatter.java,org.joda.time.format.DateTimeFormatter,org.pitest.mutationtest.engine.gregor.mutators.ArgumentPropagationMutator,parseLocalDateTime,825,SURVIVED,none
DateTimeFormatter.java,org.joda.time.format.DateTimeFormatter,org.pitest.mutationtest.engine.gregor.mutators.ConditionalsBoundaryMutator,parseLocalDateTime,810,SURVIVED,none
DateTimeFormatter.java,org.joda.time.format.DateTimeFormatter,org.pitest.mutationtest.engine.gregor.mutators.ConditionalsBoundaryMutator,parseLocalDateTime,811,SURVIVED,none
DateTimeFormatter.java,org.joda.time.format.DateTimeFormatter,org.pitest.mutationtest.engine.gregor.mutators.ConstructorCallMutator,parseLocalDateTime,808,KILLED,org.joda.time.LocalDateTime_ESTest.test08
DateTimeFormatter.java,org.joda.time.format.DateTimeFormatter,org.pitest.mutationtest.engine.gregor.mutators.ConstructorCallMutator,parseLocalDateTime,820,KILLED,org.joda.time.LocalDateTime_ESTest.test02
DateTimeFormatter.java,org.joda.time.format.DateTimeFormatter,org.pitest.mutationtest.engine.gregor.mutators.ConstructorCallMutator,parseLocalDateTime,825,KILLED,org.joda.time.LocalDateTime_ESTest.test08
DateTimeFormatter.java,org.joda.time.format.DateTimeFormatter,org.pitest.mutationtest.engine.gregor.mutators.InlineConstantMutator,parseLocalDateTime,808,KILLED,org.joda.time.LocalDateTime_ESTest.test02
DateTimeFormatter.java,org.joda.time.format.DateTimeFormatter,org.pitest.mutationtest.engine.gregor.mutators.InlineConstantMutator,parseLocalDateTime,809,SURVIVED,none
DateTimeFormatter.java,org.joda.time.format.DateTimeFormatter,org.pitest.mutationtest.engine.gregor.mutators.InlineConstantMutator,parseLocalDateTime,812,SURVIVED,none
DateTimeFormatter.java,org.joda.time.format.DateTimeFormatter,org.pitest.mutationtest.engine.gregor.mutators.InlineConstantMutator,parseLocalDateTime,823,NO_COVERAGE,none
DateTimeFormatter.java,org.joda.time.format.DateTimeFormatter,org.pitest.mutationtest.engine.gregor.mutators.MathMutator,parseLocalDateTime,823,NO_COVERAGE,none
DateTimeFormatter.java,org.joda.time.format.DateTimeFormatter,org.pitest.mutationtest.engine.gregor.mutators.NegateConditionalsMutator,parseLocalDateTime,810,KILLED,org.joda.time.LocalDateTime_ESTest.test06
DateTimeFormatter.java,org.joda.time.format.DateTimeFormatter,org.pitest.mutationtest.engine.gregor.mutators.NegateConditionalsMutator,parseLocalDateTime,811,KILLED,org.joda.time.LocalDateTime_ESTest.test08
DateTimeFormatter.java,org.joda.time.format.DateTimeFormatter,org.pitest.mutationtest.engine.gregor.mutators.NegateConditionalsMutator,parseLocalDateTime,813,KILLED,org.joda.time.LocalDateTime_ESTest.test06
DateTimeFormatter.java,org.joda.time.format.DateTimeFormatter,org.pitest.mutationtest.engine.gregor.mutators.NegateConditionalsMutator,parseLocalDateTime,817,SURVIVED,none
DateTimeFormatter.java,org.joda.time.format.DateTimeFormatter,org.pitest.mutationtest.engine.gregor.mutators.NonVoidMethodCallMutator,parseLocalDateTime,805,KILLED,org.joda.time.LocalDateTime_ESTest.test08
DateTimeFormatter.java,org.joda.time.format.DateTimeFormatter,org.pitest.mutationtest.engine.gregor.mutators.NonVoidMethodCallMutator,parseLocalDateTime,807,KILLED,org.joda.time.LocalDateTime_ESTest.test08
DateTimeFormatter.java,org.joda.time.format.DateTimeFormatter,org.pitest.mutationtest.engine.gregor.mutators.NonVoidMethodCallMutator,parseLocalDateTime,807,KILLED,org.joda.time.LocalDateTime_ESTest.test06
DateTimeFormatter.java,org.joda.time.format.DateTimeFormatter,org.pitest.mutationtest.engine.gregor.mutators.NonVoidMethodCallMutator,parseLocalDateTime,809,KILLED,org.joda.time.LocalDateTime_ESTest.test01
DateTimeFormatter.java,org.joda.time.format.DateTimeFormatter,org.pitest.mutationtest.engine.gregor.mutators.NonVoidMethodCallMutator,parseLocalDateTime,811,KILLED,org.joda.time.LocalDateTime_ESTest.test08
DateTimeFormatter.java,org.joda.time.format.DateTimeFormatter,org.pitest.mutationtest.engine.gregor.mutators.NonVoidMethodCallMutator,parseLocalDateTime,812,SURVIVED,none
DateTimeFormatter.java,org.joda.time.format.DateTimeFormatter,org.pitest.mutationtest.engine.gregor.mutators.NonVoidMethodCallMutator,parseLocalDateTime,813,SURVIVED,none
DateTimeFormatter.java,org.joda.time.format.DateTimeFormatter,org.pitest.mutationtest.engine.gregor.mutators.NonVoidMethodCallMutator,parseLocalDateTime,814,NO_COVERAGE,none
DateTimeFormatter.java,org.joda.time.format.DateTimeFormatter,org.pitest.mutationtest.engine.gregor.mutators.NonVoidMethodCallMutator,parseLocalDateTime,814,NO_COVERAGE,none
DateTimeFormatter.java,org.joda.time.format.DateTimeFormatter,org.pitest.mutationtest.engine.gregor.mutators.NonVoidMethodCallMutator,parseLocalDateTime,815,NO_COVERAGE,none
DateTimeFormatter.java,org.joda.time.format.DateTimeFormatter,org.pitest.mutationtest.engine.gregor.mutators.NonVoidMethodCallMutator,parseLocalDateTime,816,NO_COVERAGE,none
DateTimeFormatter.java,org.joda.time.format.DateTimeFormatter,org.pitest.mutationtest.engine.gregor.mutators.NonVoidMethodCallMutator,parseLocalDateTime,817,SURVIVED,none
DateTimeFormatter.java,org.joda.time.format.DateTimeFormatter,org.pitest.mutationtest.engine.gregor.mutators.NonVoidMethodCallMutator,parseLocalDateTime,818,KILLED,org.joda.time.LocalDateTime_ESTest.test02
DateTimeFormatter.java,org.joda.time.format.DateTimeFormatter,org.pitest.mutationtest.engine.gregor.mutators.NonVoidMethodCallMutator,parseLocalDateTime,818,KILLED,org.joda.time.LocalDateTime_ESTest.test02
DateTimeFormatter.java,org.joda.time.format.DateTimeFormatter,org.pitest.mutationtest.engine.gregor.mutators.NonVoidMethodCallMutator,parseLocalDateTime,825,SURVIVED,none
DateTimeFormatter.java,org.joda.time.format.DateTimeFormatter,org.pitest.mutationtest.engine.gregor.mutators.NullReturnValsMutator,parseLocalDateTime,820,KILLED,org.joda.time.LocalDateTime_ESTest.test02
DateTimeFormatter.java,org.joda.time.format.DateTimeFormatter,org.pitest.mutationtest.engine.gregor.mutators.RemoveConditionalMutator_EQUAL_ELSE,parseLocalDateTime,813,SURVIVED,none
DateTimeFormatter.java,org.joda.time.format.DateTimeFormatter,org.pitest.mutationtest.engine.gregor.mutators.RemoveConditionalMutator_EQUAL_ELSE,parseLocalDateTime,817,SURVIVED,none
DateTimeFormatter.java,org.joda.time.format.DateTimeFormatter,org.pitest.mutationtest.engine.gregor.mutators.RemoveConditionalMutator_EQUAL_IF,parseLocalDateTime,813,KILLED,org.joda.time.LocalDateTime_ESTest.test06
DateTimeFormatter.java,org.joda.time.format.DateTimeFormatter,org.pitest.mutationtest.engine.gregor.mutators.RemoveConditionalMutator_EQUAL_IF,parseLocalDateTime,817,SURVIVED,none
DateTimeFormatter.java,org.joda.time.format.DateTimeFormatter,org.pitest.mutationtest.engine.gregor.mutators.RemoveConditionalMutator_ORDER_ELSE,parseLocalDateTime,810,KILLED,org.joda.time.LocalDateTime_ESTest.test06
DateTimeFormatter.java,org.joda.time.format.DateTimeFormatter,org.pitest.mutationtest.engine.gregor.mutators.RemoveConditionalMutator_ORDER_ELSE,parseLocalDateTime,811,KILLED,org.joda.time.LocalDateTime_ESTest.test06
DateTimeFormatter.java,org.joda.time.format.DateTimeFormatter,org.pitest.mutationtest.engine.gregor.mutators.RemoveConditionalMutator_ORDER_IF,parseLocalDateTime,810,SURVIVED,none
DateTimeFormatter.java,org.joda.time.format.DateTimeFormatter,org.pitest.mutationtest.engine.gregor.mutators.RemoveConditionalMutator_ORDER_IF,parseLocalDateTime,811,KILLED,org.joda.time.LocalDateTime_ESTest.test08
DateTimeFormatter.java,org.joda.time.format.DateTimeFormatter,org.pitest.mutationtest.engine.gregor.mutators.ReturnValsMutator,parseLocalDateTime,820,KILLED,org.joda.time.LocalDateTime_ESTest.test02
DateTimeFormatter.java,org.joda.time.format.DateTimeFormatter,org.pitest.mutationtest.engine.gregor.mutators.experimental.NakedReceiverMutator,parseLocalDateTime,807,SURVIVED,none
DateTimeFormatter.java,org.joda.time.format.DateTimeFormatter,org.pitest.mutationtest.engine.gregor.mutators.experimental.NakedReceiverMutator,parseLocalDateTime,816,NO_COVERAGE,none
DateTimeFormatter.java,org.joda.time.format.DateTimeFormatter,org.pitest.mutationtest.engine.gregor.mutators.experimental.NakedReceiverMutator,parseLocalDateTime,818,SURVIVED,none
DateTimeFormatter.java,org.joda.time.format.DateTimeFormatter,org.pitest.mutationtest.engine.gregor.mutators.NonVoidMethodCallMutator,parseLocalTime,787,NO_COVERAGE,none
DateTimeFormatter.java,org.joda.time.format.DateTimeFormatter,org.pitest.mutationtest.engine.gregor.mutators.NonVoidMethodCallMutator,parseLocalTime,787,NO_COVERAGE,none
DateTimeFormatter.java,org.joda.time.format.DateTimeFormatter,org.pitest.mutationtest.engine.gregor.mutators.NullReturnValsMutator,parseLocalTime,787,NO_COVERAGE,none
DateTimeFormatter.java,org.joda.time.format.DateTimeFormatter,org.pitest.mutationtest.engine.gregor.mutators.ReturnValsMutator,parseLocalTime,787,NO_COVERAGE,none
DateTimeFormatter.java,org.joda.time.format.DateTimeFormatter,org.pitest.mutationtest.engine.gregor.mutators.ArgumentPropagationMutator,parseMillis,741,NO_COVERAGE,none
DateTimeFormatter.java,org.joda.time.format.DateTimeFormatter,org.pitest.mutationtest.engine.gregor.mutators.ArgumentPropagationMutator,parseMillis,743,NO_COVERAGE,none
DateTimeFormatter.java,org.joda.time.format.DateTimeFormatter,org.pitest.mutationtest.engine.gregor.mutators.ArgumentPropagationMutator,parseMillis,751,NO_COVERAGE,none
DateTimeFormatter.java,org.joda.time.format.DateTimeFormatter,org.pitest.mutationtest.engine.gregor.mutators.ConditionalsBoundaryMutator,parseMillis,744,NO_COVERAGE,none
DateTimeFormatter.java,org.joda.time.format.DateTimeFormatter,org.pitest.mutationtest.engine.gregor.mutators.ConditionalsBoundaryMutator,parseMillis,745,NO_COVERAGE,none
DateTimeFormatter.java,org.joda.time.format.DateTimeFormatter,org.pitest.mutationtest.engine.gregor.mutators.ConstructorCallMutator,parseMillis,742,NO_COVERAGE,none
DateTimeFormatter.java,org.joda.time.format.DateTimeFormatter,org.pitest.mutationtest.engine.gregor.mutators.ConstructorCallMutator,parseMillis,751,NO_COVERAGE,none
DateTimeFormatter.java,org.joda.time.format.DateTimeFormatter,org.pitest.mutationtest.engine.gregor.mutators.InlineConstantMutator,parseMillis,742,NO_COVERAGE,none
DateTimeFormatter.java,org.joda.time.format.DateTimeFormatter,org.pitest.mutationtest.engine.gregor.mutators.InlineConstantMutator,parseMillis,743,NO_COVERAGE,none
DateTimeFormatter.java,org.joda.time.format.DateTimeFormatter,org.pitest.mutationtest.engine.gregor.mutators.InlineConstantMutator,parseMillis,746,NO_COVERAGE,none
DateTimeFormatter.java,org.joda.time.format.DateTimeFormatter,org.pitest.mutationtest.engine.gregor.mutators.InlineConstantMutator,parseMillis,749,NO_COVERAGE,none
DateTimeFormatter.java,org.joda.time.format.DateTimeFormatter,org.pitest.mutationtest.engine.gregor.mutators.MathMutator,parseMillis,749,NO_COVERAGE,none
DateTimeFormatter.java,org.joda.time.format.DateTimeFormatter,org.pitest.mutationtest.engine.gregor.mutators.NegateConditionalsMutator,parseMillis,744,NO_COVERAGE,none
DateTimeFormatter.java,org.joda.time.format.DateTimeFormatter,org.pitest.mutationtest.engine.gregor.mutators.NegateConditionalsMutator,parseMillis,745,NO_COVERAGE,none
DateTimeFormatter.java,org.joda.time.format.DateTimeFormatter,org.pitest.mutationtest.engine.gregor.mutators.NonVoidMethodCallMutator,parseMillis,739,NO_COVERAGE,none
DateTimeFormatter.java,org.joda.time.format.DateTimeFormatter,org.pitest.mutationtest.engine.gregor.mutators.NonVoidMethodCallMutator,parseMillis,741,NO_COVERAGE,none
DateTimeFormatter.java,org.joda.time.format.DateTimeFormatter,org.pitest.mutationtest.engine.gregor.mutators.NonVoidMethodCallMutator,parseMillis,743,NO_COVERAGE,none
DateTimeFormatter.java,org.joda.time.format.DateTimeFormatter,org.pitest.mutationtest.engine.gregor.mutators.NonVoidMethodCallMutator,parseMillis,745,NO_COVERAGE,none
DateTimeFormatter.java,org.joda.time.format.DateTimeFormatter,org.pitest.mutationtest.engine.gregor.mutators.NonVoidMethodCallMutator,parseMillis,746,NO_COVERAGE,none
DateTimeFormatter.java,org.joda.time.format.DateTimeFormatter,org.pitest.mutationtest.engine.gregor.mutators.NonVoidMethodCallMutator,parseMillis,751,NO_COVERAGE,none
DateTimeFormatter.java,org.joda.time.format.DateTimeFormatter,org.pitest.mutationtest.engine.gregor.mutators.PrimitiveReturnsMutator,parseMillis,746,NO_COVERAGE,none
DateTimeFormatter.java,org.joda.time.format.DateTimeFormatter,org.pitest.mutationtest.engine.gregor.mutators.RemoveConditionalMutator_ORDER_ELSE,parseMillis,744,NO_COVERAGE,none
DateTimeFormatter.java,org.joda.time.format.DateTimeFormatter,org.pitest.mutationtest.engine.gregor.mutators.RemoveConditionalMutator_ORDER_ELSE,parseMillis,745,NO_COVERAGE,none
DateTimeFormatter.java,org.joda.time.format.DateTimeFormatter,org.pitest.mutationtest.engine.gregor.mutators.RemoveConditionalMutator_ORDER_IF,parseMillis,744,NO_COVERAGE,none
DateTimeFormatter.java,org.joda.time.format.DateTimeFormatter,org.pitest.mutationtest.engine.gregor.mutators.RemoveConditionalMutator_ORDER_IF,parseMillis,745,NO_COVERAGE,none
DateTimeFormatter.java,org.joda.time.format.DateTimeFormatter,org.pitest.mutationtest.engine.gregor.mutators.ReturnValsMutator,parseMillis,746,NO_COVERAGE,none
DateTimeFormatter.java,org.joda.time.format.DateTimeFormatter,org.pitest.mutationtest.engine.gregor.mutators.ArgumentPropagationMutator,parseMutableDateTime,893,NO_COVERAGE,none
DateTimeFormatter.java,org.joda.time.format.DateTimeFormatter,org.pitest.mutationtest.engine.gregor.mutators.ArgumentPropagationMutator,parseMutableDateTime,895,NO_COVERAGE,none
DateTimeFormatter.java,org.joda.time.format.DateTimeFormatter,org.pitest.mutationtest.engine.gregor.mutators.ArgumentPropagationMutator,parseMutableDateTime,915,NO_COVERAGE,none
DateTimeFormatter.java,org.joda.time.format.DateTimeFormatter,org.pitest.mutationtest.engine.gregor.mutators.ConditionalsBoundaryMutator,parseMutableDateTime,896,NO_COVERAGE,none
DateTimeFormatter.java,org.joda.time.format.DateTimeFormatter,org.pitest.mutationtest.engine.gregor.mutators.ConditionalsBoundaryMutator,parseMutableDateTime,897,NO_COVERAGE,none
DateTimeFormatter.java,org.joda.time.format.DateTimeFormatter,org.pitest.mutationtest.engine.gregor.mutators.ConstructorCallMutator,parseMutableDateTime,894,NO_COVERAGE,none
DateTimeFormatter.java,org.joda.time.format.DateTimeFormatter,org.pitest.mutationtest.engine.gregor.mutators.ConstructorCallMutator,parseMutableDateTime,906,NO_COVERAGE,none
DateTimeFormatter.java,org.joda.time.format.DateTimeFormatter,org.pitest.mutationtest.engine.gregor.mutators.ConstructorCallMutator,parseMutableDateTime,915,NO_COVERAGE,none
DateTimeFormatter.java,org.joda.time.format.DateTimeFormatter,org.pitest.mutationtest.engine.gregor.mutators.InlineConstantMutator,parseMutableDateTime,894,NO_COVERAGE,none
DateTimeFormatter.java,org.joda.time.format.DateTimeFormatter,org.pitest.mutationtest.engine.gregor.mutators.InlineConstantMutator,parseMutableDateTime,895,NO_COVERAGE,none
DateTimeFormatter.java,org.joda.time.format.DateTimeFormatter,org.pitest.mutationtest.engine.gregor.mutators.InlineConstantMutator,parseMutableDateTime,898,NO_COVERAGE,none
DateTimeFormatter.java,org.joda.time.format.DateTimeFormatter,org.pitest.mutationtest.engine.gregor.mutators.InlineConstantMutator,parseMutableDateTime,913,NO_COVERAGE,none
DateTimeFormatter.java,org.joda.time.format.DateTimeFormatter,org.pitest.mutationtest.engine.gregor.mutators.MathMutator,parseMutableDateTime,913,NO_COVERAGE,none
DateTimeFormatter.java,org.joda.time.format.DateTimeFormatter,org.pitest.mutationtest.engine.gregor.mutators.NegateConditionalsMutator,parseMutableDateTime,896,NO_COVERAGE,none
DateTimeFormatter.java,org.joda.time.format.DateTimeFormatter,org.pitest.mutationtest.engine.gregor.mutators.NegateConditionalsMutator,parseMutableDateTime,897,NO_COVERAGE,none
DateTimeFormatter.java,org.joda.time.format.DateTimeFormatter,org.pitest.mutationtest.engine.gregor.mutators.NegateConditionalsMutator,parseMutableDateTime,899,NO_COVERAGE,none
DateTimeFormatter.java,org.joda.time.format.DateTimeFormatter,org.pitest.mutationtest.engine.gregor.mutators.NegateConditionalsMutator,parseMutableDateTime,899,NO_COVERAGE,none
DateTimeFormatter.java,org.joda.time.format.DateTimeFormatter,org.pitest.mutationtest.engine.gregor.mutators.NegateConditionalsMutator,parseMutableDateTime,903,NO_COVERAGE,none
DateTimeFormatter.java,org.joda.time.format.DateTimeFormatter,org.pitest.mutationtest.engine.gregor.mutators.NegateConditionalsMutator,parseMutableDateTime,907,NO_COVERAGE,none
DateTimeFormatter.java,org.joda.time.format.DateTimeFormatter,org.pitest.mutationtest.engine.gregor.mutators.NonVoidMethodCallMutator,parseMutableDateTime,891,NO_COVERAGE,none
DateTimeFormatter.java,org.joda.time.format.DateTimeFormatter,org.pitest.mutationtest.engine.gregor.mutators.NonVoidMethodCallMutator,parseMutableDateTime,893,NO_COVERAGE,none
DateTimeFormatter.java,org.joda.time.format.DateTimeFormatter,org.pitest.mutationtest.engine.gregor.mutators.NonVoidMethodCallMutator,parseMutableDateTime,895,NO_COVERAGE,none
DateTimeFormatter.java,org.joda.time.format.DateTimeFormatter,org.pitest.mutationtest.engine.gregor.mutators.NonVoidMethodCallMutator,parseMutableDateTime,897,NO_COVERAGE,none
DateTimeFormatter.java,org.joda.time.format.DateTimeFormatter,org.pitest.mutationtest.engine.gregor.mutators.NonVoidMethodCallMutator,parseMutableDateTime,898,NO_COVERAGE,none
DateTimeFormatter.java,org.joda.time.format.DateTimeFormatter,org.pitest.mutationtest.engine.gregor.mutators.NonVoidMethodCallMutator,parseMutableDateTime,899,NO_COVERAGE,none
DateTimeFormatter.java,org.joda.time.format.DateTimeFormatter,org.pitest.mutationtest.engine.gregor.mutators.NonVoidMethodCallMutator,parseMutableDateTime,900,NO_COVERAGE,none
DateTimeFormatter.java,org.joda.time.format.DateTimeFormatter,org.pitest.mutationtest.engine.gregor.mutators.NonVoidMethodCallMutator,parseMutableDateTime,900,NO_COVERAGE,none
DateTimeFormatter.java,org.joda.time.format.DateTimeFormatter,org.pitest.mutationtest.engine.gregor.mutators.NonVoidMethodCallMutator,parseMutableDateTime,901,NO_COVERAGE,none
DateTimeFormatter.java,org.joda.time.format.DateTimeFormatter,org.pitest.mutationtest.engine.gregor.mutators.NonVoidMethodCallMutator,parseMutableDateTime,902,NO_COVERAGE,none
DateTimeFormatter.java,org.joda.time.format.DateTimeFormatter,org.pitest.mutationtest.engine.gregor.mutators.NonVoidMethodCallMutator,parseMutableDateTime,903,NO_COVERAGE,none
DateTimeFormatter.java,org.joda.time.format.DateTimeFormatter,org.pitest.mutationtest.engine.gregor.mutators.NonVoidMethodCallMutator,parseMutableDateTime,904,NO_COVERAGE,none
DateTimeFormatter.java,org.joda.time.format.DateTimeFormatter,org.pitest.mutationtest.engine.gregor.mutators.NonVoidMethodCallMutator,parseMutableDateTime,904,NO_COVERAGE,none
DateTimeFormatter.java,org.joda.time.format.DateTimeFormatter,org.pitest.mutationtest.engine.gregor.mutators.NonVoidMethodCallMutator,parseMutableDateTime,915,NO_COVERAGE,none
DateTimeFormatter.java,org.joda.time.format.DateTimeFormatter,org.pitest.mutationtest.engine.gregor.mutators.NullReturnValsMutator,parseMutableDateTime,910,NO_COVERAGE,none
DateTimeFormatter.java,org.joda.time.format.DateTimeFormatter,org.pitest.mutationtest.engine.gregor.mutators.RemoveConditionalMutator_EQUAL_ELSE,parseMutableDateTime,899,NO_COVERAGE,none
DateTimeFormatter.java,org.joda.time.format.DateTimeFormatter,org.pitest.mutationtest.engine.gregor.mutators.RemoveConditionalMutator_EQUAL_ELSE,parseMutableDateTime,899,NO_COVERAGE,none
DateTimeFormatter.java,org.joda.time.format.DateTimeFormatter,org.pitest.mutationtest.engine.gregor.mutators.RemoveConditionalMutator_EQUAL_ELSE,parseMutableDateTime,903,NO_COVERAGE,none
DateTimeFormatter.java,org.joda.time.format.DateTimeFormatter,org.pitest.mutationtest.engine.gregor.mutators.RemoveConditionalMutator_EQUAL_ELSE,parseMutableDateTime,907,NO_COVERAGE,none
DateTimeFormatter.java,org.joda.time.format.DateTimeFormatter,org.pitest.mutationtest.engine.gregor.mutators.RemoveConditionalMutator_EQUAL_IF,parseMutableDateTime,899,NO_COVERAGE,none
DateTimeFormatter.java,org.joda.time.format.DateTimeFormatter,org.pitest.mutationtest.engine.gregor.mutators.RemoveConditionalMutator_EQUAL_IF,parseMutableDateTime,899,NO_COVERAGE,none
DateTimeFormatter.java,org.joda.time.format.DateTimeFormatter,org.pitest.mutationtest.engine.gregor.mutators.RemoveConditionalMutator_EQUAL_IF,parseMutableDateTime,903,NO_COVERAGE,none
DateTimeFormatter.java,org.joda.time.format.DateTimeFormatter,org.pitest.mutationtest.engine.gregor.mutators.RemoveConditionalMutator_EQUAL_IF,parseMutableDateTime,907,NO_COVERAGE,none
DateTimeFormatter.java,org.joda.time.format.DateTimeFormatter,org.pitest.mutationtest.engine.gregor.mutators.RemoveConditionalMutator_ORDER_ELSE,parseMutableDateTime,896,NO_COVERAGE,none
DateTimeFormatter.java,org.joda.time.format.DateTimeFormatter,org.pitest.mutationtest.engine.gregor.mutators.RemoveConditionalMutator_ORDER_ELSE,parseMutableDateTime,897,NO_COVERAGE,none
DateTimeFormatter.java,org.joda.time.format.DateTimeFormatter,org.pitest.mutationtest.engine.gregor.mutators.RemoveConditionalMutator_ORDER_IF,parseMutableDateTime,896,NO_COVERAGE,none
DateTimeFormatter.java,org.joda.time.format.DateTimeFormatter,org.pitest.mutationtest.engine.gregor.mutators.RemoveConditionalMutator_ORDER_IF,parseMutableDateTime,897,NO_COVERAGE,none
DateTimeFormatter.java,org.joda.time.format.DateTimeFormatter,org.pitest.mutationtest.engine.gregor.mutators.ReturnValsMutator,parseMutableDateTime,910,NO_COVERAGE,none
DateTimeFormatter.java,org.joda.time.format.DateTimeFormatter,org.pitest.mutationtest.engine.gregor.mutators.VoidMethodCallMutator,parseMutableDateTime,908,NO_COVERAGE,none
DateTimeFormatter.java,org.joda.time.format.DateTimeFormatter,org.pitest.mutationtest.engine.gregor.mutators.experimental.NakedReceiverMutator,parseMutableDateTime,902,NO_COVERAGE,none
DateTimeFormatter.java,org.joda.time.format.DateTimeFormatter,org.pitest.mutationtest.engine.gregor.mutators.experimental.NakedReceiverMutator,parseMutableDateTime,904,NO_COVERAGE,none
DateTimeFormatter.java,org.joda.time.format.DateTimeFormatter,org.pitest.mutationtest.engine.gregor.mutators.ConstructorCallMutator,print,597,NO_COVERAGE,none
DateTimeFormatter.java,org.joda.time.format.DateTimeFormatter,org.pitest.mutationtest.engine.gregor.mutators.EmptyObjectReturnValsMutator,print,599,NO_COVERAGE,none
DateTimeFormatter.java,org.joda.time.format.DateTimeFormatter,org.pitest.mutationtest.engine.gregor.mutators.NonVoidMethodCallMutator,print,597,NO_COVERAGE,none
DateTimeFormatter.java,org.joda.time.format.DateTimeFormatter,org.pitest.mutationtest.engine.gregor.mutators.NonVoidMethodCallMutator,print,597,NO_COVERAGE,none
DateTimeFormatter.java,org.joda.time.format.DateTimeFormatter,org.pitest.mutationtest.engine.gregor.mutators.NonVoidMethodCallMutator,print,599,NO_COVERAGE,none
DateTimeFormatter.java,org.joda.time.format.DateTimeFormatter,org.pitest.mutationtest.engine.gregor.mutators.ReturnValsMutator,print,599,NO_COVERAGE,none
DateTimeFormatter.java,org.joda.time.format.DateTimeFormatter,org.pitest.mutationtest.engine.gregor.mutators.VoidMethodCallMutator,print,598,NO_COVERAGE,none
DateTimeFormatter.java,org.joda.time.format.DateTimeFormatter,org.pitest.mutationtest.engine.gregor.mutators.ConstructorCallMutator,print,582,NO_COVERAGE,none
DateTimeFormatter.java,org.joda.time.format.DateTimeFormatter,org.pitest.mutationtest.engine.gregor.mutators.EmptyObjectReturnValsMutator,print,584,NO_COVERAGE,none
DateTimeFormatter.java,org.joda.time.format.DateTimeFormatter,org.pitest.mutationtest.engine.gregor.mutators.NonVoidMethodCallMutator,print,582,NO_COVERAGE,none
DateTimeFormatter.java,org.joda.time.format.DateTimeFormatter,org.pitest.mutationtest.engine.gregor.mutators.NonVoidMethodCallMutator,print,582,NO_COVERAGE,none
DateTimeFormatter.java,org.joda.time.format.DateTimeFormatter,org.pitest.mutationtest.engine.gregor.mutators.NonVoidMethodCallMutator,print,584,NO_COVERAGE,none
DateTimeFormatter.java,org.joda.time.format.DateTimeFormatter,org.pitest.mutationtest.engine.gregor.mutators.ReturnValsMutator,print,584,NO_COVERAGE,none
DateTimeFormatter.java,org.joda.time.format.DateTimeFormatter,org.pitest.mutationtest.engine.gregor.mutators.VoidMethodCallMutator,print,583,NO_COVERAGE,none
DateTimeFormatter.java,org.joda.time.format.DateTimeFormatter,org.pitest.mutationtest.engine.gregor.mutators.ConstructorCallMutator,print,612,NO_COVERAGE,none
DateTimeFormatter.java,org.joda.time.format.DateTimeFormatter,org.pitest.mutationtest.engine.gregor.mutators.EmptyObjectReturnValsMutator,print,614,NO_COVERAGE,none
DateTimeFormatter.java,org.joda.time.format.DateTimeFormatter,org.pitest.mutationtest.engine.gregor.mutators.NonVoidMethodCallMutator,print,612,NO_COVERAGE,none
DateTimeFormatter.java,org.joda.time.format.DateTimeFormatter,org.pitest.mutationtest.engine.gregor.mutators.NonVoidMethodCallMutator,print,612,NO_COVERAGE,none
DateTimeFormatter.java,org.joda.time.format.DateTimeFormatter,org.pitest.mutationtest.engine.gregor.mutators.NonVoidMethodCallMutator,print,614,NO_COVERAGE,none
DateTimeFormatter.java,org.joda.time.format.DateTimeFormatter,org.pitest.mutationtest.engine.gregor.mutators.ReturnValsMutator,print,614,NO_COVERAGE,none
DateTimeFormatter.java,org.joda.time.format.DateTimeFormatter,org.pitest.mutationtest.engine.gregor.mutators.VoidMethodCallMutator,print,613,NO_COVERAGE,none
DateTimeFormatter.java,org.joda.time.format.DateTimeFormatter,org.pitest.mutationtest.engine.gregor.mutators.VoidMethodCallMutator,printTo,507,NO_COVERAGE,none
DateTimeFormatter.java,org.joda.time.format.DateTimeFormatter,org.pitest.mutationtest.engine.gregor.mutators.ArgumentPropagationMutator,printTo,636,NO_COVERAGE,none
DateTimeFormatter.java,org.joda.time.format.DateTimeFormatter,org.pitest.mutationtest.engine.gregor.mutators.ConditionalsBoundaryMutator,printTo,642,NO_COVERAGE,none
DateTimeFormatter.java,org.joda.time.format.DateTimeFormatter,org.pitest.mutationtest.engine.gregor.mutators.ConditionalsBoundaryMutator,printTo,642,NO_COVERAGE,none
DateTimeFormatter.java,org.joda.time.format.DateTimeFormatter,org.pitest.mutationtest.engine.gregor.mutators.InlineConstantMutator,printTo,642,NO_COVERAGE,none
DateTimeFormatter.java,org.joda.time.format.DateTimeFormatter,org.pitest.mutationtest.engine.gregor.mutators.InlineConstantMutator,printTo,642,NO_COVERAGE,none
DateTimeFormatter.java,org.joda.time.format.DateTimeFormatter,org.pitest.mutationtest.engine.gregor.mutators.InlineConstantMutator,printTo,645,NO_COVERAGE,none
DateTimeFormatter.java,org.joda.time.format.DateTimeFormatter,org.pitest.mutationtest.engine.gregor.mutators.MathMutator,printTo,641,NO_COVERAGE,none
DateTimeFormatter.java,org.joda.time.format.DateTimeFormatter,org.pitest.mutationtest.engine.gregor.mutators.MathMutator,printTo,642,NO_COVERAGE,none
DateTimeFormatter.java,org.joda.time.format.DateTimeFormatter,org.pitest.mutationtest.engine.gregor.mutators.MathMutator,printTo,642,NO_COVERAGE,none
DateTimeFormatter.java,org.joda.time.format.DateTimeFormatter,org.pitest.mutationtest.engine.gregor.mutators.NegateConditionalsMutator,printTo,642,NO_COVERAGE,none
DateTimeFormatter.java,org.joda.time.format.DateTimeFormatter,org.pitest.mutationtest.engine.gregor.mutators.NegateConditionalsMutator,printTo,642,NO_COVERAGE,none
DateTimeFormatter.java,org.joda.time.format.DateTimeFormatter,org.pitest.mutationtest.engine.gregor.mutators.NonVoidMethodCallMutator,printTo,635,NO_COVERAGE,none
DateTimeFormatter.java,org.joda.time.format.DateTimeFormatter,org.pitest.mutationtest.engine.gregor.mutators.NonVoidMethodCallMutator,printTo,636,NO_COVERAGE,none
DateTimeFormatter.java,org.joda.time.format.DateTimeFormatter,org.pitest.mutationtest.engine.gregor.mutators.NonVoidMethodCallMutator,printTo,639,NO_COVERAGE,none
DateTimeFormatter.java,org.joda.time.format.DateTimeFormatter,org.pitest.mutationtest.engine.gregor.mutators.NonVoidMethodCallMutator,printTo,640,NO_COVERAGE,none
DateTimeFormatter.java,org.joda.time.format.DateTimeFormatter,org.pitest.mutationtest.engine.gregor.mutators.NonVoidMethodCallMutator,printTo,648,NO_COVERAGE,none
DateTimeFormatter.java,org.joda.time.format.DateTimeFormatter,org.pitest.mutationtest.engine.gregor.mutators.RemoveConditionalMutator_ORDER_ELSE,printTo,642,NO_COVERAGE,none
DateTimeFormatter.java,org.joda.time.format.DateTimeFormatter,org.pitest.mutationtest.engine.gregor.mutators.RemoveConditionalMutator_ORDER_ELSE,printTo,642,NO_COVERAGE,none
DateTimeFormatter.java,org.joda.time.format.DateTimeFormatter,org.pitest.mutationtest.engine.gregor.mutators.RemoveConditionalMutator_ORDER_IF,printTo,642,NO_COVERAGE,none
DateTimeFormatter.java,org.joda.time.format.DateTimeFormatter,org.pitest.mutationtest.engine.gregor.mutators.RemoveConditionalMutator_ORDER_IF,printTo,642,NO_COVERAGE,none
DateTimeFormatter.java,org.joda.time.format.DateTimeFormatter,org.pitest.mutationtest.engine.gregor.mutators.VoidMethodCallMutator,printTo,648,NO_COVERAGE,none
DateTimeFormatter.java,org.joda.time.format.DateTimeFormatter,org.pitest.mutationtest.engine.gregor.mutators.experimental.NakedReceiverMutator,printTo,648,NO_COVERAGE,none
DateTimeFormatter.java,org.joda.time.format.DateTimeFormatter,org.pitest.mutationtest.engine.gregor.mutators.NonVoidMethodCallMutator,printTo,471,NO_COVERAGE,none
DateTimeFormatter.java,org.joda.time.format.DateTimeFormatter,org.pitest.mutationtest.engine.gregor.mutators.NonVoidMethodCallMutator,printTo,472,NO_COVERAGE,none
DateTimeFormatter.java,org.joda.time.format.DateTimeFormatter,org.pitest.mutationtest.engine.gregor.mutators.VoidMethodCallMutator,printTo,473,NO_COVERAGE,none
DateTimeFormatter.java,org.joda.time.format.DateTimeFormatter,org.pitest.mutationtest.engine.gregor.mutators.ConstructorCallMutator,printTo,552,NO_COVERAGE,none
DateTimeFormatter.java,org.joda.time.format.DateTimeFormatter,org.pitest.mutationtest.engine.gregor.mutators.NegateConditionalsMutator,printTo,551,NO_COVERAGE,none
DateTimeFormatter.java,org.joda.time.format.DateTimeFormatter,org.pitest.mutationtest.engine.gregor.mutators.NonVoidMethodCallMutator,printTo,550,NO_COVERAGE,none
DateTimeFormatter.java,org.joda.time.format.DateTimeFormatter,org.pitest.mutationtest.engine.gregor.mutators.RemoveConditionalMutator_EQUAL_ELSE,printTo,551,NO_COVERAGE,none
DateTimeFormatter.java,org.joda.time.format.DateTimeFormatter,org.pitest.mutationtest.engine.gregor.mutators.RemoveConditionalMutator_EQUAL_IF,printTo,551,NO_COVERAGE,none
DateTimeFormatter.java,org.joda.time.format.DateTimeFormatter,org.pitest.mutationtest.engine.gregor.mutators.VoidMethodCallMutator,printTo,554,NO_COVERAGE,none
DateTimeFormatter.java,org.joda.time.format.DateTimeFormatter,org.pitest.mutationtest.engine.gregor.mutators.NonVoidMethodCallMutator,printTo,519,NO_COVERAGE,none
DateTimeFormatter.java,org.joda.time.format.DateTimeFormatter,org.pitest.mutationtest.engine.gregor.mutators.NonVoidMethodCallMutator,printTo,519,NO_COVERAGE,none
DateTimeFormatter.java,org.joda.time.format.DateTimeFormatter,org.pitest.mutationtest.engine.gregor.mutators.experimental.NakedReceiverMutator,printTo,519,NO_COVERAGE,none
DateTimeFormatter.java,org.joda.time.format.DateTimeFormatter,org.pitest.mutationtest.engine.gregor.mutators.NonVoidMethodCallMutator,printTo,484,NO_COVERAGE,none
DateTimeFormatter.java,org.joda.time.format.DateTimeFormatter,org.pitest.mutationtest.engine.gregor.mutators.NonVoidMethodCallMutator,printTo,484,NO_COVERAGE,none
DateTimeFormatter.java,org.joda.time.format.DateTimeFormatter,org.pitest.mutationtest.engine.gregor.mutators.experimental.NakedReceiverMutator,printTo,484,NO_COVERAGE,none
DateTimeFormatter.java,org.joda.time.format.DateTimeFormatter,org.pitest.mutationtest.engine.gregor.mutators.NonVoidMethodCallMutator,printTo,568,NO_COVERAGE,none
DateTimeFormatter.java,org.joda.time.format.DateTimeFormatter,org.pitest.mutationtest.engine.gregor.mutators.NonVoidMethodCallMutator,printTo,568,NO_COVERAGE,none
DateTimeFormatter.java,org.joda.time.format.DateTimeFormatter,org.pitest.mutationtest.engine.gregor.mutators.experimental.NakedReceiverMutator,printTo,568,NO_COVERAGE,none
DateTimeFormatter.java,org.joda.time.format.DateTimeFormatter,org.pitest.mutationtest.engine.gregor.mutators.VoidMethodCallMutator,printTo,496,NO_COVERAGE,none
DateTimeFormatter.java,org.joda.time.format.DateTimeFormatter,org.pitest.mutationtest.engine.gregor.mutators.ArgumentPropagationMutator,printTo,619,NO_COVERAGE,none
DateTimeFormatter.java,org.joda.time.format.DateTimeFormatter,org.pitest.mutationtest.engine.gregor.mutators.ConditionalsBoundaryMutator,printTo,625,NO_COVERAGE,none
DateTimeFormatter.java,org.joda.time.format.DateTimeFormatter,org.pitest.mutationtest.engine.gregor.mutators.ConditionalsBoundaryMutator,printTo,625,NO_COVERAGE,none
DateTimeFormatter.java,org.joda.time.format.DateTimeFormatter,org.pitest.mutationtest.engine.gregor.mutators.InlineConstantMutator,printTo,625,NO_COVERAGE,none
DateTimeFormatter.java,org.joda.time.format.DateTimeFormatter,org.pitest.mutationtest.engine.gregor.mutators.InlineConstantMutator,printTo,625,NO_COVERAGE,none
DateTimeFormatter.java,org.joda.time.format.DateTimeFormatter,org.pitest.mutationtest.engine.gregor.mutators.InlineConstantMutator,printTo,628,NO_COVERAGE,none
DateTimeFormatter.java,org.joda.time.format.DateTimeFormatter,org.pitest.mutationtest.engine.gregor.mutators.MathMutator,printTo,624,NO_COVERAGE,none
DateTimeFormatter.java,org.joda.time.format.DateTimeFormatter,org.pitest.mutationtest.engine.gregor.mutators.MathMutator,printTo,625,NO_COVERAGE,none
DateTimeFormatter.java,org.joda.time.format.DateTimeFormatter,org.pitest.mutationtest.engine.gregor.mutators.MathMutator,printTo,625,NO_COVERAGE,none
DateTimeFormatter.java,org.joda.time.format.DateTimeFormatter,org.pitest.mutationtest.engine.gregor.mutators.NegateConditionalsMutator,printTo,625,NO_COVERAGE,none
DateTimeFormatter.java,org.joda.time.format.DateTimeFormatter,org.pitest.mutationtest.engine.gregor.mutators.NegateConditionalsMutator,printTo,625,NO_COVERAGE,none
DateTimeFormatter.java,org.joda.time.format.DateTimeFormatter,org.pitest.mutationtest.engine.gregor.mutators.NonVoidMethodCallMutator,printTo,618,NO_COVERAGE,none
DateTimeFormatter.java,org.joda.time.format.DateTimeFormatter,org.pitest.mutationtest.engine.gregor.mutators.NonVoidMethodCallMutator,printTo,619,NO_COVERAGE,none
DateTimeFormatter.java,org.joda.time.format.DateTimeFormatter,org.pitest.mutationtest.engine.gregor.mutators.NonVoidMethodCallMutator,printTo,622,NO_COVERAGE,none
DateTimeFormatter.java,org.joda.time.format.DateTimeFormatter,org.pitest.mutationtest.engine.gregor.mutators.NonVoidMethodCallMutator,printTo,623,NO_COVERAGE,none
DateTimeFormatter.java,org.joda.time.format.DateTimeFormatter,org.pitest.mutationtest.engine.gregor.mutators.NonVoidMethodCallMutator,printTo,631,NO_COVERAGE,none
DateTimeFormatter.java,org.joda.time.format.DateTimeFormatter,org.pitest.mutationtest.engine.gregor.mutators.RemoveConditionalMutator_ORDER_ELSE,printTo,625,NO_COVERAGE,none
DateTimeFormatter.java,org.joda.time.format.DateTimeFormatter,org.pitest.mutationtest.engine.gregor.mutators.RemoveConditionalMutator_ORDER_ELSE,printTo,625,NO_COVERAGE,none
DateTimeFormatter.java,org.joda.time.format.DateTimeFormatter,org.pitest.mutationtest.engine.gregor.mutators.RemoveConditionalMutator_ORDER_IF,printTo,625,NO_COVERAGE,none
DateTimeFormatter.java,org.joda.time.format.DateTimeFormatter,org.pitest.mutationtest.engine.gregor.mutators.RemoveConditionalMutator_ORDER_IF,printTo,625,NO_COVERAGE,none
DateTimeFormatter.java,org.joda.time.format.DateTimeFormatter,org.pitest.mutationtest.engine.gregor.mutators.VoidMethodCallMutator,printTo,631,NO_COVERAGE,none
DateTimeFormatter.java,org.joda.time.format.DateTimeFormatter,org.pitest.mutationtest.engine.gregor.mutators.experimental.NakedReceiverMutator,printTo,631,NO_COVERAGE,none
DateTimeFormatter.java,org.joda.time.format.DateTimeFormatter,org.pitest.mutationtest.engine.gregor.mutators.NonVoidMethodCallMutator,printTo,459,NO_COVERAGE,none
DateTimeFormatter.java,org.joda.time.format.DateTimeFormatter,org.pitest.mutationtest.engine.gregor.mutators.NonVoidMethodCallMutator,printTo,460,NO_COVERAGE,none
DateTimeFormatter.java,org.joda.time.format.DateTimeFormatter,org.pitest.mutationtest.engine.gregor.mutators.VoidMethodCallMutator,printTo,461,NO_COVERAGE,none
DateTimeFormatter.java,org.joda.time.format.DateTimeFormatter,org.pitest.mutationtest.engine.gregor.mutators.ConstructorCallMutator,printTo,535,NO_COVERAGE,none
DateTimeFormatter.java,org.joda.time.format.DateTimeFormatter,org.pitest.mutationtest.engine.gregor.mutators.NegateConditionalsMutator,printTo,534,NO_COVERAGE,none
DateTimeFormatter.java,org.joda.time.format.DateTimeFormatter,org.pitest.mutationtest.engine.gregor.mutators.NonVoidMethodCallMutator,printTo,533,NO_COVERAGE,none
DateTimeFormatter.java,org.joda.time.format.DateTimeFormatter,org.pitest.mutationtest.engine.gregor.mutators.RemoveConditionalMutator_EQUAL_ELSE,printTo,534,NO_COVERAGE,none
DateTimeFormatter.java,org.joda.time.format.DateTimeFormatter,org.pitest.mutationtest.engine.gregor.mutators.RemoveConditionalMutator_EQUAL_IF,printTo,534,NO_COVERAGE,none
DateTimeFormatter.java,org.joda.time.format.DateTimeFormatter,org.pitest.mutationtest.engine.gregor.mutators.VoidMethodCallMutator,printTo,537,NO_COVERAGE,none
DateTimeFormatter.java,org.joda.time.format.DateTimeFormatter,org.pitest.mutationtest.engine.gregor.mutators.ConstructorCallMutator,requireParser,926,NO_COVERAGE,none
DateTimeFormatter.java,org.joda.time.format.DateTimeFormatter,org.pitest.mutationtest.engine.gregor.mutators.NegateConditionalsMutator,requireParser,925,KILLED,org.joda.time.LocalDateTime_ESTest.test08
DateTimeFormatter.java,org.joda.time.format.DateTimeFormatter,org.pitest.mutationtest.engine.gregor.mutators.NullReturnValsMutator,requireParser,928,KILLED,org.joda.time.LocalDateTime_ESTest.test08
DateTimeFormatter.java,org.joda.time.format.DateTimeFormatter,org.pitest.mutationtest.engine.gregor.mutators.RemoveConditionalMutator_EQUAL_ELSE,requireParser,925,SURVIVED,none
DateTimeFormatter.java,org.joda.time.format.DateTimeFormatter,org.pitest.mutationtest.engine.gregor.mutators.RemoveConditionalMutator_EQUAL_IF,requireParser,925,KILLED,org.joda.time.LocalDateTime_ESTest.test08
DateTimeFormatter.java,org.joda.time.format.DateTimeFormatter,org.pitest.mutationtest.engine.gregor.mutators.ReturnValsMutator,requireParser,928,KILLED,org.joda.time.LocalDateTime_ESTest.test08
DateTimeFormatter.java,org.joda.time.format.DateTimeFormatter,org.pitest.mutationtest.engine.gregor.mutators.ConstructorCallMutator,requirePrinter,659,NO_COVERAGE,none
DateTimeFormatter.java,org.joda.time.format.DateTimeFormatter,org.pitest.mutationtest.engine.gregor.mutators.NegateConditionalsMutator,requirePrinter,658,NO_COVERAGE,none
DateTimeFormatter.java,org.joda.time.format.DateTimeFormatter,org.pitest.mutationtest.engine.gregor.mutators.NullReturnValsMutator,requirePrinter,661,NO_COVERAGE,none
DateTimeFormatter.java,org.joda.time.format.DateTimeFormatter,org.pitest.mutationtest.engine.gregor.mutators.RemoveConditionalMutator_EQUAL_ELSE,requirePrinter,658,NO_COVERAGE,none
DateTimeFormatter.java,org.joda.time.format.DateTimeFormatter,org.pitest.mutationtest.engine.gregor.mutators.RemoveConditionalMutator_EQUAL_IF,requirePrinter,658,NO_COVERAGE,none
DateTimeFormatter.java,org.joda.time.format.DateTimeFormatter,org.pitest.mutationtest.engine.gregor.mutators.ReturnValsMutator,requirePrinter,661,NO_COVERAGE,none
DateTimeFormatter.java,org.joda.time.format.DateTimeFormatter,org.pitest.mutationtest.engine.gregor.mutators.ArgumentPropagationMutator,selectChronology,939,KILLED,org.joda.time.LocalDateTime_ESTest.test08
DateTimeFormatter.java,org.joda.time.format.DateTimeFormatter,org.pitest.mutationtest.engine.gregor.mutators.NegateConditionalsMutator,selectChronology,940,KILLED,org.joda.time.LocalDateTime_ESTest.test08
DateTimeFormatter.java,org.joda.time.format.DateTimeFormatter,org.pitest.mutationtest.engine.gregor.mutators.NegateConditionalsMutator,selectChronology,943,SURVIVED,none
DateTimeFormatter.java,org.joda.time.format.DateTimeFormatter,org.pitest.mutationtest.engine.gregor.mutators.NonVoidMethodCallMutator,selectChronology,939,KILLED,org.joda.time.LocalDateTime_ESTest.test08
DateTimeFormatter.java,org.joda.time.format.DateTimeFormatter,org.pitest.mutationtest.engine.gregor.mutators.NonVoidMethodCallMutator,selectChronology,944,KILLED,org.joda.time.LocalDateTime_ESTest.test08
DateTimeFormatter.java,org.joda.time.format.DateTimeFormatter,org.pitest.mutationtest.engine.gregor.mutators.NullReturnValsMutator,selectChronology,946,KILLED,org.joda.time.LocalDateTime_ESTest.test08
DateTimeFormatter.java,org.joda.time.format.DateTimeFormatter,org.pitest.mutationtest.engine.gregor.mutators.RemoveConditionalMutator_EQUAL_ELSE,selectChronology,940,SURVIVED,none
DateTimeFormatter.java,org.joda.time.format.DateTimeFormatter,org.pitest.mutationtest.engine.gregor.mutators.RemoveConditionalMutator_EQUAL_ELSE,selectChronology,943,SURVIVED,none
DateTimeFormatter.java,org.joda.time.format.DateTimeFormatter,org.pitest.mutationtest.engine.gregor.mutators.RemoveConditionalMutator_EQUAL_IF,selectChronology,940,KILLED,org.joda.time.LocalDateTime_ESTest.test08
DateTimeFormatter.java,org.joda.time.format.DateTimeFormatter,org.pitest.mutationtest.engine.gregor.mutators.RemoveConditionalMutator_EQUAL_IF,selectChronology,943,SURVIVED,none
DateTimeFormatter.java,org.joda.time.format.DateTimeFormatter,org.pitest.mutationtest.engine.gregor.mutators.ReturnValsMutator,selectChronology,946,KILLED,org.joda.time.LocalDateTime_ESTest.test08
DateTimeFormatter.java,org.joda.time.format.DateTimeFormatter,org.pitest.mutationtest.engine.gregor.mutators.experimental.NakedReceiverMutator,selectChronology,944,SURVIVED,none
DateTimeFormatter.java,org.joda.time.format.DateTimeFormatter,org.pitest.mutationtest.engine.gregor.mutators.ConstructorCallMutator,withChronology,259,NO_COVERAGE,none
DateTimeFormatter.java,org.joda.time.format.DateTimeFormatter,org.pitest.mutationtest.engine.gregor.mutators.NegateConditionalsMutator,withChronology,256,NO_COVERAGE,none
DateTimeFormatter.java,org.joda.time.format.DateTimeFormatter,org.pitest.mutationtest.engine.gregor.mutators.NullReturnValsMutator,withChronology,257,NO_COVERAGE,none
DateTimeFormatter.java,org.joda.time.format.DateTimeFormatter,org.pitest.mutationtest.engine.gregor.mutators.NullReturnValsMutator,withChronology,259,NO_COVERAGE,none
DateTimeFormatter.java,org.joda.time.format.DateTimeFormatter,org.pitest.mutationtest.engine.gregor.mutators.RemoveConditionalMutator_EQUAL_ELSE,withChronology,256,NO_COVERAGE,none
DateTimeFormatter.java,org.joda.time.format.DateTimeFormatter,org.pitest.mutationtest.engine.gregor.mutators.RemoveConditionalMutator_EQUAL_IF,withChronology,256,NO_COVERAGE,none
DateTimeFormatter.java,org.joda.time.format.DateTimeFormatter,org.pitest.mutationtest.engine.gregor.mutators.ReturnValsMutator,withChronology,257,NO_COVERAGE,none
DateTimeFormatter.java,org.joda.time.format.DateTimeFormatter,org.pitest.mutationtest.engine.gregor.mutators.ReturnValsMutator,withChronology,259,NO_COVERAGE,none
DateTimeFormatter.java,org.joda.time.format.DateTimeFormatter,org.pitest.mutationtest.engine.gregor.mutators.ConstructorCallMutator,withDefaultYear,437,NO_COVERAGE,none
DateTimeFormatter.java,org.joda.time.format.DateTimeFormatter,org.pitest.mutationtest.engine.gregor.mutators.NullReturnValsMutator,withDefaultYear,437,NO_COVERAGE,none
DateTimeFormatter.java,org.joda.time.format.DateTimeFormatter,org.pitest.mutationtest.engine.gregor.mutators.ReturnValsMutator,withDefaultYear,437,NO_COVERAGE,none
DateTimeFormatter.java,org.joda.time.format.DateTimeFormatter,org.pitest.mutationtest.engine.gregor.mutators.ConstructorCallMutator,withLocale,191,NO_COVERAGE,none
DateTimeFormatter.java,org.joda.time.format.DateTimeFormatter,org.pitest.mutationtest.engine.gregor.mutators.NegateConditionalsMutator,withLocale,188,NO_COVERAGE,none
DateTimeFormatter.java,org.joda.time.format.DateTimeFormatter,org.pitest.mutationtest.engine.gregor.mutators.NegateConditionalsMutator,withLocale,188,NO_COVERAGE,none
DateTimeFormatter.java,org.joda.time.format.DateTimeFormatter,org.pitest.mutationtest.engine.gregor.mutators.NegateConditionalsMutator,withLocale,188,NO_COVERAGE,none
DateTimeFormatter.java,org.joda.time.format.DateTimeFormatter,org.pitest.mutationtest.engine.gregor.mutators.NonVoidMethodCallMutator,withLocale,188,NO_COVERAGE,none
DateTimeFormatter.java,org.joda.time.format.DateTimeFormatter,org.pitest.mutationtest.engine.gregor.mutators.NonVoidMethodCallMutator,withLocale,188,NO_COVERAGE,none
DateTimeFormatter.java,org.joda.time.format.DateTimeFormatter,org.pitest.mutationtest.engine.gregor.mutators.NonVoidMethodCallMutator,withLocale,188,NO_COVERAGE,none
DateTimeFormatter.java,org.joda.time.format.DateTimeFormatter,org.pitest.mutationtest.engine.gregor.mutators.NullReturnValsMutator,withLocale,189,NO_COVERAGE,none
DateTimeFormatter.java,org.joda.time.format.DateTimeFormatter,org.pitest.mutationtest.engine.gregor.mutators.NullReturnValsMutator,withLocale,191,NO_COVERAGE,none
DateTimeFormatter.java,org.joda.time.format.DateTimeFormatter,org.pitest.mutationtest.engine.gregor.mutators.RemoveConditionalMutator_EQUAL_ELSE,withLocale,188,NO_COVERAGE,none
DateTimeFormatter.java,org.joda.time.format.DateTimeFormatter,org.pitest.mutationtest.engine.gregor.mutators.RemoveConditionalMutator_EQUAL_ELSE,withLocale,188,NO_COVERAGE,none
DateTimeFormatter.java,org.joda.time.format.DateTimeFormatter,org.pitest.mutationtest.engine.gregor.mutators.RemoveConditionalMutator_EQUAL_ELSE,withLocale,188,NO_COVERAGE,none
DateTimeFormatter.java,org.joda.time.format.DateTimeFormatter,org.pitest.mutationtest.engine.gregor.mutators.RemoveConditionalMutator_EQUAL_IF,withLocale,188,NO_COVERAGE,none
DateTimeFormatter.java,org.joda.time.format.DateTimeFormatter,org.pitest.mutationtest.engine.gregor.mutators.RemoveConditionalMutator_EQUAL_IF,withLocale,188,NO_COVERAGE,none
DateTimeFormatter.java,org.joda.time.format.DateTimeFormatter,org.pitest.mutationtest.engine.gregor.mutators.RemoveConditionalMutator_EQUAL_IF,withLocale,188,NO_COVERAGE,none
DateTimeFormatter.java,org.joda.time.format.DateTimeFormatter,org.pitest.mutationtest.engine.gregor.mutators.ReturnValsMutator,withLocale,189,NO_COVERAGE,none
DateTimeFormatter.java,org.joda.time.format.DateTimeFormatter,org.pitest.mutationtest.engine.gregor.mutators.ReturnValsMutator,withLocale,191,NO_COVERAGE,none
DateTimeFormatter.java,org.joda.time.format.DateTimeFormatter,org.pitest.mutationtest.engine.gregor.mutators.ConstructorCallMutator,withOffsetParsed,224,NO_COVERAGE,none
DateTimeFormatter.java,org.joda.time.format.DateTimeFormatter,org.pitest.mutationtest.engine.gregor.mutators.InlineConstantMutator,withOffsetParsed,221,NO_COVERAGE,none
DateTimeFormatter.java,org.joda.time.format.DateTimeFormatter,org.pitest.mutationtest.engine.gregor.mutators.InlineConstantMutator,withOffsetParsed,224,NO_COVERAGE,none
DateTimeFormatter.java,org.joda.time.format.DateTimeFormatter,org.pitest.mutationtest.engine.gregor.mutators.NegateConditionalsMutator,withOffsetParsed,221,NO_COVERAGE,none
DateTimeFormatter.java,org.joda.time.format.DateTimeFormatter,org.pitest.mutationtest.engine.gregor.mutators.NullReturnValsMutator,withOffsetParsed,222,NO_COVERAGE,none
DateTimeFormatter.java,org.joda.time.format.DateTimeFormatter,org.pitest.mutationtest.engine.gregor.mutators.NullReturnValsMutator,withOffsetParsed,224,NO_COVERAGE,none
DateTimeFormatter.java,org.joda.time.format.DateTimeFormatter,org.pitest.mutationtest.engine.gregor.mutators.RemoveConditionalMutator_EQUAL_ELSE,withOffsetParsed,221,NO_COVERAGE,none
DateTimeFormatter.java,org.joda.time.format.DateTimeFormatter,org.pitest.mutationtest.engine.gregor.mutators.RemoveConditionalMutator_EQUAL_IF,withOffsetParsed,221,NO_COVERAGE,none
DateTimeFormatter.java,org.joda.time.format.DateTimeFormatter,org.pitest.mutationtest.engine.gregor.mutators.ReturnValsMutator,withOffsetParsed,222,NO_COVERAGE,none
DateTimeFormatter.java,org.joda.time.format.DateTimeFormatter,org.pitest.mutationtest.engine.gregor.mutators.ReturnValsMutator,withOffsetParsed,224,NO_COVERAGE,none
DateTimeFormatter.java,org.joda.time.format.DateTimeFormatter,org.pitest.mutationtest.engine.gregor.mutators.NonVoidMethodCallMutator,withPivotYear,404,NO_COVERAGE,none
DateTimeFormatter.java,org.joda.time.format.DateTimeFormatter,org.pitest.mutationtest.engine.gregor.mutators.NonVoidMethodCallMutator,withPivotYear,404,NO_COVERAGE,none
DateTimeFormatter.java,org.joda.time.format.DateTimeFormatter,org.pitest.mutationtest.engine.gregor.mutators.NullReturnValsMutator,withPivotYear,404,NO_COVERAGE,none
DateTimeFormatter.java,org.joda.time.format.DateTimeFormatter,org.pitest.mutationtest.engine.gregor.mutators.ReturnValsMutator,withPivotYear,404,NO_COVERAGE,none
DateTimeFormatter.java,org.joda.time.format.DateTimeFormatter,org.pitest.mutationtest.engine.gregor.mutators.experimental.NakedReceiverMutator,withPivotYear,404,NO_COVERAGE,none
DateTimeFormatter.java,org.joda.time.format.DateTimeFormatter,org.pitest.mutationtest.engine.gregor.mutators.ConstructorCallMutator,withPivotYear,370,NO_COVERAGE,none
DateTimeFormatter.java,org.joda.time.format.DateTimeFormatter,org.pitest.mutationtest.engine.gregor.mutators.NegateConditionalsMutator,withPivotYear,367,NO_COVERAGE,none
DateTimeFormatter.java,org.joda.time.format.DateTimeFormatter,org.pitest.mutationtest.engine.gregor.mutators.NegateConditionalsMutator,withPivotYear,367,NO_COVERAGE,none
DateTimeFormatter.java,org.joda.time.format.DateTimeFormatter,org.pitest.mutationtest.engine.gregor.mutators.NegateConditionalsMutator,withPivotYear,367,NO_COVERAGE,none
DateTimeFormatter.java,org.joda.time.format.DateTimeFormatter,org.pitest.mutationtest.engine.gregor.mutators.NonVoidMethodCallMutator,withPivotYear,367,NO_COVERAGE,none
DateTimeFormatter.java,org.joda.time.format.DateTimeFormatter,org.pitest.mutationtest.engine.gregor.mutators.NullReturnValsMutator,withPivotYear,368,NO_COVERAGE,none
DateTimeFormatter.java,org.joda.time.format.DateTimeFormatter,org.pitest.mutationtest.engine.gregor.mutators.NullReturnValsMutator,withPivotYear,370,NO_COVERAGE,none
DateTimeFormatter.java,org.joda.time.format.DateTimeFormatter,org.pitest.mutationtest.engine.gregor.mutators.RemoveConditionalMutator_EQUAL_ELSE,withPivotYear,367,NO_COVERAGE,none
DateTimeFormatter.java,org.joda.time.format.DateTimeFormatter,org.pitest.mutationtest.engine.gregor.mutators.RemoveConditionalMutator_EQUAL_ELSE,withPivotYear,367,NO_COVERAGE,none
DateTimeFormatter.java,org.joda.time.format.DateTimeFormatter,org.pitest.mutationtest.engine.gregor.mutators.RemoveConditionalMutator_EQUAL_ELSE,withPivotYear,367,NO_COVERAGE,none
DateTimeFormatter.java,org.joda.time.format.DateTimeFormatter,org.pitest.mutationtest.engine.gregor.mutators.RemoveConditionalMutator_EQUAL_IF,withPivotYear,367,NO_COVERAGE,none
DateTimeFormatter.java,org.joda.time.format.DateTimeFormatter,org.pitest.mutationtest.engine.gregor.mutators.RemoveConditionalMutator_EQUAL_IF,withPivotYear,367,NO_COVERAGE,none
DateTimeFormatter.java,org.joda.time.format.DateTimeFormatter,org.pitest.mutationtest.engine.gregor.mutators.RemoveConditionalMutator_EQUAL_IF,withPivotYear,367,NO_COVERAGE,none
DateTimeFormatter.java,org.joda.time.format.DateTimeFormatter,org.pitest.mutationtest.engine.gregor.mutators.ReturnValsMutator,withPivotYear,368,NO_COVERAGE,none
DateTimeFormatter.java,org.joda.time.format.DateTimeFormatter,org.pitest.mutationtest.engine.gregor.mutators.ReturnValsMutator,withPivotYear,370,NO_COVERAGE,none
DateTimeFormatter.java,org.joda.time.format.DateTimeFormatter,org.pitest.mutationtest.engine.gregor.mutators.ConstructorCallMutator,withZone,323,KILLED,org.joda.time.LocalDateTime_ESTest.test08
DateTimeFormatter.java,org.joda.time.format.DateTimeFormatter,org.pitest.mutationtest.engine.gregor.mutators.InlineConstantMutator,withZone,323,SURVIVED,none
DateTimeFormatter.java,org.joda.time.format.DateTimeFormatter,org.pitest.mutationtest.engine.gregor.mutators.NegateConditionalsMutator,withZone,320,SURVIVED,none
DateTimeFormatter.java,org.joda.time.format.DateTimeFormatter,org.pitest.mutationtest.engine.gregor.mutators.NullReturnValsMutator,withZone,321,NO_COVERAGE,none
DateTimeFormatter.java,org.joda.time.format.DateTimeFormatter,org.pitest.mutationtest.engine.gregor.mutators.NullReturnValsMutator,withZone,323,KILLED,org.joda.time.LocalDateTime_ESTest.test08
DateTimeFormatter.java,org.joda.time.format.DateTimeFormatter,org.pitest.mutationtest.engine.gregor.mutators.RemoveConditionalMutator_EQUAL_ELSE,withZone,320,SURVIVED,none
DateTimeFormatter.java,org.joda.time.format.DateTimeFormatter,org.pitest.mutationtest.engine.gregor.mutators.RemoveConditionalMutator_EQUAL_IF,withZone,320,SURVIVED,none
DateTimeFormatter.java,org.joda.time.format.DateTimeFormatter,org.pitest.mutationtest.engine.gregor.mutators.ReturnValsMutator,withZone,321,NO_COVERAGE,none
DateTimeFormatter.java,org.joda.time.format.DateTimeFormatter,org.pitest.mutationtest.engine.gregor.mutators.ReturnValsMutator,withZone,323,KILLED,org.joda.time.LocalDateTime_ESTest.test08
DateTimeFormatter.java,org.joda.time.format.DateTimeFormatter,org.pitest.mutationtest.engine.gregor.mutators.NonVoidMethodCallMutator,withZoneUTC,300,KILLED,org.joda.time.LocalDateTime_ESTest.test08
DateTimeFormatter.java,org.joda.time.format.DateTimeFormatter,org.pitest.mutationtest.engine.gregor.mutators.NullReturnValsMutator,withZoneUTC,300,KILLED,org.joda.time.LocalDateTime_ESTest.test08
DateTimeFormatter.java,org.joda.time.format.DateTimeFormatter,org.pitest.mutationtest.engine.gregor.mutators.ReturnValsMutator,withZoneUTC,300,KILLED,org.joda.time.LocalDateTime_ESTest.test08
DateTimeFormatter.java,org.joda.time.format.DateTimeFormatter,org.pitest.mutationtest.engine.gregor.mutators.experimental.NakedReceiverMutator,withZoneUTC,300,SURVIVED,none
