LocalTime.java,org.joda.time.LocalTime,org.pitest.mutationtest.engine.gregor.mutators.NonVoidMethodCallMutator,<init>,288,NO_COVERAGE,none
LocalTime.java,org.joda.time.LocalTime,org.pitest.mutationtest.engine.gregor.mutators.NonVoidMethodCallMutator,<init>,288,NO_COVERAGE,none
LocalTime.java,org.joda.time.LocalTime,org.pitest.mutationtest.engine.gregor.mutators.InlineConstantMutator,<init>,450,NO_COVERAGE,none
LocalTime.java,org.joda.time.LocalTime,org.pitest.mutationtest.engine.gregor.mutators.InlineConstantMutator,<init>,450,NO_COVERAGE,none
LocalTime.java,org.joda.time.LocalTime,org.pitest.mutationtest.engine.gregor.mutators.NonVoidMethodCallMutator,<init>,450,NO_COVERAGE,none
LocalTime.java,org.joda.time.LocalTime,org.pitest.mutationtest.engine.gregor.mutators.InlineConstantMutator,<init>,465,NO_COVERAGE,none
LocalTime.java,org.joda.time.LocalTime,org.pitest.mutationtest.engine.gregor.mutators.NonVoidMethodCallMutator,<init>,465,NO_COVERAGE,none
LocalTime.java,org.joda.time.LocalTime,org.pitest.mutationtest.engine.gregor.mutators.NonVoidMethodCallMutator,<init>,482,NO_COVERAGE,none
LocalTime.java,org.joda.time.LocalTime,org.pitest.mutationtest.engine.gregor.mutators.ArgumentPropagationMutator,<init>,505,NO_COVERAGE,none
LocalTime.java,org.joda.time.LocalTime,org.pitest.mutationtest.engine.gregor.mutators.ArgumentPropagationMutator,<init>,506,NO_COVERAGE,none
LocalTime.java,org.joda.time.LocalTime,org.pitest.mutationtest.engine.gregor.mutators.InlineConstantMutator,<init>,506,NO_COVERAGE,none
LocalTime.java,org.joda.time.LocalTime,org.pitest.mutationtest.engine.gregor.mutators.NonVoidMethodCallMutator,<init>,505,NO_COVERAGE,none
LocalTime.java,org.joda.time.LocalTime,org.pitest.mutationtest.engine.gregor.mutators.NonVoidMethodCallMutator,<init>,505,NO_COVERAGE,none
LocalTime.java,org.joda.time.LocalTime,org.pitest.mutationtest.engine.gregor.mutators.NonVoidMethodCallMutator,<init>,506,NO_COVERAGE,none
LocalTime.java,org.joda.time.LocalTime,org.pitest.mutationtest.engine.gregor.mutators.experimental.MemberVariableMutator,<init>,508,NO_COVERAGE,none
LocalTime.java,org.joda.time.LocalTime,org.pitest.mutationtest.engine.gregor.mutators.experimental.MemberVariableMutator,<init>,509,NO_COVERAGE,none
LocalTime.java,org.joda.time.LocalTime,org.pitest.mutationtest.engine.gregor.mutators.experimental.NakedReceiverMutator,<init>,505,NO_COVERAGE,none
LocalTime.java,org.joda.time.LocalTime,org.pitest.mutationtest.engine.gregor.mutators.NonVoidMethodCallMutator,<init>,329,NO_COVERAGE,none
LocalTime.java,org.joda.time.LocalTime,org.pitest.mutationtest.engine.gregor.mutators.ArgumentPropagationMutator,<init>,357,NO_COVERAGE,none
LocalTime.java,org.joda.time.LocalTime,org.pitest.mutationtest.engine.gregor.mutators.ArgumentPropagationMutator,<init>,359,NO_COVERAGE,none
LocalTime.java,org.joda.time.LocalTime,org.pitest.mutationtest.engine.gregor.mutators.NonVoidMethodCallMutator,<init>,357,NO_COVERAGE,none
LocalTime.java,org.joda.time.LocalTime,org.pitest.mutationtest.engine.gregor.mutators.NonVoidMethodCallMutator,<init>,359,NO_COVERAGE,none
LocalTime.java,org.joda.time.LocalTime,org.pitest.mutationtest.engine.gregor.mutators.NonVoidMethodCallMutator,<init>,359,NO_COVERAGE,none
LocalTime.java,org.joda.time.LocalTime,org.pitest.mutationtest.engine.gregor.mutators.NonVoidMethodCallMutator,<init>,360,NO_COVERAGE,none
LocalTime.java,org.joda.time.LocalTime,org.pitest.mutationtest.engine.gregor.mutators.NonVoidMethodCallMutator,<init>,361,NO_COVERAGE,none
LocalTime.java,org.joda.time.LocalTime,org.pitest.mutationtest.engine.gregor.mutators.NonVoidMethodCallMutator,<init>,361,NO_COVERAGE,none
LocalTime.java,org.joda.time.LocalTime,org.pitest.mutationtest.engine.gregor.mutators.experimental.MemberVariableMutator,<init>,361,NO_COVERAGE,none
LocalTime.java,org.joda.time.LocalTime,org.pitest.mutationtest.engine.gregor.mutators.experimental.MemberVariableMutator,<init>,362,NO_COVERAGE,none
LocalTime.java,org.joda.time.LocalTime,org.pitest.mutationtest.engine.gregor.mutators.experimental.NakedReceiverMutator,<init>,360,NO_COVERAGE,none
LocalTime.java,org.joda.time.LocalTime,org.pitest.mutationtest.engine.gregor.mutators.NonVoidMethodCallMutator,<init>,343,NO_COVERAGE,none
LocalTime.java,org.joda.time.LocalTime,org.pitest.mutationtest.engine.gregor.mutators.ArgumentPropagationMutator,<init>,432,NO_COVERAGE,none
LocalTime.java,org.joda.time.LocalTime,org.pitest.mutationtest.engine.gregor.mutators.ArgumentPropagationMutator,<init>,433,NO_COVERAGE,none
LocalTime.java,org.joda.time.LocalTime,org.pitest.mutationtest.engine.gregor.mutators.ArgumentPropagationMutator,<init>,436,NO_COVERAGE,none
LocalTime.java,org.joda.time.LocalTime,org.pitest.mutationtest.engine.gregor.mutators.InlineConstantMutator,<init>,436,NO_COVERAGE,none
LocalTime.java,org.joda.time.LocalTime,org.pitest.mutationtest.engine.gregor.mutators.InlineConstantMutator,<init>,436,NO_COVERAGE,none
LocalTime.java,org.joda.time.LocalTime,org.pitest.mutationtest.engine.gregor.mutators.InlineConstantMutator,<init>,436,NO_COVERAGE,none
LocalTime.java,org.joda.time.LocalTime,org.pitest.mutationtest.engine.gregor.mutators.InlineConstantMutator,<init>,436,NO_COVERAGE,none
LocalTime.java,org.joda.time.LocalTime,org.pitest.mutationtest.engine.gregor.mutators.InlineConstantMutator,<init>,436,NO_COVERAGE,none
LocalTime.java,org.joda.time.LocalTime,org.pitest.mutationtest.engine.gregor.mutators.NonVoidMethodCallMutator,<init>,431,NO_COVERAGE,none
LocalTime.java,org.joda.time.LocalTime,org.pitest.mutationtest.engine.gregor.mutators.NonVoidMethodCallMutator,<init>,431,NO_COVERAGE,none
LocalTime.java,org.joda.time.LocalTime,org.pitest.mutationtest.engine.gregor.mutators.NonVoidMethodCallMutator,<init>,432,NO_COVERAGE,none
LocalTime.java,org.joda.time.LocalTime,org.pitest.mutationtest.engine.gregor.mutators.NonVoidMethodCallMutator,<init>,433,NO_COVERAGE,none
LocalTime.java,org.joda.time.LocalTime,org.pitest.mutationtest.engine.gregor.mutators.NonVoidMethodCallMutator,<init>,434,NO_COVERAGE,none
LocalTime.java,org.joda.time.LocalTime,org.pitest.mutationtest.engine.gregor.mutators.NonVoidMethodCallMutator,<init>,435,NO_COVERAGE,none
LocalTime.java,org.joda.time.LocalTime,org.pitest.mutationtest.engine.gregor.mutators.NonVoidMethodCallMutator,<init>,435,NO_COVERAGE,none
LocalTime.java,org.joda.time.LocalTime,org.pitest.mutationtest.engine.gregor.mutators.NonVoidMethodCallMutator,<init>,436,NO_COVERAGE,none
LocalTime.java,org.joda.time.LocalTime,org.pitest.mutationtest.engine.gregor.mutators.experimental.MemberVariableMutator,<init>,434,NO_COVERAGE,none
LocalTime.java,org.joda.time.LocalTime,org.pitest.mutationtest.engine.gregor.mutators.experimental.MemberVariableMutator,<init>,436,NO_COVERAGE,none
LocalTime.java,org.joda.time.LocalTime,org.pitest.mutationtest.engine.gregor.mutators.experimental.NakedReceiverMutator,<init>,434,NO_COVERAGE,none
LocalTime.java,org.joda.time.LocalTime,org.pitest.mutationtest.engine.gregor.mutators.ArgumentPropagationMutator,<init>,407,NO_COVERAGE,none
LocalTime.java,org.joda.time.LocalTime,org.pitest.mutationtest.engine.gregor.mutators.ArgumentPropagationMutator,<init>,410,NO_COVERAGE,none
LocalTime.java,org.joda.time.LocalTime,org.pitest.mutationtest.engine.gregor.mutators.InlineConstantMutator,<init>,410,NO_COVERAGE,none
LocalTime.java,org.joda.time.LocalTime,org.pitest.mutationtest.engine.gregor.mutators.InlineConstantMutator,<init>,410,NO_COVERAGE,none
LocalTime.java,org.joda.time.LocalTime,org.pitest.mutationtest.engine.gregor.mutators.InlineConstantMutator,<init>,410,NO_COVERAGE,none
LocalTime.java,org.joda.time.LocalTime,org.pitest.mutationtest.engine.gregor.mutators.InlineConstantMutator,<init>,410,NO_COVERAGE,none
LocalTime.java,org.joda.time.LocalTime,org.pitest.mutationtest.engine.gregor.mutators.InlineConstantMutator,<init>,410,NO_COVERAGE,none
LocalTime.java,org.joda.time.LocalTime,org.pitest.mutationtest.engine.gregor.mutators.NonVoidMethodCallMutator,<init>,405,NO_COVERAGE,none
LocalTime.java,org.joda.time.LocalTime,org.pitest.mutationtest.engine.gregor.mutators.NonVoidMethodCallMutator,<init>,405,NO_COVERAGE,none
LocalTime.java,org.joda.time.LocalTime,org.pitest.mutationtest.engine.gregor.mutators.NonVoidMethodCallMutator,<init>,406,NO_COVERAGE,none
LocalTime.java,org.joda.time.LocalTime,org.pitest.mutationtest.engine.gregor.mutators.NonVoidMethodCallMutator,<init>,407,NO_COVERAGE,none
LocalTime.java,org.joda.time.LocalTime,org.pitest.mutationtest.engine.gregor.mutators.NonVoidMethodCallMutator,<init>,408,NO_COVERAGE,none
LocalTime.java,org.joda.time.LocalTime,org.pitest.mutationtest.engine.gregor.mutators.NonVoidMethodCallMutator,<init>,409,NO_COVERAGE,none
LocalTime.java,org.joda.time.LocalTime,org.pitest.mutationtest.engine.gregor.mutators.NonVoidMethodCallMutator,<init>,409,NO_COVERAGE,none
LocalTime.java,org.joda.time.LocalTime,org.pitest.mutationtest.engine.gregor.mutators.NonVoidMethodCallMutator,<init>,410,NO_COVERAGE,none
LocalTime.java,org.joda.time.LocalTime,org.pitest.mutationtest.engine.gregor.mutators.experimental.MemberVariableMutator,<init>,408,NO_COVERAGE,none
LocalTime.java,org.joda.time.LocalTime,org.pitest.mutationtest.engine.gregor.mutators.experimental.MemberVariableMutator,<init>,410,NO_COVERAGE,none
LocalTime.java,org.joda.time.LocalTime,org.pitest.mutationtest.engine.gregor.mutators.experimental.NakedReceiverMutator,<init>,408,NO_COVERAGE,none
LocalTime.java,org.joda.time.LocalTime,org.pitest.mutationtest.engine.gregor.mutators.NonVoidMethodCallMutator,<init>,316,NO_COVERAGE,none
LocalTime.java,org.joda.time.LocalTime,org.pitest.mutationtest.engine.gregor.mutators.NonVoidMethodCallMutator,<init>,302,NO_COVERAGE,none
LocalTime.java,org.joda.time.LocalTime,org.pitest.mutationtest.engine.gregor.mutators.NonVoidMethodCallMutator,<init>,302,NO_COVERAGE,none
LocalTime.java,org.joda.time.LocalTime,org.pitest.mutationtest.engine.gregor.mutators.ConditionalsBoundaryMutator,compareTo,718,NO_COVERAGE,none
LocalTime.java,org.joda.time.LocalTime,org.pitest.mutationtest.engine.gregor.mutators.InlineConstantMutator,compareTo,713,NO_COVERAGE,none
LocalTime.java,org.joda.time.LocalTime,org.pitest.mutationtest.engine.gregor.mutators.InlineConstantMutator,compareTo,718,NO_COVERAGE,none
LocalTime.java,org.joda.time.LocalTime,org.pitest.mutationtest.engine.gregor.mutators.InlineConstantMutator,compareTo,718,NO_COVERAGE,none
LocalTime.java,org.joda.time.LocalTime,org.pitest.mutationtest.engine.gregor.mutators.InlineConstantMutator,compareTo,718,NO_COVERAGE,none
LocalTime.java,org.joda.time.LocalTime,org.pitest.mutationtest.engine.gregor.mutators.NegateConditionalsMutator,compareTo,712,NO_COVERAGE,none
LocalTime.java,org.joda.time.LocalTime,org.pitest.mutationtest.engine.gregor.mutators.NegateConditionalsMutator,compareTo,715,NO_COVERAGE,none
LocalTime.java,org.joda.time.LocalTime,org.pitest.mutationtest.engine.gregor.mutators.NegateConditionalsMutator,compareTo,717,NO_COVERAGE,none
LocalTime.java,org.joda.time.LocalTime,org.pitest.mutationtest.engine.gregor.mutators.NegateConditionalsMutator,compareTo,718,NO_COVERAGE,none
LocalTime.java,org.joda.time.LocalTime,org.pitest.mutationtest.engine.gregor.mutators.NegateConditionalsMutator,compareTo,718,NO_COVERAGE,none
LocalTime.java,org.joda.time.LocalTime,org.pitest.mutationtest.engine.gregor.mutators.NonVoidMethodCallMutator,compareTo,717,NO_COVERAGE,none
LocalTime.java,org.joda.time.LocalTime,org.pitest.mutationtest.engine.gregor.mutators.NonVoidMethodCallMutator,compareTo,723,NO_COVERAGE,none
LocalTime.java,org.joda.time.LocalTime,org.pitest.mutationtest.engine.gregor.mutators.PrimitiveReturnsMutator,compareTo,718,NO_COVERAGE,none
LocalTime.java,org.joda.time.LocalTime,org.pitest.mutationtest.engine.gregor.mutators.PrimitiveReturnsMutator,compareTo,723,NO_COVERAGE,none
LocalTime.java,org.joda.time.LocalTime,org.pitest.mutationtest.engine.gregor.mutators.RemoveConditionalMutator_EQUAL_ELSE,compareTo,712,NO_COVERAGE,none
LocalTime.java,org.joda.time.LocalTime,org.pitest.mutationtest.engine.gregor.mutators.RemoveConditionalMutator_EQUAL_ELSE,compareTo,715,NO_COVERAGE,none
LocalTime.java,org.joda.time.LocalTime,org.pitest.mutationtest.engine.gregor.mutators.RemoveConditionalMutator_EQUAL_ELSE,compareTo,717,NO_COVERAGE,none
LocalTime.java,org.joda.time.LocalTime,org.pitest.mutationtest.engine.gregor.mutators.RemoveConditionalMutator_EQUAL_ELSE,compareTo,718,NO_COVERAGE,none
LocalTime.java,org.joda.time.LocalTime,org.pitest.mutationtest.engine.gregor.mutators.RemoveConditionalMutator_EQUAL_IF,compareTo,712,NO_COVERAGE,none
LocalTime.java,org.joda.time.LocalTime,org.pitest.mutationtest.engine.gregor.mutators.RemoveConditionalMutator_EQUAL_IF,compareTo,715,NO_COVERAGE,none
LocalTime.java,org.joda.time.LocalTime,org.pitest.mutationtest.engine.gregor.mutators.RemoveConditionalMutator_EQUAL_IF,compareTo,717,NO_COVERAGE,none
LocalTime.java,org.joda.time.LocalTime,org.pitest.mutationtest.engine.gregor.mutators.RemoveConditionalMutator_EQUAL_IF,compareTo,718,NO_COVERAGE,none
LocalTime.java,org.joda.time.LocalTime,org.pitest.mutationtest.engine.gregor.mutators.RemoveConditionalMutator_ORDER_ELSE,compareTo,718,NO_COVERAGE,none
LocalTime.java,org.joda.time.LocalTime,org.pitest.mutationtest.engine.gregor.mutators.RemoveConditionalMutator_ORDER_IF,compareTo,718,NO_COVERAGE,none
LocalTime.java,org.joda.time.LocalTime,org.pitest.mutationtest.engine.gregor.mutators.ReturnValsMutator,compareTo,713,NO_COVERAGE,none
LocalTime.java,org.joda.time.LocalTime,org.pitest.mutationtest.engine.gregor.mutators.ReturnValsMutator,compareTo,718,NO_COVERAGE,none
LocalTime.java,org.joda.time.LocalTime,org.pitest.mutationtest.engine.gregor.mutators.ReturnValsMutator,compareTo,723,NO_COVERAGE,none
LocalTime.java,org.joda.time.LocalTime,org.pitest.mutationtest.engine.gregor.mutators.BooleanFalseReturnValsMutator,equals,683,NO_COVERAGE,none
LocalTime.java,org.joda.time.LocalTime,org.pitest.mutationtest.engine.gregor.mutators.BooleanFalseReturnValsMutator,equals,691,NO_COVERAGE,none
LocalTime.java,org.joda.time.LocalTime,org.pitest.mutationtest.engine.gregor.mutators.BooleanTrueReturnValsMutator,equals,688,NO_COVERAGE,none
LocalTime.java,org.joda.time.LocalTime,org.pitest.mutationtest.engine.gregor.mutators.BooleanTrueReturnValsMutator,equals,691,NO_COVERAGE,none
LocalTime.java,org.joda.time.LocalTime,org.pitest.mutationtest.engine.gregor.mutators.InlineConstantMutator,equals,683,NO_COVERAGE,none
LocalTime.java,org.joda.time.LocalTime,org.pitest.mutationtest.engine.gregor.mutators.InlineConstantMutator,equals,688,NO_COVERAGE,none
LocalTime.java,org.joda.time.LocalTime,org.pitest.mutationtest.engine.gregor.mutators.InlineConstantMutator,equals,688,NO_COVERAGE,none
LocalTime.java,org.joda.time.LocalTime,org.pitest.mutationtest.engine.gregor.mutators.NegateConditionalsMutator,equals,682,NO_COVERAGE,none
LocalTime.java,org.joda.time.LocalTime,org.pitest.mutationtest.engine.gregor.mutators.NegateConditionalsMutator,equals,685,NO_COVERAGE,none
LocalTime.java,org.joda.time.LocalTime,org.pitest.mutationtest.engine.gregor.mutators.NegateConditionalsMutator,equals,687,NO_COVERAGE,none
LocalTime.java,org.joda.time.LocalTime,org.pitest.mutationtest.engine.gregor.mutators.NegateConditionalsMutator,equals,688,NO_COVERAGE,none
LocalTime.java,org.joda.time.LocalTime,org.pitest.mutationtest.engine.gregor.mutators.NonVoidMethodCallMutator,equals,687,NO_COVERAGE,none
LocalTime.java,org.joda.time.LocalTime,org.pitest.mutationtest.engine.gregor.mutators.NonVoidMethodCallMutator,equals,691,NO_COVERAGE,none
LocalTime.java,org.joda.time.LocalTime,org.pitest.mutationtest.engine.gregor.mutators.RemoveConditionalMutator_EQUAL_ELSE,equals,685,NO_COVERAGE,none
LocalTime.java,org.joda.time.LocalTime,org.pitest.mutationtest.engine.gregor.mutators.RemoveConditionalMutator_EQUAL_ELSE,equals,687,NO_COVERAGE,none
LocalTime.java,org.joda.time.LocalTime,org.pitest.mutationtest.engine.gregor.mutators.RemoveConditionalMutator_EQUAL_ELSE,equals,688,NO_COVERAGE,none
LocalTime.java,org.joda.time.LocalTime,org.pitest.mutationtest.engine.gregor.mutators.RemoveConditionalMutator_EQUAL_IF,equals,682,NO_COVERAGE,none
LocalTime.java,org.joda.time.LocalTime,org.pitest.mutationtest.engine.gregor.mutators.RemoveConditionalMutator_EQUAL_IF,equals,685,NO_COVERAGE,none
LocalTime.java,org.joda.time.LocalTime,org.pitest.mutationtest.engine.gregor.mutators.RemoveConditionalMutator_EQUAL_IF,equals,687,NO_COVERAGE,none
LocalTime.java,org.joda.time.LocalTime,org.pitest.mutationtest.engine.gregor.mutators.RemoveConditionalMutator_EQUAL_IF,equals,688,NO_COVERAGE,none
LocalTime.java,org.joda.time.LocalTime,org.pitest.mutationtest.engine.gregor.mutators.ReturnValsMutator,equals,683,NO_COVERAGE,none
LocalTime.java,org.joda.time.LocalTime,org.pitest.mutationtest.engine.gregor.mutators.ReturnValsMutator,equals,688,NO_COVERAGE,none
LocalTime.java,org.joda.time.LocalTime,org.pitest.mutationtest.engine.gregor.mutators.ReturnValsMutator,equals,691,NO_COVERAGE,none
LocalTime.java,org.joda.time.LocalTime,org.pitest.mutationtest.engine.gregor.mutators.ArgumentPropagationMutator,fromCalendarFields,237,NO_COVERAGE,none
LocalTime.java,org.joda.time.LocalTime,org.pitest.mutationtest.engine.gregor.mutators.ArgumentPropagationMutator,fromCalendarFields,237,NO_COVERAGE,none
LocalTime.java,org.joda.time.LocalTime,org.pitest.mutationtest.engine.gregor.mutators.ArgumentPropagationMutator,fromCalendarFields,237,NO_COVERAGE,none
LocalTime.java,org.joda.time.LocalTime,org.pitest.mutationtest.engine.gregor.mutators.ArgumentPropagationMutator,fromCalendarFields,237,NO_COVERAGE,none
LocalTime.java,org.joda.time.LocalTime,org.pitest.mutationtest.engine.gregor.mutators.ConstructorCallMutator,fromCalendarFields,235,NO_COVERAGE,none
LocalTime.java,org.joda.time.LocalTime,org.pitest.mutationtest.engine.gregor.mutators.ConstructorCallMutator,fromCalendarFields,237,NO_COVERAGE,none
LocalTime.java,org.joda.time.LocalTime,org.pitest.mutationtest.engine.gregor.mutators.InlineConstantMutator,fromCalendarFields,237,NO_COVERAGE,none
LocalTime.java,org.joda.time.LocalTime,org.pitest.mutationtest.engine.gregor.mutators.InlineConstantMutator,fromCalendarFields,237,NO_COVERAGE,none
LocalTime.java,org.joda.time.LocalTime,org.pitest.mutationtest.engine.gregor.mutators.InlineConstantMutator,fromCalendarFields,237,NO_COVERAGE,none
LocalTime.java,org.joda.time.LocalTime,org.pitest.mutationtest.engine.gregor.mutators.InlineConstantMutator,fromCalendarFields,237,NO_COVERAGE,none
LocalTime.java,org.joda.time.LocalTime,org.pitest.mutationtest.engine.gregor.mutators.NegateConditionalsMutator,fromCalendarFields,234,NO_COVERAGE,none
LocalTime.java,org.joda.time.LocalTime,org.pitest.mutationtest.engine.gregor.mutators.NonVoidMethodCallMutator,fromCalendarFields,237,NO_COVERAGE,none
LocalTime.java,org.joda.time.LocalTime,org.pitest.mutationtest.engine.gregor.mutators.NonVoidMethodCallMutator,fromCalendarFields,237,NO_COVERAGE,none
LocalTime.java,org.joda.time.LocalTime,org.pitest.mutationtest.engine.gregor.mutators.NonVoidMethodCallMutator,fromCalendarFields,237,NO_COVERAGE,none
LocalTime.java,org.joda.time.LocalTime,org.pitest.mutationtest.engine.gregor.mutators.NonVoidMethodCallMutator,fromCalendarFields,237,NO_COVERAGE,none
LocalTime.java,org.joda.time.LocalTime,org.pitest.mutationtest.engine.gregor.mutators.NullReturnValsMutator,fromCalendarFields,237,NO_COVERAGE,none
LocalTime.java,org.joda.time.LocalTime,org.pitest.mutationtest.engine.gregor.mutators.RemoveConditionalMutator_EQUAL_ELSE,fromCalendarFields,234,NO_COVERAGE,none
LocalTime.java,org.joda.time.LocalTime,org.pitest.mutationtest.engine.gregor.mutators.RemoveConditionalMutator_EQUAL_IF,fromCalendarFields,234,NO_COVERAGE,none
LocalTime.java,org.joda.time.LocalTime,org.pitest.mutationtest.engine.gregor.mutators.ReturnValsMutator,fromCalendarFields,237,NO_COVERAGE,none
LocalTime.java,org.joda.time.LocalTime,org.pitest.mutationtest.engine.gregor.mutators.ConstructorCallMutator,fromDateFields,268,NO_COVERAGE,none
LocalTime.java,org.joda.time.LocalTime,org.pitest.mutationtest.engine.gregor.mutators.ConstructorCallMutator,fromDateFields,270,NO_COVERAGE,none
LocalTime.java,org.joda.time.LocalTime,org.pitest.mutationtest.engine.gregor.mutators.InlineConstantMutator,fromDateFields,270,NO_COVERAGE,none
LocalTime.java,org.joda.time.LocalTime,org.pitest.mutationtest.engine.gregor.mutators.InlineConstantMutator,fromDateFields,270,NO_COVERAGE,none
LocalTime.java,org.joda.time.LocalTime,org.pitest.mutationtest.engine.gregor.mutators.InlineConstantMutator,fromDateFields,270,NO_COVERAGE,none
LocalTime.java,org.joda.time.LocalTime,org.pitest.mutationtest.engine.gregor.mutators.MathMutator,fromDateFields,270,NO_COVERAGE,none
LocalTime.java,org.joda.time.LocalTime,org.pitest.mutationtest.engine.gregor.mutators.MathMutator,fromDateFields,270,NO_COVERAGE,none
LocalTime.java,org.joda.time.LocalTime,org.pitest.mutationtest.engine.gregor.mutators.MathMutator,fromDateFields,270,NO_COVERAGE,none
LocalTime.java,org.joda.time.LocalTime,org.pitest.mutationtest.engine.gregor.mutators.NegateConditionalsMutator,fromDateFields,267,NO_COVERAGE,none
LocalTime.java,org.joda.time.LocalTime,org.pitest.mutationtest.engine.gregor.mutators.NonVoidMethodCallMutator,fromDateFields,270,NO_COVERAGE,none
LocalTime.java,org.joda.time.LocalTime,org.pitest.mutationtest.engine.gregor.mutators.NonVoidMethodCallMutator,fromDateFields,270,NO_COVERAGE,none
LocalTime.java,org.joda.time.LocalTime,org.pitest.mutationtest.engine.gregor.mutators.NonVoidMethodCallMutator,fromDateFields,270,NO_COVERAGE,none
LocalTime.java,org.joda.time.LocalTime,org.pitest.mutationtest.engine.gregor.mutators.NonVoidMethodCallMutator,fromDateFields,270,NO_COVERAGE,none
LocalTime.java,org.joda.time.LocalTime,org.pitest.mutationtest.engine.gregor.mutators.NullReturnValsMutator,fromDateFields,270,NO_COVERAGE,none
LocalTime.java,org.joda.time.LocalTime,org.pitest.mutationtest.engine.gregor.mutators.RemoveConditionalMutator_EQUAL_ELSE,fromDateFields,267,NO_COVERAGE,none
LocalTime.java,org.joda.time.LocalTime,org.pitest.mutationtest.engine.gregor.mutators.RemoveConditionalMutator_EQUAL_IF,fromDateFields,267,NO_COVERAGE,none
LocalTime.java,org.joda.time.LocalTime,org.pitest.mutationtest.engine.gregor.mutators.ReturnValsMutator,fromDateFields,270,NO_COVERAGE,none
LocalTime.java,org.joda.time.LocalTime,org.pitest.mutationtest.engine.gregor.mutators.NonVoidMethodCallMutator,fromMillisOfDay,190,NO_COVERAGE,none
LocalTime.java,org.joda.time.LocalTime,org.pitest.mutationtest.engine.gregor.mutators.NullReturnValsMutator,fromMillisOfDay,190,NO_COVERAGE,none
LocalTime.java,org.joda.time.LocalTime,org.pitest.mutationtest.engine.gregor.mutators.ReturnValsMutator,fromMillisOfDay,190,NO_COVERAGE,none
LocalTime.java,org.joda.time.LocalTime,org.pitest.mutationtest.engine.gregor.mutators.ArgumentPropagationMutator,fromMillisOfDay,205,NO_COVERAGE,none
LocalTime.java,org.joda.time.LocalTime,org.pitest.mutationtest.engine.gregor.mutators.ConstructorCallMutator,fromMillisOfDay,206,NO_COVERAGE,none
LocalTime.java,org.joda.time.LocalTime,org.pitest.mutationtest.engine.gregor.mutators.NonVoidMethodCallMutator,fromMillisOfDay,205,NO_COVERAGE,none
LocalTime.java,org.joda.time.LocalTime,org.pitest.mutationtest.engine.gregor.mutators.NonVoidMethodCallMutator,fromMillisOfDay,205,NO_COVERAGE,none
LocalTime.java,org.joda.time.LocalTime,org.pitest.mutationtest.engine.gregor.mutators.NullReturnValsMutator,fromMillisOfDay,206,NO_COVERAGE,none
LocalTime.java,org.joda.time.LocalTime,org.pitest.mutationtest.engine.gregor.mutators.ReturnValsMutator,fromMillisOfDay,206,NO_COVERAGE,none
LocalTime.java,org.joda.time.LocalTime,org.pitest.mutationtest.engine.gregor.mutators.experimental.NakedReceiverMutator,fromMillisOfDay,205,NO_COVERAGE,none
LocalTime.java,org.joda.time.LocalTime,org.pitest.mutationtest.engine.gregor.mutators.ConstructorCallMutator,get,605,NO_COVERAGE,none
LocalTime.java,org.joda.time.LocalTime,org.pitest.mutationtest.engine.gregor.mutators.ConstructorCallMutator,get,608,NO_COVERAGE,none
LocalTime.java,org.joda.time.LocalTime,org.pitest.mutationtest.engine.gregor.mutators.ConstructorCallMutator,get,608,NO_COVERAGE,none
LocalTime.java,org.joda.time.LocalTime,org.pitest.mutationtest.engine.gregor.mutators.NegateConditionalsMutator,get,604,NO_COVERAGE,none
LocalTime.java,org.joda.time.LocalTime,org.pitest.mutationtest.engine.gregor.mutators.NegateConditionalsMutator,get,607,NO_COVERAGE,none
LocalTime.java,org.joda.time.LocalTime,org.pitest.mutationtest.engine.gregor.mutators.NonVoidMethodCallMutator,get,607,NO_COVERAGE,none
LocalTime.java,org.joda.time.LocalTime,org.pitest.mutationtest.engine.gregor.mutators.NonVoidMethodCallMutator,get,608,NO_COVERAGE,none
LocalTime.java,org.joda.time.LocalTime,org.pitest.mutationtest.engine.gregor.mutators.NonVoidMethodCallMutator,get,608,NO_COVERAGE,none
LocalTime.java,org.joda.time.LocalTime,org.pitest.mutationtest.engine.gregor.mutators.NonVoidMethodCallMutator,get,608,NO_COVERAGE,none
LocalTime.java,org.joda.time.LocalTime,org.pitest.mutationtest.engine.gregor.mutators.NonVoidMethodCallMutator,get,608,NO_COVERAGE,none
LocalTime.java,org.joda.time.LocalTime,org.pitest.mutationtest.engine.gregor.mutators.NonVoidMethodCallMutator,get,610,NO_COVERAGE,none
LocalTime.java,org.joda.time.LocalTime,org.pitest.mutationtest.engine.gregor.mutators.NonVoidMethodCallMutator,get,610,NO_COVERAGE,none
LocalTime.java,org.joda.time.LocalTime,org.pitest.mutationtest.engine.gregor.mutators.NonVoidMethodCallMutator,get,610,NO_COVERAGE,none
LocalTime.java,org.joda.time.LocalTime,org.pitest.mutationtest.engine.gregor.mutators.NonVoidMethodCallMutator,get,610,NO_COVERAGE,none
LocalTime.java,org.joda.time.LocalTime,org.pitest.mutationtest.engine.gregor.mutators.PrimitiveReturnsMutator,get,610,NO_COVERAGE,none
LocalTime.java,org.joda.time.LocalTime,org.pitest.mutationtest.engine.gregor.mutators.RemoveConditionalMutator_EQUAL_ELSE,get,604,NO_COVERAGE,none
LocalTime.java,org.joda.time.LocalTime,org.pitest.mutationtest.engine.gregor.mutators.RemoveConditionalMutator_EQUAL_ELSE,get,607,NO_COVERAGE,none
LocalTime.java,org.joda.time.LocalTime,org.pitest.mutationtest.engine.gregor.mutators.RemoveConditionalMutator_EQUAL_IF,get,604,NO_COVERAGE,none
LocalTime.java,org.joda.time.LocalTime,org.pitest.mutationtest.engine.gregor.mutators.RemoveConditionalMutator_EQUAL_IF,get,607,NO_COVERAGE,none
LocalTime.java,org.joda.time.LocalTime,org.pitest.mutationtest.engine.gregor.mutators.ReturnValsMutator,get,610,NO_COVERAGE,none
LocalTime.java,org.joda.time.LocalTime,org.pitest.mutationtest.engine.gregor.mutators.experimental.NakedReceiverMutator,get,608,NO_COVERAGE,none
LocalTime.java,org.joda.time.LocalTime,org.pitest.mutationtest.engine.gregor.mutators.experimental.NakedReceiverMutator,get,608,NO_COVERAGE,none
LocalTime.java,org.joda.time.LocalTime,org.pitest.mutationtest.engine.gregor.mutators.experimental.NakedReceiverMutator,get,608,NO_COVERAGE,none
LocalTime.java,org.joda.time.LocalTime,org.pitest.mutationtest.engine.gregor.mutators.NullReturnValsMutator,getChronology,669,NO_COVERAGE,none
LocalTime.java,org.joda.time.LocalTime,org.pitest.mutationtest.engine.gregor.mutators.ReturnValsMutator,getChronology,669,NO_COVERAGE,none
LocalTime.java,org.joda.time.LocalTime,org.pitest.mutationtest.engine.gregor.mutators.ConstructorCallMutator,getField,558,NO_COVERAGE,none
LocalTime.java,org.joda.time.LocalTime,org.pitest.mutationtest.engine.gregor.mutators.ConstructorCallMutator,getField,558,NO_COVERAGE,none
LocalTime.java,org.joda.time.LocalTime,org.pitest.mutationtest.engine.gregor.mutators.NonVoidMethodCallMutator,getField,550,NO_COVERAGE,none
LocalTime.java,org.joda.time.LocalTime,org.pitest.mutationtest.engine.gregor.mutators.NonVoidMethodCallMutator,getField,552,NO_COVERAGE,none
LocalTime.java,org.joda.time.LocalTime,org.pitest.mutationtest.engine.gregor.mutators.NonVoidMethodCallMutator,getField,554,NO_COVERAGE,none
LocalTime.java,org.joda.time.LocalTime,org.pitest.mutationtest.engine.gregor.mutators.NonVoidMethodCallMutator,getField,556,NO_COVERAGE,none
LocalTime.java,org.joda.time.LocalTime,org.pitest.mutationtest.engine.gregor.mutators.NonVoidMethodCallMutator,getField,558,NO_COVERAGE,none
LocalTime.java,org.joda.time.LocalTime,org.pitest.mutationtest.engine.gregor.mutators.NonVoidMethodCallMutator,getField,558,NO_COVERAGE,none
LocalTime.java,org.joda.time.LocalTime,org.pitest.mutationtest.engine.gregor.mutators.NonVoidMethodCallMutator,getField,558,NO_COVERAGE,none
LocalTime.java,org.joda.time.LocalTime,org.pitest.mutationtest.engine.gregor.mutators.NullReturnValsMutator,getField,550,NO_COVERAGE,none
LocalTime.java,org.joda.time.LocalTime,org.pitest.mutationtest.engine.gregor.mutators.NullReturnValsMutator,getField,552,NO_COVERAGE,none
LocalTime.java,org.joda.time.LocalTime,org.pitest.mutationtest.engine.gregor.mutators.NullReturnValsMutator,getField,554,NO_COVERAGE,none
LocalTime.java,org.joda.time.LocalTime,org.pitest.mutationtest.engine.gregor.mutators.NullReturnValsMutator,getField,556,NO_COVERAGE,none
LocalTime.java,org.joda.time.LocalTime,org.pitest.mutationtest.engine.gregor.mutators.ReturnValsMutator,getField,550,NO_COVERAGE,none
LocalTime.java,org.joda.time.LocalTime,org.pitest.mutationtest.engine.gregor.mutators.ReturnValsMutator,getField,552,NO_COVERAGE,none
LocalTime.java,org.joda.time.LocalTime,org.pitest.mutationtest.engine.gregor.mutators.ReturnValsMutator,getField,554,NO_COVERAGE,none
LocalTime.java,org.joda.time.LocalTime,org.pitest.mutationtest.engine.gregor.mutators.ReturnValsMutator,getField,556,NO_COVERAGE,none
LocalTime.java,org.joda.time.LocalTime,org.pitest.mutationtest.engine.gregor.mutators.experimental.NakedReceiverMutator,getField,558,NO_COVERAGE,none
LocalTime.java,org.joda.time.LocalTime,org.pitest.mutationtest.engine.gregor.mutators.experimental.NakedReceiverMutator,getField,558,NO_COVERAGE,none
LocalTime.java,org.joda.time.LocalTime,org.pitest.mutationtest.engine.gregor.mutators.experimental.RemoveSwitchMutator_0,getField,548,NO_COVERAGE,none
LocalTime.java,org.joda.time.LocalTime,org.pitest.mutationtest.engine.gregor.mutators.experimental.RemoveSwitchMutator_1,getField,548,NO_COVERAGE,none
LocalTime.java,org.joda.time.LocalTime,org.pitest.mutationtest.engine.gregor.mutators.experimental.RemoveSwitchMutator_2,getField,548,NO_COVERAGE,none
LocalTime.java,org.joda.time.LocalTime,org.pitest.mutationtest.engine.gregor.mutators.experimental.RemoveSwitchMutator_3,getField,548,NO_COVERAGE,none
LocalTime.java,org.joda.time.LocalTime,org.pitest.mutationtest.engine.gregor.mutators.experimental.SwitchMutator,getField,548,NO_COVERAGE,none
LocalTime.java,org.joda.time.LocalTime,org.pitest.mutationtest.engine.gregor.mutators.NonVoidMethodCallMutator,getHourOfDay,1100,NO_COVERAGE,none
LocalTime.java,org.joda.time.LocalTime,org.pitest.mutationtest.engine.gregor.mutators.NonVoidMethodCallMutator,getHourOfDay,1100,NO_COVERAGE,none
LocalTime.java,org.joda.time.LocalTime,org.pitest.mutationtest.engine.gregor.mutators.NonVoidMethodCallMutator,getHourOfDay,1100,NO_COVERAGE,none
LocalTime.java,org.joda.time.LocalTime,org.pitest.mutationtest.engine.gregor.mutators.NonVoidMethodCallMutator,getHourOfDay,1100,NO_COVERAGE,none
LocalTime.java,org.joda.time.LocalTime,org.pitest.mutationtest.engine.gregor.mutators.PrimitiveReturnsMutator,getHourOfDay,1100,NO_COVERAGE,none
LocalTime.java,org.joda.time.LocalTime,org.pitest.mutationtest.engine.gregor.mutators.ReturnValsMutator,getHourOfDay,1100,NO_COVERAGE,none
LocalTime.java,org.joda.time.LocalTime,org.pitest.mutationtest.engine.gregor.mutators.PrimitiveReturnsMutator,getLocalMillis,660,NO_COVERAGE,none
LocalTime.java,org.joda.time.LocalTime,org.pitest.mutationtest.engine.gregor.mutators.ReturnValsMutator,getLocalMillis,660,NO_COVERAGE,none
LocalTime.java,org.joda.time.LocalTime,org.pitest.mutationtest.engine.gregor.mutators.NonVoidMethodCallMutator,getMillisOfDay,1136,NO_COVERAGE,none
LocalTime.java,org.joda.time.LocalTime,org.pitest.mutationtest.engine.gregor.mutators.NonVoidMethodCallMutator,getMillisOfDay,1136,NO_COVERAGE,none
LocalTime.java,org.joda.time.LocalTime,org.pitest.mutationtest.engine.gregor.mutators.NonVoidMethodCallMutator,getMillisOfDay,1136,NO_COVERAGE,none
LocalTime.java,org.joda.time.LocalTime,org.pitest.mutationtest.engine.gregor.mutators.NonVoidMethodCallMutator,getMillisOfDay,1136,NO_COVERAGE,none
LocalTime.java,org.joda.time.LocalTime,org.pitest.mutationtest.engine.gregor.mutators.PrimitiveReturnsMutator,getMillisOfDay,1136,NO_COVERAGE,none
LocalTime.java,org.joda.time.LocalTime,org.pitest.mutationtest.engine.gregor.mutators.ReturnValsMutator,getMillisOfDay,1136,NO_COVERAGE,none
LocalTime.java,org.joda.time.LocalTime,org.pitest.mutationtest.engine.gregor.mutators.NonVoidMethodCallMutator,getMillisOfSecond,1127,NO_COVERAGE,none
LocalTime.java,org.joda.time.LocalTime,org.pitest.mutationtest.engine.gregor.mutators.NonVoidMethodCallMutator,getMillisOfSecond,1127,NO_COVERAGE,none
LocalTime.java,org.joda.time.LocalTime,org.pitest.mutationtest.engine.gregor.mutators.NonVoidMethodCallMutator,getMillisOfSecond,1127,NO_COVERAGE,none
LocalTime.java,org.joda.time.LocalTime,org.pitest.mutationtest.engine.gregor.mutators.NonVoidMethodCallMutator,getMillisOfSecond,1127,NO_COVERAGE,none
LocalTime.java,org.joda.time.LocalTime,org.pitest.mutationtest.engine.gregor.mutators.PrimitiveReturnsMutator,getMillisOfSecond,1127,NO_COVERAGE,none
LocalTime.java,org.joda.time.LocalTime,org.pitest.mutationtest.engine.gregor.mutators.ReturnValsMutator,getMillisOfSecond,1127,NO_COVERAGE,none
LocalTime.java,org.joda.time.LocalTime,org.pitest.mutationtest.engine.gregor.mutators.NonVoidMethodCallMutator,getMinuteOfHour,1109,NO_COVERAGE,none
LocalTime.java,org.joda.time.LocalTime,org.pitest.mutationtest.engine.gregor.mutators.NonVoidMethodCallMutator,getMinuteOfHour,1109,NO_COVERAGE,none
LocalTime.java,org.joda.time.LocalTime,org.pitest.mutationtest.engine.gregor.mutators.NonVoidMethodCallMutator,getMinuteOfHour,1109,NO_COVERAGE,none
LocalTime.java,org.joda.time.LocalTime,org.pitest.mutationtest.engine.gregor.mutators.NonVoidMethodCallMutator,getMinuteOfHour,1109,NO_COVERAGE,none
LocalTime.java,org.joda.time.LocalTime,org.pitest.mutationtest.engine.gregor.mutators.PrimitiveReturnsMutator,getMinuteOfHour,1109,NO_COVERAGE,none
LocalTime.java,org.joda.time.LocalTime,org.pitest.mutationtest.engine.gregor.mutators.ReturnValsMutator,getMinuteOfHour,1109,NO_COVERAGE,none
LocalTime.java,org.joda.time.LocalTime,org.pitest.mutationtest.engine.gregor.mutators.NonVoidMethodCallMutator,getSecondOfMinute,1118,NO_COVERAGE,none
LocalTime.java,org.joda.time.LocalTime,org.pitest.mutationtest.engine.gregor.mutators.NonVoidMethodCallMutator,getSecondOfMinute,1118,NO_COVERAGE,none
LocalTime.java,org.joda.time.LocalTime,org.pitest.mutationtest.engine.gregor.mutators.NonVoidMethodCallMutator,getSecondOfMinute,1118,NO_COVERAGE,none
LocalTime.java,org.joda.time.LocalTime,org.pitest.mutationtest.engine.gregor.mutators.NonVoidMethodCallMutator,getSecondOfMinute,1118,NO_COVERAGE,none
LocalTime.java,org.joda.time.LocalTime,org.pitest.mutationtest.engine.gregor.mutators.PrimitiveReturnsMutator,getSecondOfMinute,1118,NO_COVERAGE,none
LocalTime.java,org.joda.time.LocalTime,org.pitest.mutationtest.engine.gregor.mutators.ReturnValsMutator,getSecondOfMinute,1118,NO_COVERAGE,none
LocalTime.java,org.joda.time.LocalTime,org.pitest.mutationtest.engine.gregor.mutators.ConstructorCallMutator,getValue,584,NO_COVERAGE,none
LocalTime.java,org.joda.time.LocalTime,org.pitest.mutationtest.engine.gregor.mutators.ConstructorCallMutator,getValue,584,NO_COVERAGE,none
LocalTime.java,org.joda.time.LocalTime,org.pitest.mutationtest.engine.gregor.mutators.NonVoidMethodCallMutator,getValue,576,NO_COVERAGE,none
LocalTime.java,org.joda.time.LocalTime,org.pitest.mutationtest.engine.gregor.mutators.NonVoidMethodCallMutator,getValue,576,NO_COVERAGE,none
LocalTime.java,org.joda.time.LocalTime,org.pitest.mutationtest.engine.gregor.mutators.NonVoidMethodCallMutator,getValue,576,NO_COVERAGE,none
LocalTime.java,org.joda.time.LocalTime,org.pitest.mutationtest.engine.gregor.mutators.NonVoidMethodCallMutator,getValue,576,NO_COVERAGE,none
LocalTime.java,org.joda.time.LocalTime,org.pitest.mutationtest.engine.gregor.mutators.NonVoidMethodCallMutator,getValue,578,NO_COVERAGE,none
LocalTime.java,org.joda.time.LocalTime,org.pitest.mutationtest.engine.gregor.mutators.NonVoidMethodCallMutator,getValue,578,NO_COVERAGE,none
LocalTime.java,org.joda.time.LocalTime,org.pitest.mutationtest.engine.gregor.mutators.NonVoidMethodCallMutator,getValue,578,NO_COVERAGE,none
LocalTime.java,org.joda.time.LocalTime,org.pitest.mutationtest.engine.gregor.mutators.NonVoidMethodCallMutator,getValue,578,NO_COVERAGE,none
LocalTime.java,org.joda.time.LocalTime,org.pitest.mutationtest.engine.gregor.mutators.NonVoidMethodCallMutator,getValue,580,NO_COVERAGE,none
LocalTime.java,org.joda.time.LocalTime,org.pitest.mutationtest.engine.gregor.mutators.NonVoidMethodCallMutator,getValue,580,NO_COVERAGE,none
LocalTime.java,org.joda.time.LocalTime,org.pitest.mutationtest.engine.gregor.mutators.NonVoidMethodCallMutator,getValue,580,NO_COVERAGE,none
LocalTime.java,org.joda.time.LocalTime,org.pitest.mutationtest.engine.gregor.mutators.NonVoidMethodCallMutator,getValue,580,NO_COVERAGE,none
LocalTime.java,org.joda.time.LocalTime,org.pitest.mutationtest.engine.gregor.mutators.NonVoidMethodCallMutator,getValue,582,NO_COVERAGE,none
LocalTime.java,org.joda.time.LocalTime,org.pitest.mutationtest.engine.gregor.mutators.NonVoidMethodCallMutator,getValue,582,NO_COVERAGE,none
LocalTime.java,org.joda.time.LocalTime,org.pitest.mutationtest.engine.gregor.mutators.NonVoidMethodCallMutator,getValue,582,NO_COVERAGE,none
LocalTime.java,org.joda.time.LocalTime,org.pitest.mutationtest.engine.gregor.mutators.NonVoidMethodCallMutator,getValue,582,NO_COVERAGE,none
LocalTime.java,org.joda.time.LocalTime,org.pitest.mutationtest.engine.gregor.mutators.NonVoidMethodCallMutator,getValue,584,NO_COVERAGE,none
LocalTime.java,org.joda.time.LocalTime,org.pitest.mutationtest.engine.gregor.mutators.NonVoidMethodCallMutator,getValue,584,NO_COVERAGE,none
LocalTime.java,org.joda.time.LocalTime,org.pitest.mutationtest.engine.gregor.mutators.NonVoidMethodCallMutator,getValue,584,NO_COVERAGE,none
LocalTime.java,org.joda.time.LocalTime,org.pitest.mutationtest.engine.gregor.mutators.PrimitiveReturnsMutator,getValue,576,NO_COVERAGE,none
LocalTime.java,org.joda.time.LocalTime,org.pitest.mutationtest.engine.gregor.mutators.PrimitiveReturnsMutator,getValue,578,NO_COVERAGE,none
LocalTime.java,org.joda.time.LocalTime,org.pitest.mutationtest.engine.gregor.mutators.PrimitiveReturnsMutator,getValue,580,NO_COVERAGE,none
LocalTime.java,org.joda.time.LocalTime,org.pitest.mutationtest.engine.gregor.mutators.PrimitiveReturnsMutator,getValue,582,NO_COVERAGE,none
LocalTime.java,org.joda.time.LocalTime,org.pitest.mutationtest.engine.gregor.mutators.ReturnValsMutator,getValue,576,NO_COVERAGE,none
LocalTime.java,org.joda.time.LocalTime,org.pitest.mutationtest.engine.gregor.mutators.ReturnValsMutator,getValue,578,NO_COVERAGE,none
LocalTime.java,org.joda.time.LocalTime,org.pitest.mutationtest.engine.gregor.mutators.ReturnValsMutator,getValue,580,NO_COVERAGE,none
LocalTime.java,org.joda.time.LocalTime,org.pitest.mutationtest.engine.gregor.mutators.ReturnValsMutator,getValue,582,NO_COVERAGE,none
LocalTime.java,org.joda.time.LocalTime,org.pitest.mutationtest.engine.gregor.mutators.experimental.NakedReceiverMutator,getValue,584,NO_COVERAGE,none
LocalTime.java,org.joda.time.LocalTime,org.pitest.mutationtest.engine.gregor.mutators.experimental.NakedReceiverMutator,getValue,584,NO_COVERAGE,none
LocalTime.java,org.joda.time.LocalTime,org.pitest.mutationtest.engine.gregor.mutators.experimental.RemoveSwitchMutator_0,getValue,574,NO_COVERAGE,none
LocalTime.java,org.joda.time.LocalTime,org.pitest.mutationtest.engine.gregor.mutators.experimental.RemoveSwitchMutator_1,getValue,574,NO_COVERAGE,none
LocalTime.java,org.joda.time.LocalTime,org.pitest.mutationtest.engine.gregor.mutators.experimental.RemoveSwitchMutator_2,getValue,574,NO_COVERAGE,none
LocalTime.java,org.joda.time.LocalTime,org.pitest.mutationtest.engine.gregor.mutators.experimental.RemoveSwitchMutator_3,getValue,574,NO_COVERAGE,none
LocalTime.java,org.joda.time.LocalTime,org.pitest.mutationtest.engine.gregor.mutators.experimental.SwitchMutator,getValue,574,NO_COVERAGE,none
LocalTime.java,org.joda.time.LocalTime,org.pitest.mutationtest.engine.gregor.mutators.ConstructorCallMutator,hourOfDay,1222,NO_COVERAGE,none
LocalTime.java,org.joda.time.LocalTime,org.pitest.mutationtest.engine.gregor.mutators.NonVoidMethodCallMutator,hourOfDay,1222,NO_COVERAGE,none
LocalTime.java,org.joda.time.LocalTime,org.pitest.mutationtest.engine.gregor.mutators.NonVoidMethodCallMutator,hourOfDay,1222,NO_COVERAGE,none
LocalTime.java,org.joda.time.LocalTime,org.pitest.mutationtest.engine.gregor.mutators.NullReturnValsMutator,hourOfDay,1222,NO_COVERAGE,none
LocalTime.java,org.joda.time.LocalTime,org.pitest.mutationtest.engine.gregor.mutators.ReturnValsMutator,hourOfDay,1222,NO_COVERAGE,none
LocalTime.java,org.joda.time.LocalTime,org.pitest.mutationtest.engine.gregor.mutators.BooleanTrueReturnValsMutator,isSupported,623,NO_COVERAGE,none
LocalTime.java,org.joda.time.LocalTime,org.pitest.mutationtest.engine.gregor.mutators.BooleanTrueReturnValsMutator,isSupported,626,NO_COVERAGE,none
LocalTime.java,org.joda.time.LocalTime,org.pitest.mutationtest.engine.gregor.mutators.BooleanTrueReturnValsMutator,isSupported,629,NO_COVERAGE,none
LocalTime.java,org.joda.time.LocalTime,org.pitest.mutationtest.engine.gregor.mutators.InlineConstantMutator,isSupported,623,NO_COVERAGE,none
LocalTime.java,org.joda.time.LocalTime,org.pitest.mutationtest.engine.gregor.mutators.InlineConstantMutator,isSupported,626,NO_COVERAGE,none
LocalTime.java,org.joda.time.LocalTime,org.pitest.mutationtest.engine.gregor.mutators.InlineConstantMutator,isSupported,629,NO_COVERAGE,none
LocalTime.java,org.joda.time.LocalTime,org.pitest.mutationtest.engine.gregor.mutators.InlineConstantMutator,isSupported,629,NO_COVERAGE,none
LocalTime.java,org.joda.time.LocalTime,org.pitest.mutationtest.engine.gregor.mutators.NegateConditionalsMutator,isSupported,622,NO_COVERAGE,none
LocalTime.java,org.joda.time.LocalTime,org.pitest.mutationtest.engine.gregor.mutators.NegateConditionalsMutator,isSupported,625,NO_COVERAGE,none
LocalTime.java,org.joda.time.LocalTime,org.pitest.mutationtest.engine.gregor.mutators.NegateConditionalsMutator,isSupported,629,NO_COVERAGE,none
LocalTime.java,org.joda.time.LocalTime,org.pitest.mutationtest.engine.gregor.mutators.NegateConditionalsMutator,isSupported,629,NO_COVERAGE,none
LocalTime.java,org.joda.time.LocalTime,org.pitest.mutationtest.engine.gregor.mutators.NonVoidMethodCallMutator,isSupported,625,NO_COVERAGE,none
LocalTime.java,org.joda.time.LocalTime,org.pitest.mutationtest.engine.gregor.mutators.NonVoidMethodCallMutator,isSupported,625,NO_COVERAGE,none
LocalTime.java,org.joda.time.LocalTime,org.pitest.mutationtest.engine.gregor.mutators.NonVoidMethodCallMutator,isSupported,628,NO_COVERAGE,none
LocalTime.java,org.joda.time.LocalTime,org.pitest.mutationtest.engine.gregor.mutators.NonVoidMethodCallMutator,isSupported,629,NO_COVERAGE,none
LocalTime.java,org.joda.time.LocalTime,org.pitest.mutationtest.engine.gregor.mutators.NonVoidMethodCallMutator,isSupported,629,NO_COVERAGE,none
LocalTime.java,org.joda.time.LocalTime,org.pitest.mutationtest.engine.gregor.mutators.RemoveConditionalMutator_EQUAL_ELSE,isSupported,622,NO_COVERAGE,none
LocalTime.java,org.joda.time.LocalTime,org.pitest.mutationtest.engine.gregor.mutators.RemoveConditionalMutator_EQUAL_ELSE,isSupported,625,NO_COVERAGE,none
LocalTime.java,org.joda.time.LocalTime,org.pitest.mutationtest.engine.gregor.mutators.RemoveConditionalMutator_EQUAL_ELSE,isSupported,629,NO_COVERAGE,none
LocalTime.java,org.joda.time.LocalTime,org.pitest.mutationtest.engine.gregor.mutators.RemoveConditionalMutator_EQUAL_ELSE,isSupported,629,NO_COVERAGE,none
LocalTime.java,org.joda.time.LocalTime,org.pitest.mutationtest.engine.gregor.mutators.RemoveConditionalMutator_EQUAL_IF,isSupported,622,NO_COVERAGE,none
LocalTime.java,org.joda.time.LocalTime,org.pitest.mutationtest.engine.gregor.mutators.RemoveConditionalMutator_EQUAL_IF,isSupported,625,NO_COVERAGE,none
LocalTime.java,org.joda.time.LocalTime,org.pitest.mutationtest.engine.gregor.mutators.RemoveConditionalMutator_EQUAL_IF,isSupported,629,NO_COVERAGE,none
LocalTime.java,org.joda.time.LocalTime,org.pitest.mutationtest.engine.gregor.mutators.RemoveConditionalMutator_EQUAL_IF,isSupported,629,NO_COVERAGE,none
LocalTime.java,org.joda.time.LocalTime,org.pitest.mutationtest.engine.gregor.mutators.ReturnValsMutator,isSupported,623,NO_COVERAGE,none
LocalTime.java,org.joda.time.LocalTime,org.pitest.mutationtest.engine.gregor.mutators.ReturnValsMutator,isSupported,626,NO_COVERAGE,none
LocalTime.java,org.joda.time.LocalTime,org.pitest.mutationtest.engine.gregor.mutators.ReturnValsMutator,isSupported,629,NO_COVERAGE,none
LocalTime.java,org.joda.time.LocalTime,org.pitest.mutationtest.engine.gregor.mutators.BooleanFalseReturnValsMutator,isSupported,646,NO_COVERAGE,none
LocalTime.java,org.joda.time.LocalTime,org.pitest.mutationtest.engine.gregor.mutators.BooleanTrueReturnValsMutator,isSupported,641,NO_COVERAGE,none
LocalTime.java,org.joda.time.LocalTime,org.pitest.mutationtest.engine.gregor.mutators.BooleanTrueReturnValsMutator,isSupported,646,NO_COVERAGE,none
LocalTime.java,org.joda.time.LocalTime,org.pitest.mutationtest.engine.gregor.mutators.BooleanTrueReturnValsMutator,isSupported,648,NO_COVERAGE,none
LocalTime.java,org.joda.time.LocalTime,org.pitest.mutationtest.engine.gregor.mutators.ConditionalsBoundaryMutator,isSupported,644,NO_COVERAGE,none
LocalTime.java,org.joda.time.LocalTime,org.pitest.mutationtest.engine.gregor.mutators.InlineConstantMutator,isSupported,641,NO_COVERAGE,none
LocalTime.java,org.joda.time.LocalTime,org.pitest.mutationtest.engine.gregor.mutators.InlineConstantMutator,isSupported,648,NO_COVERAGE,none
LocalTime.java,org.joda.time.LocalTime,org.pitest.mutationtest.engine.gregor.mutators.NegateConditionalsMutator,isSupported,640,NO_COVERAGE,none
LocalTime.java,org.joda.time.LocalTime,org.pitest.mutationtest.engine.gregor.mutators.NegateConditionalsMutator,isSupported,644,NO_COVERAGE,none
LocalTime.java,org.joda.time.LocalTime,org.pitest.mutationtest.engine.gregor.mutators.NegateConditionalsMutator,isSupported,644,NO_COVERAGE,none
LocalTime.java,org.joda.time.LocalTime,org.pitest.mutationtest.engine.gregor.mutators.NonVoidMethodCallMutator,isSupported,643,NO_COVERAGE,none
LocalTime.java,org.joda.time.LocalTime,org.pitest.mutationtest.engine.gregor.mutators.NonVoidMethodCallMutator,isSupported,643,NO_COVERAGE,none
LocalTime.java,org.joda.time.LocalTime,org.pitest.mutationtest.engine.gregor.mutators.NonVoidMethodCallMutator,isSupported,644,NO_COVERAGE,none
LocalTime.java,org.joda.time.LocalTime,org.pitest.mutationtest.engine.gregor.mutators.NonVoidMethodCallMutator,isSupported,644,NO_COVERAGE,none
LocalTime.java,org.joda.time.LocalTime,org.pitest.mutationtest.engine.gregor.mutators.NonVoidMethodCallMutator,isSupported,644,NO_COVERAGE,none
LocalTime.java,org.joda.time.LocalTime,org.pitest.mutationtest.engine.gregor.mutators.NonVoidMethodCallMutator,isSupported,644,NO_COVERAGE,none
LocalTime.java,org.joda.time.LocalTime,org.pitest.mutationtest.engine.gregor.mutators.NonVoidMethodCallMutator,isSupported,644,NO_COVERAGE,none
LocalTime.java,org.joda.time.LocalTime,org.pitest.mutationtest.engine.gregor.mutators.NonVoidMethodCallMutator,isSupported,646,NO_COVERAGE,none
LocalTime.java,org.joda.time.LocalTime,org.pitest.mutationtest.engine.gregor.mutators.RemoveConditionalMutator_EQUAL_ELSE,isSupported,640,NO_COVERAGE,none
LocalTime.java,org.joda.time.LocalTime,org.pitest.mutationtest.engine.gregor.mutators.RemoveConditionalMutator_EQUAL_ELSE,isSupported,644,NO_COVERAGE,none
LocalTime.java,org.joda.time.LocalTime,org.pitest.mutationtest.engine.gregor.mutators.RemoveConditionalMutator_EQUAL_IF,isSupported,640,NO_COVERAGE,none
LocalTime.java,org.joda.time.LocalTime,org.pitest.mutationtest.engine.gregor.mutators.RemoveConditionalMutator_EQUAL_IF,isSupported,644,NO_COVERAGE,none
LocalTime.java,org.joda.time.LocalTime,org.pitest.mutationtest.engine.gregor.mutators.RemoveConditionalMutator_ORDER_ELSE,isSupported,644,NO_COVERAGE,none
LocalTime.java,org.joda.time.LocalTime,org.pitest.mutationtest.engine.gregor.mutators.RemoveConditionalMutator_ORDER_IF,isSupported,644,NO_COVERAGE,none
LocalTime.java,org.joda.time.LocalTime,org.pitest.mutationtest.engine.gregor.mutators.ReturnValsMutator,isSupported,641,NO_COVERAGE,none
LocalTime.java,org.joda.time.LocalTime,org.pitest.mutationtest.engine.gregor.mutators.ReturnValsMutator,isSupported,646,NO_COVERAGE,none
LocalTime.java,org.joda.time.LocalTime,org.pitest.mutationtest.engine.gregor.mutators.ReturnValsMutator,isSupported,648,NO_COVERAGE,none
LocalTime.java,org.joda.time.LocalTime,org.pitest.mutationtest.engine.gregor.mutators.ConstructorCallMutator,millisOfDay,1258,NO_COVERAGE,none
LocalTime.java,org.joda.time.LocalTime,org.pitest.mutationtest.engine.gregor.mutators.NonVoidMethodCallMutator,millisOfDay,1258,NO_COVERAGE,none
LocalTime.java,org.joda.time.LocalTime,org.pitest.mutationtest.engine.gregor.mutators.NonVoidMethodCallMutator,millisOfDay,1258,NO_COVERAGE,none
LocalTime.java,org.joda.time.LocalTime,org.pitest.mutationtest.engine.gregor.mutators.NullReturnValsMutator,millisOfDay,1258,NO_COVERAGE,none
LocalTime.java,org.joda.time.LocalTime,org.pitest.mutationtest.engine.gregor.mutators.ReturnValsMutator,millisOfDay,1258,NO_COVERAGE,none
LocalTime.java,org.joda.time.LocalTime,org.pitest.mutationtest.engine.gregor.mutators.ConstructorCallMutator,millisOfSecond,1249,NO_COVERAGE,none
LocalTime.java,org.joda.time.LocalTime,org.pitest.mutationtest.engine.gregor.mutators.NonVoidMethodCallMutator,millisOfSecond,1249,NO_COVERAGE,none
LocalTime.java,org.joda.time.LocalTime,org.pitest.mutationtest.engine.gregor.mutators.NonVoidMethodCallMutator,millisOfSecond,1249,NO_COVERAGE,none
LocalTime.java,org.joda.time.LocalTime,org.pitest.mutationtest.engine.gregor.mutators.NullReturnValsMutator,millisOfSecond,1249,NO_COVERAGE,none
LocalTime.java,org.joda.time.LocalTime,org.pitest.mutationtest.engine.gregor.mutators.ReturnValsMutator,millisOfSecond,1249,NO_COVERAGE,none
LocalTime.java,org.joda.time.LocalTime,org.pitest.mutationtest.engine.gregor.mutators.InlineConstantMutator,minus,978,NO_COVERAGE,none
LocalTime.java,org.joda.time.LocalTime,org.pitest.mutationtest.engine.gregor.mutators.NonVoidMethodCallMutator,minus,978,NO_COVERAGE,none
LocalTime.java,org.joda.time.LocalTime,org.pitest.mutationtest.engine.gregor.mutators.NullReturnValsMutator,minus,978,NO_COVERAGE,none
LocalTime.java,org.joda.time.LocalTime,org.pitest.mutationtest.engine.gregor.mutators.ReturnValsMutator,minus,978,NO_COVERAGE,none
LocalTime.java,org.joda.time.LocalTime,org.pitest.mutationtest.engine.gregor.mutators.experimental.NakedReceiverMutator,minus,978,NO_COVERAGE,none
LocalTime.java,org.joda.time.LocalTime,org.pitest.mutationtest.engine.gregor.mutators.ArgumentPropagationMutator,minusHours,1001,NO_COVERAGE,none
LocalTime.java,org.joda.time.LocalTime,org.pitest.mutationtest.engine.gregor.mutators.NegateConditionalsMutator,minusHours,998,NO_COVERAGE,none
LocalTime.java,org.joda.time.LocalTime,org.pitest.mutationtest.engine.gregor.mutators.NonVoidMethodCallMutator,minusHours,1001,NO_COVERAGE,none
LocalTime.java,org.joda.time.LocalTime,org.pitest.mutationtest.engine.gregor.mutators.NonVoidMethodCallMutator,minusHours,1001,NO_COVERAGE,none
LocalTime.java,org.joda.time.LocalTime,org.pitest.mutationtest.engine.gregor.mutators.NonVoidMethodCallMutator,minusHours,1001,NO_COVERAGE,none
LocalTime.java,org.joda.time.LocalTime,org.pitest.mutationtest.engine.gregor.mutators.NonVoidMethodCallMutator,minusHours,1001,NO_COVERAGE,none
LocalTime.java,org.joda.time.LocalTime,org.pitest.mutationtest.engine.gregor.mutators.NonVoidMethodCallMutator,minusHours,1002,NO_COVERAGE,none
LocalTime.java,org.joda.time.LocalTime,org.pitest.mutationtest.engine.gregor.mutators.NullReturnValsMutator,minusHours,999,NO_COVERAGE,none
LocalTime.java,org.joda.time.LocalTime,org.pitest.mutationtest.engine.gregor.mutators.NullReturnValsMutator,minusHours,1002,NO_COVERAGE,none
LocalTime.java,org.joda.time.LocalTime,org.pitest.mutationtest.engine.gregor.mutators.RemoveConditionalMutator_EQUAL_ELSE,minusHours,998,NO_COVERAGE,none
LocalTime.java,org.joda.time.LocalTime,org.pitest.mutationtest.engine.gregor.mutators.RemoveConditionalMutator_EQUAL_IF,minusHours,998,NO_COVERAGE,none
LocalTime.java,org.joda.time.LocalTime,org.pitest.mutationtest.engine.gregor.mutators.ReturnValsMutator,minusHours,999,NO_COVERAGE,none
LocalTime.java,org.joda.time.LocalTime,org.pitest.mutationtest.engine.gregor.mutators.ReturnValsMutator,minusHours,1002,NO_COVERAGE,none
LocalTime.java,org.joda.time.LocalTime,org.pitest.mutationtest.engine.gregor.mutators.experimental.NakedReceiverMutator,minusHours,1002,NO_COVERAGE,none
LocalTime.java,org.joda.time.LocalTime,org.pitest.mutationtest.engine.gregor.mutators.ArgumentPropagationMutator,minusMillis,1070,NO_COVERAGE,none
LocalTime.java,org.joda.time.LocalTime,org.pitest.mutationtest.engine.gregor.mutators.NegateConditionalsMutator,minusMillis,1067,NO_COVERAGE,none
LocalTime.java,org.joda.time.LocalTime,org.pitest.mutationtest.engine.gregor.mutators.NonVoidMethodCallMutator,minusMillis,1070,NO_COVERAGE,none
LocalTime.java,org.joda.time.LocalTime,org.pitest.mutationtest.engine.gregor.mutators.NonVoidMethodCallMutator,minusMillis,1070,NO_COVERAGE,none
LocalTime.java,org.joda.time.LocalTime,org.pitest.mutationtest.engine.gregor.mutators.NonVoidMethodCallMutator,minusMillis,1070,NO_COVERAGE,none
LocalTime.java,org.joda.time.LocalTime,org.pitest.mutationtest.engine.gregor.mutators.NonVoidMethodCallMutator,minusMillis,1070,NO_COVERAGE,none
LocalTime.java,org.joda.time.LocalTime,org.pitest.mutationtest.engine.gregor.mutators.NonVoidMethodCallMutator,minusMillis,1071,NO_COVERAGE,none
LocalTime.java,org.joda.time.LocalTime,org.pitest.mutationtest.engine.gregor.mutators.NullReturnValsMutator,minusMillis,1068,NO_COVERAGE,none
LocalTime.java,org.joda.time.LocalTime,org.pitest.mutationtest.engine.gregor.mutators.NullReturnValsMutator,minusMillis,1071,NO_COVERAGE,none
LocalTime.java,org.joda.time.LocalTime,org.pitest.mutationtest.engine.gregor.mutators.RemoveConditionalMutator_EQUAL_ELSE,minusMillis,1067,NO_COVERAGE,none
LocalTime.java,org.joda.time.LocalTime,org.pitest.mutationtest.engine.gregor.mutators.RemoveConditionalMutator_EQUAL_IF,minusMillis,1067,NO_COVERAGE,none
LocalTime.java,org.joda.time.LocalTime,org.pitest.mutationtest.engine.gregor.mutators.ReturnValsMutator,minusMillis,1068,NO_COVERAGE,none
LocalTime.java,org.joda.time.LocalTime,org.pitest.mutationtest.engine.gregor.mutators.ReturnValsMutator,minusMillis,1071,NO_COVERAGE,none
LocalTime.java,org.joda.time.LocalTime,org.pitest.mutationtest.engine.gregor.mutators.experimental.NakedReceiverMutator,minusMillis,1071,NO_COVERAGE,none
LocalTime.java,org.joda.time.LocalTime,org.pitest.mutationtest.engine.gregor.mutators.ArgumentPropagationMutator,minusMinutes,1024,NO_COVERAGE,none
LocalTime.java,org.joda.time.LocalTime,org.pitest.mutationtest.engine.gregor.mutators.NegateConditionalsMutator,minusMinutes,1021,NO_COVERAGE,none
LocalTime.java,org.joda.time.LocalTime,org.pitest.mutationtest.engine.gregor.mutators.NonVoidMethodCallMutator,minusMinutes,1024,NO_COVERAGE,none
LocalTime.java,org.joda.time.LocalTime,org.pitest.mutationtest.engine.gregor.mutators.NonVoidMethodCallMutator,minusMinutes,1024,NO_COVERAGE,none
LocalTime.java,org.joda.time.LocalTime,org.pitest.mutationtest.engine.gregor.mutators.NonVoidMethodCallMutator,minusMinutes,1024,NO_COVERAGE,none
LocalTime.java,org.joda.time.LocalTime,org.pitest.mutationtest.engine.gregor.mutators.NonVoidMethodCallMutator,minusMinutes,1024,NO_COVERAGE,none
LocalTime.java,org.joda.time.LocalTime,org.pitest.mutationtest.engine.gregor.mutators.NonVoidMethodCallMutator,minusMinutes,1025,NO_COVERAGE,none
LocalTime.java,org.joda.time.LocalTime,org.pitest.mutationtest.engine.gregor.mutators.NullReturnValsMutator,minusMinutes,1022,NO_COVERAGE,none
LocalTime.java,org.joda.time.LocalTime,org.pitest.mutationtest.engine.gregor.mutators.NullReturnValsMutator,minusMinutes,1025,NO_COVERAGE,none
LocalTime.java,org.joda.time.LocalTime,org.pitest.mutationtest.engine.gregor.mutators.RemoveConditionalMutator_EQUAL_ELSE,minusMinutes,1021,NO_COVERAGE,none
LocalTime.java,org.joda.time.LocalTime,org.pitest.mutationtest.engine.gregor.mutators.RemoveConditionalMutator_EQUAL_IF,minusMinutes,1021,NO_COVERAGE,none
LocalTime.java,org.joda.time.LocalTime,org.pitest.mutationtest.engine.gregor.mutators.ReturnValsMutator,minusMinutes,1022,NO_COVERAGE,none
LocalTime.java,org.joda.time.LocalTime,org.pitest.mutationtest.engine.gregor.mutators.ReturnValsMutator,minusMinutes,1025,NO_COVERAGE,none
LocalTime.java,org.joda.time.LocalTime,org.pitest.mutationtest.engine.gregor.mutators.experimental.NakedReceiverMutator,minusMinutes,1025,NO_COVERAGE,none
LocalTime.java,org.joda.time.LocalTime,org.pitest.mutationtest.engine.gregor.mutators.ArgumentPropagationMutator,minusSeconds,1047,NO_COVERAGE,none
LocalTime.java,org.joda.time.LocalTime,org.pitest.mutationtest.engine.gregor.mutators.NegateConditionalsMutator,minusSeconds,1044,NO_COVERAGE,none
LocalTime.java,org.joda.time.LocalTime,org.pitest.mutationtest.engine.gregor.mutators.NonVoidMethodCallMutator,minusSeconds,1047,NO_COVERAGE,none
LocalTime.java,org.joda.time.LocalTime,org.pitest.mutationtest.engine.gregor.mutators.NonVoidMethodCallMutator,minusSeconds,1047,NO_COVERAGE,none
LocalTime.java,org.joda.time.LocalTime,org.pitest.mutationtest.engine.gregor.mutators.NonVoidMethodCallMutator,minusSeconds,1047,NO_COVERAGE,none
LocalTime.java,org.joda.time.LocalTime,org.pitest.mutationtest.engine.gregor.mutators.NonVoidMethodCallMutator,minusSeconds,1047,NO_COVERAGE,none
LocalTime.java,org.joda.time.LocalTime,org.pitest.mutationtest.engine.gregor.mutators.NonVoidMethodCallMutator,minusSeconds,1048,NO_COVERAGE,none
LocalTime.java,org.joda.time.LocalTime,org.pitest.mutationtest.engine.gregor.mutators.NullReturnValsMutator,minusSeconds,1045,NO_COVERAGE,none
LocalTime.java,org.joda.time.LocalTime,org.pitest.mutationtest.engine.gregor.mutators.NullReturnValsMutator,minusSeconds,1048,NO_COVERAGE,none
LocalTime.java,org.joda.time.LocalTime,org.pitest.mutationtest.engine.gregor.mutators.RemoveConditionalMutator_EQUAL_ELSE,minusSeconds,1044,NO_COVERAGE,none
LocalTime.java,org.joda.time.LocalTime,org.pitest.mutationtest.engine.gregor.mutators.RemoveConditionalMutator_EQUAL_IF,minusSeconds,1044,NO_COVERAGE,none
LocalTime.java,org.joda.time.LocalTime,org.pitest.mutationtest.engine.gregor.mutators.ReturnValsMutator,minusSeconds,1045,NO_COVERAGE,none
LocalTime.java,org.joda.time.LocalTime,org.pitest.mutationtest.engine.gregor.mutators.ReturnValsMutator,minusSeconds,1048,NO_COVERAGE,none
LocalTime.java,org.joda.time.LocalTime,org.pitest.mutationtest.engine.gregor.mutators.experimental.NakedReceiverMutator,minusSeconds,1048,NO_COVERAGE,none
LocalTime.java,org.joda.time.LocalTime,org.pitest.mutationtest.engine.gregor.mutators.ConstructorCallMutator,minuteOfHour,1231,NO_COVERAGE,none
LocalTime.java,org.joda.time.LocalTime,org.pitest.mutationtest.engine.gregor.mutators.NonVoidMethodCallMutator,minuteOfHour,1231,NO_COVERAGE,none
LocalTime.java,org.joda.time.LocalTime,org.pitest.mutationtest.engine.gregor.mutators.NonVoidMethodCallMutator,minuteOfHour,1231,NO_COVERAGE,none
LocalTime.java,org.joda.time.LocalTime,org.pitest.mutationtest.engine.gregor.mutators.NullReturnValsMutator,minuteOfHour,1231,NO_COVERAGE,none
LocalTime.java,org.joda.time.LocalTime,org.pitest.mutationtest.engine.gregor.mutators.ReturnValsMutator,minuteOfHour,1231,NO_COVERAGE,none
LocalTime.java,org.joda.time.LocalTime,org.pitest.mutationtest.engine.gregor.mutators.ConstructorCallMutator,now,118,NO_COVERAGE,none
LocalTime.java,org.joda.time.LocalTime,org.pitest.mutationtest.engine.gregor.mutators.NullReturnValsMutator,now,118,NO_COVERAGE,none
LocalTime.java,org.joda.time.LocalTime,org.pitest.mutationtest.engine.gregor.mutators.ReturnValsMutator,now,118,NO_COVERAGE,none
LocalTime.java,org.joda.time.LocalTime,org.pitest.mutationtest.engine.gregor.mutators.ConstructorCallMutator,now,148,NO_COVERAGE,none
LocalTime.java,org.joda.time.LocalTime,org.pitest.mutationtest.engine.gregor.mutators.ConstructorCallMutator,now,150,NO_COVERAGE,none
LocalTime.java,org.joda.time.LocalTime,org.pitest.mutationtest.engine.gregor.mutators.NegateConditionalsMutator,now,147,NO_COVERAGE,none
LocalTime.java,org.joda.time.LocalTime,org.pitest.mutationtest.engine.gregor.mutators.NullReturnValsMutator,now,150,NO_COVERAGE,none
LocalTime.java,org.joda.time.LocalTime,org.pitest.mutationtest.engine.gregor.mutators.RemoveConditionalMutator_EQUAL_ELSE,now,147,NO_COVERAGE,none
LocalTime.java,org.joda.time.LocalTime,org.pitest.mutationtest.engine.gregor.mutators.RemoveConditionalMutator_EQUAL_IF,now,147,NO_COVERAGE,none
LocalTime.java,org.joda.time.LocalTime,org.pitest.mutationtest.engine.gregor.mutators.ReturnValsMutator,now,150,NO_COVERAGE,none
LocalTime.java,org.joda.time.LocalTime,org.pitest.mutationtest.engine.gregor.mutators.ConstructorCallMutator,now,132,NO_COVERAGE,none
LocalTime.java,org.joda.time.LocalTime,org.pitest.mutationtest.engine.gregor.mutators.ConstructorCallMutator,now,134,NO_COVERAGE,none
LocalTime.java,org.joda.time.LocalTime,org.pitest.mutationtest.engine.gregor.mutators.NegateConditionalsMutator,now,131,NO_COVERAGE,none
LocalTime.java,org.joda.time.LocalTime,org.pitest.mutationtest.engine.gregor.mutators.NullReturnValsMutator,now,134,NO_COVERAGE,none
LocalTime.java,org.joda.time.LocalTime,org.pitest.mutationtest.engine.gregor.mutators.RemoveConditionalMutator_EQUAL_ELSE,now,131,NO_COVERAGE,none
LocalTime.java,org.joda.time.LocalTime,org.pitest.mutationtest.engine.gregor.mutators.RemoveConditionalMutator_EQUAL_IF,now,131,NO_COVERAGE,none
LocalTime.java,org.joda.time.LocalTime,org.pitest.mutationtest.engine.gregor.mutators.ReturnValsMutator,now,134,NO_COVERAGE,none
LocalTime.java,org.joda.time.LocalTime,org.pitest.mutationtest.engine.gregor.mutators.NonVoidMethodCallMutator,parse,164,NO_COVERAGE,none
LocalTime.java,org.joda.time.LocalTime,org.pitest.mutationtest.engine.gregor.mutators.NonVoidMethodCallMutator,parse,164,NO_COVERAGE,none
LocalTime.java,org.joda.time.LocalTime,org.pitest.mutationtest.engine.gregor.mutators.NullReturnValsMutator,parse,164,NO_COVERAGE,none
LocalTime.java,org.joda.time.LocalTime,org.pitest.mutationtest.engine.gregor.mutators.ReturnValsMutator,parse,164,NO_COVERAGE,none
LocalTime.java,org.joda.time.LocalTime,org.pitest.mutationtest.engine.gregor.mutators.NonVoidMethodCallMutator,parse,175,NO_COVERAGE,none
LocalTime.java,org.joda.time.LocalTime,org.pitest.mutationtest.engine.gregor.mutators.NullReturnValsMutator,parse,175,NO_COVERAGE,none
LocalTime.java,org.joda.time.LocalTime,org.pitest.mutationtest.engine.gregor.mutators.ReturnValsMutator,parse,175,NO_COVERAGE,none
LocalTime.java,org.joda.time.LocalTime,org.pitest.mutationtest.engine.gregor.mutators.InlineConstantMutator,plus,867,NO_COVERAGE,none
LocalTime.java,org.joda.time.LocalTime,org.pitest.mutationtest.engine.gregor.mutators.NonVoidMethodCallMutator,plus,867,NO_COVERAGE,none
LocalTime.java,org.joda.time.LocalTime,org.pitest.mutationtest.engine.gregor.mutators.NullReturnValsMutator,plus,867,NO_COVERAGE,none
LocalTime.java,org.joda.time.LocalTime,org.pitest.mutationtest.engine.gregor.mutators.ReturnValsMutator,plus,867,NO_COVERAGE,none
LocalTime.java,org.joda.time.LocalTime,org.pitest.mutationtest.engine.gregor.mutators.experimental.NakedReceiverMutator,plus,867,NO_COVERAGE,none
LocalTime.java,org.joda.time.LocalTime,org.pitest.mutationtest.engine.gregor.mutators.ArgumentPropagationMutator,plusHours,890,NO_COVERAGE,none
LocalTime.java,org.joda.time.LocalTime,org.pitest.mutationtest.engine.gregor.mutators.NegateConditionalsMutator,plusHours,887,NO_COVERAGE,none
LocalTime.java,org.joda.time.LocalTime,org.pitest.mutationtest.engine.gregor.mutators.NonVoidMethodCallMutator,plusHours,890,NO_COVERAGE,none
LocalTime.java,org.joda.time.LocalTime,org.pitest.mutationtest.engine.gregor.mutators.NonVoidMethodCallMutator,plusHours,890,NO_COVERAGE,none
LocalTime.java,org.joda.time.LocalTime,org.pitest.mutationtest.engine.gregor.mutators.NonVoidMethodCallMutator,plusHours,890,NO_COVERAGE,none
LocalTime.java,org.joda.time.LocalTime,org.pitest.mutationtest.engine.gregor.mutators.NonVoidMethodCallMutator,plusHours,890,NO_COVERAGE,none
LocalTime.java,org.joda.time.LocalTime,org.pitest.mutationtest.engine.gregor.mutators.NonVoidMethodCallMutator,plusHours,891,NO_COVERAGE,none
LocalTime.java,org.joda.time.LocalTime,org.pitest.mutationtest.engine.gregor.mutators.NullReturnValsMutator,plusHours,888,NO_COVERAGE,none
LocalTime.java,org.joda.time.LocalTime,org.pitest.mutationtest.engine.gregor.mutators.NullReturnValsMutator,plusHours,891,NO_COVERAGE,none
LocalTime.java,org.joda.time.LocalTime,org.pitest.mutationtest.engine.gregor.mutators.RemoveConditionalMutator_EQUAL_ELSE,plusHours,887,NO_COVERAGE,none
LocalTime.java,org.joda.time.LocalTime,org.pitest.mutationtest.engine.gregor.mutators.RemoveConditionalMutator_EQUAL_IF,plusHours,887,NO_COVERAGE,none
LocalTime.java,org.joda.time.LocalTime,org.pitest.mutationtest.engine.gregor.mutators.ReturnValsMutator,plusHours,888,NO_COVERAGE,none
LocalTime.java,org.joda.time.LocalTime,org.pitest.mutationtest.engine.gregor.mutators.ReturnValsMutator,plusHours,891,NO_COVERAGE,none
LocalTime.java,org.joda.time.LocalTime,org.pitest.mutationtest.engine.gregor.mutators.experimental.NakedReceiverMutator,plusHours,891,NO_COVERAGE,none
LocalTime.java,org.joda.time.LocalTime,org.pitest.mutationtest.engine.gregor.mutators.ArgumentPropagationMutator,plusMillis,959,NO_COVERAGE,none
LocalTime.java,org.joda.time.LocalTime,org.pitest.mutationtest.engine.gregor.mutators.NegateConditionalsMutator,plusMillis,956,NO_COVERAGE,none
LocalTime.java,org.joda.time.LocalTime,org.pitest.mutationtest.engine.gregor.mutators.NonVoidMethodCallMutator,plusMillis,959,NO_COVERAGE,none
LocalTime.java,org.joda.time.LocalTime,org.pitest.mutationtest.engine.gregor.mutators.NonVoidMethodCallMutator,plusMillis,959,NO_COVERAGE,none
LocalTime.java,org.joda.time.LocalTime,org.pitest.mutationtest.engine.gregor.mutators.NonVoidMethodCallMutator,plusMillis,959,NO_COVERAGE,none
LocalTime.java,org.joda.time.LocalTime,org.pitest.mutationtest.engine.gregor.mutators.NonVoidMethodCallMutator,plusMillis,959,NO_COVERAGE,none
LocalTime.java,org.joda.time.LocalTime,org.pitest.mutationtest.engine.gregor.mutators.NonVoidMethodCallMutator,plusMillis,960,NO_COVERAGE,none
LocalTime.java,org.joda.time.LocalTime,org.pitest.mutationtest.engine.gregor.mutators.NullReturnValsMutator,plusMillis,957,NO_COVERAGE,none
LocalTime.java,org.joda.time.LocalTime,org.pitest.mutationtest.engine.gregor.mutators.NullReturnValsMutator,plusMillis,960,NO_COVERAGE,none
LocalTime.java,org.joda.time.LocalTime,org.pitest.mutationtest.engine.gregor.mutators.RemoveConditionalMutator_EQUAL_ELSE,plusMillis,956,NO_COVERAGE,none
LocalTime.java,org.joda.time.LocalTime,org.pitest.mutationtest.engine.gregor.mutators.RemoveConditionalMutator_EQUAL_IF,plusMillis,956,NO_COVERAGE,none
LocalTime.java,org.joda.time.LocalTime,org.pitest.mutationtest.engine.gregor.mutators.ReturnValsMutator,plusMillis,957,NO_COVERAGE,none
LocalTime.java,org.joda.time.LocalTime,org.pitest.mutationtest.engine.gregor.mutators.ReturnValsMutator,plusMillis,960,NO_COVERAGE,none
LocalTime.java,org.joda.time.LocalTime,org.pitest.mutationtest.engine.gregor.mutators.experimental.NakedReceiverMutator,plusMillis,960,NO_COVERAGE,none
LocalTime.java,org.joda.time.LocalTime,org.pitest.mutationtest.engine.gregor.mutators.ArgumentPropagationMutator,plusMinutes,913,NO_COVERAGE,none
LocalTime.java,org.joda.time.LocalTime,org.pitest.mutationtest.engine.gregor.mutators.NegateConditionalsMutator,plusMinutes,910,NO_COVERAGE,none
LocalTime.java,org.joda.time.LocalTime,org.pitest.mutationtest.engine.gregor.mutators.NonVoidMethodCallMutator,plusMinutes,913,NO_COVERAGE,none
LocalTime.java,org.joda.time.LocalTime,org.pitest.mutationtest.engine.gregor.mutators.NonVoidMethodCallMutator,plusMinutes,913,NO_COVERAGE,none
LocalTime.java,org.joda.time.LocalTime,org.pitest.mutationtest.engine.gregor.mutators.NonVoidMethodCallMutator,plusMinutes,913,NO_COVERAGE,none
LocalTime.java,org.joda.time.LocalTime,org.pitest.mutationtest.engine.gregor.mutators.NonVoidMethodCallMutator,plusMinutes,913,NO_COVERAGE,none
LocalTime.java,org.joda.time.LocalTime,org.pitest.mutationtest.engine.gregor.mutators.NonVoidMethodCallMutator,plusMinutes,914,NO_COVERAGE,none
LocalTime.java,org.joda.time.LocalTime,org.pitest.mutationtest.engine.gregor.mutators.NullReturnValsMutator,plusMinutes,911,NO_COVERAGE,none
LocalTime.java,org.joda.time.LocalTime,org.pitest.mutationtest.engine.gregor.mutators.NullReturnValsMutator,plusMinutes,914,NO_COVERAGE,none
LocalTime.java,org.joda.time.LocalTime,org.pitest.mutationtest.engine.gregor.mutators.RemoveConditionalMutator_EQUAL_ELSE,plusMinutes,910,NO_COVERAGE,none
LocalTime.java,org.joda.time.LocalTime,org.pitest.mutationtest.engine.gregor.mutators.RemoveConditionalMutator_EQUAL_IF,plusMinutes,910,NO_COVERAGE,none
LocalTime.java,org.joda.time.LocalTime,org.pitest.mutationtest.engine.gregor.mutators.ReturnValsMutator,plusMinutes,911,NO_COVERAGE,none
LocalTime.java,org.joda.time.LocalTime,org.pitest.mutationtest.engine.gregor.mutators.ReturnValsMutator,plusMinutes,914,NO_COVERAGE,none
LocalTime.java,org.joda.time.LocalTime,org.pitest.mutationtest.engine.gregor.mutators.experimental.NakedReceiverMutator,plusMinutes,914,NO_COVERAGE,none
LocalTime.java,org.joda.time.LocalTime,org.pitest.mutationtest.engine.gregor.mutators.ArgumentPropagationMutator,plusSeconds,936,NO_COVERAGE,none
LocalTime.java,org.joda.time.LocalTime,org.pitest.mutationtest.engine.gregor.mutators.NegateConditionalsMutator,plusSeconds,933,NO_COVERAGE,none
LocalTime.java,org.joda.time.LocalTime,org.pitest.mutationtest.engine.gregor.mutators.NonVoidMethodCallMutator,plusSeconds,936,NO_COVERAGE,none
LocalTime.java,org.joda.time.LocalTime,org.pitest.mutationtest.engine.gregor.mutators.NonVoidMethodCallMutator,plusSeconds,936,NO_COVERAGE,none
LocalTime.java,org.joda.time.LocalTime,org.pitest.mutationtest.engine.gregor.mutators.NonVoidMethodCallMutator,plusSeconds,936,NO_COVERAGE,none
LocalTime.java,org.joda.time.LocalTime,org.pitest.mutationtest.engine.gregor.mutators.NonVoidMethodCallMutator,plusSeconds,936,NO_COVERAGE,none
LocalTime.java,org.joda.time.LocalTime,org.pitest.mutationtest.engine.gregor.mutators.NonVoidMethodCallMutator,plusSeconds,937,NO_COVERAGE,none
LocalTime.java,org.joda.time.LocalTime,org.pitest.mutationtest.engine.gregor.mutators.NullReturnValsMutator,plusSeconds,934,NO_COVERAGE,none
LocalTime.java,org.joda.time.LocalTime,org.pitest.mutationtest.engine.gregor.mutators.NullReturnValsMutator,plusSeconds,937,NO_COVERAGE,none
LocalTime.java,org.joda.time.LocalTime,org.pitest.mutationtest.engine.gregor.mutators.RemoveConditionalMutator_EQUAL_ELSE,plusSeconds,933,NO_COVERAGE,none
LocalTime.java,org.joda.time.LocalTime,org.pitest.mutationtest.engine.gregor.mutators.RemoveConditionalMutator_EQUAL_IF,plusSeconds,933,NO_COVERAGE,none
LocalTime.java,org.joda.time.LocalTime,org.pitest.mutationtest.engine.gregor.mutators.ReturnValsMutator,plusSeconds,934,NO_COVERAGE,none
LocalTime.java,org.joda.time.LocalTime,org.pitest.mutationtest.engine.gregor.mutators.ReturnValsMutator,plusSeconds,937,NO_COVERAGE,none
LocalTime.java,org.joda.time.LocalTime,org.pitest.mutationtest.engine.gregor.mutators.experimental.NakedReceiverMutator,plusSeconds,937,NO_COVERAGE,none
LocalTime.java,org.joda.time.LocalTime,org.pitest.mutationtest.engine.gregor.mutators.ConstructorCallMutator,property,1085,NO_COVERAGE,none
LocalTime.java,org.joda.time.LocalTime,org.pitest.mutationtest.engine.gregor.mutators.ConstructorCallMutator,property,1088,NO_COVERAGE,none
LocalTime.java,org.joda.time.LocalTime,org.pitest.mutationtest.engine.gregor.mutators.ConstructorCallMutator,property,1088,NO_COVERAGE,none
LocalTime.java,org.joda.time.LocalTime,org.pitest.mutationtest.engine.gregor.mutators.ConstructorCallMutator,property,1090,NO_COVERAGE,none
LocalTime.java,org.joda.time.LocalTime,org.pitest.mutationtest.engine.gregor.mutators.NegateConditionalsMutator,property,1084,NO_COVERAGE,none
LocalTime.java,org.joda.time.LocalTime,org.pitest.mutationtest.engine.gregor.mutators.NegateConditionalsMutator,property,1087,NO_COVERAGE,none
LocalTime.java,org.joda.time.LocalTime,org.pitest.mutationtest.engine.gregor.mutators.NonVoidMethodCallMutator,property,1087,NO_COVERAGE,none
LocalTime.java,org.joda.time.LocalTime,org.pitest.mutationtest.engine.gregor.mutators.NonVoidMethodCallMutator,property,1088,NO_COVERAGE,none
LocalTime.java,org.joda.time.LocalTime,org.pitest.mutationtest.engine.gregor.mutators.NonVoidMethodCallMutator,property,1088,NO_COVERAGE,none
LocalTime.java,org.joda.time.LocalTime,org.pitest.mutationtest.engine.gregor.mutators.NonVoidMethodCallMutator,property,1088,NO_COVERAGE,none
LocalTime.java,org.joda.time.LocalTime,org.pitest.mutationtest.engine.gregor.mutators.NonVoidMethodCallMutator,property,1088,NO_COVERAGE,none
LocalTime.java,org.joda.time.LocalTime,org.pitest.mutationtest.engine.gregor.mutators.NonVoidMethodCallMutator,property,1090,NO_COVERAGE,none
LocalTime.java,org.joda.time.LocalTime,org.pitest.mutationtest.engine.gregor.mutators.NonVoidMethodCallMutator,property,1090,NO_COVERAGE,none
LocalTime.java,org.joda.time.LocalTime,org.pitest.mutationtest.engine.gregor.mutators.NullReturnValsMutator,property,1090,NO_COVERAGE,none
LocalTime.java,org.joda.time.LocalTime,org.pitest.mutationtest.engine.gregor.mutators.RemoveConditionalMutator_EQUAL_ELSE,property,1084,NO_COVERAGE,none
LocalTime.java,org.joda.time.LocalTime,org.pitest.mutationtest.engine.gregor.mutators.RemoveConditionalMutator_EQUAL_ELSE,property,1087,NO_COVERAGE,none
LocalTime.java,org.joda.time.LocalTime,org.pitest.mutationtest.engine.gregor.mutators.RemoveConditionalMutator_EQUAL_IF,property,1084,NO_COVERAGE,none
LocalTime.java,org.joda.time.LocalTime,org.pitest.mutationtest.engine.gregor.mutators.RemoveConditionalMutator_EQUAL_IF,property,1087,NO_COVERAGE,none
LocalTime.java,org.joda.time.LocalTime,org.pitest.mutationtest.engine.gregor.mutators.ReturnValsMutator,property,1090,NO_COVERAGE,none
LocalTime.java,org.joda.time.LocalTime,org.pitest.mutationtest.engine.gregor.mutators.experimental.NakedReceiverMutator,property,1088,NO_COVERAGE,none
LocalTime.java,org.joda.time.LocalTime,org.pitest.mutationtest.engine.gregor.mutators.experimental.NakedReceiverMutator,property,1088,NO_COVERAGE,none
LocalTime.java,org.joda.time.LocalTime,org.pitest.mutationtest.engine.gregor.mutators.experimental.NakedReceiverMutator,property,1088,NO_COVERAGE,none
LocalTime.java,org.joda.time.LocalTime,org.pitest.mutationtest.engine.gregor.mutators.ConstructorCallMutator,readResolve,518,NO_COVERAGE,none
LocalTime.java,org.joda.time.LocalTime,org.pitest.mutationtest.engine.gregor.mutators.ConstructorCallMutator,readResolve,521,NO_COVERAGE,none
LocalTime.java,org.joda.time.LocalTime,org.pitest.mutationtest.engine.gregor.mutators.NegateConditionalsMutator,readResolve,517,NO_COVERAGE,none
LocalTime.java,org.joda.time.LocalTime,org.pitest.mutationtest.engine.gregor.mutators.NegateConditionalsMutator,readResolve,520,NO_COVERAGE,none
LocalTime.java,org.joda.time.LocalTime,org.pitest.mutationtest.engine.gregor.mutators.NonVoidMethodCallMutator,readResolve,518,NO_COVERAGE,none
LocalTime.java,org.joda.time.LocalTime,org.pitest.mutationtest.engine.gregor.mutators.NonVoidMethodCallMutator,readResolve,520,NO_COVERAGE,none
LocalTime.java,org.joda.time.LocalTime,org.pitest.mutationtest.engine.gregor.mutators.NonVoidMethodCallMutator,readResolve,520,NO_COVERAGE,none
LocalTime.java,org.joda.time.LocalTime,org.pitest.mutationtest.engine.gregor.mutators.NonVoidMethodCallMutator,readResolve,521,NO_COVERAGE,none
LocalTime.java,org.joda.time.LocalTime,org.pitest.mutationtest.engine.gregor.mutators.NullReturnValsMutator,readResolve,518,NO_COVERAGE,none
LocalTime.java,org.joda.time.LocalTime,org.pitest.mutationtest.engine.gregor.mutators.NullReturnValsMutator,readResolve,521,NO_COVERAGE,none
LocalTime.java,org.joda.time.LocalTime,org.pitest.mutationtest.engine.gregor.mutators.NullReturnValsMutator,readResolve,523,NO_COVERAGE,none
LocalTime.java,org.joda.time.LocalTime,org.pitest.mutationtest.engine.gregor.mutators.RemoveConditionalMutator_EQUAL_ELSE,readResolve,517,NO_COVERAGE,none
LocalTime.java,org.joda.time.LocalTime,org.pitest.mutationtest.engine.gregor.mutators.RemoveConditionalMutator_EQUAL_ELSE,readResolve,520,NO_COVERAGE,none
LocalTime.java,org.joda.time.LocalTime,org.pitest.mutationtest.engine.gregor.mutators.RemoveConditionalMutator_EQUAL_IF,readResolve,517,NO_COVERAGE,none
LocalTime.java,org.joda.time.LocalTime,org.pitest.mutationtest.engine.gregor.mutators.RemoveConditionalMutator_EQUAL_IF,readResolve,520,NO_COVERAGE,none
LocalTime.java,org.joda.time.LocalTime,org.pitest.mutationtest.engine.gregor.mutators.ReturnValsMutator,readResolve,518,NO_COVERAGE,none
LocalTime.java,org.joda.time.LocalTime,org.pitest.mutationtest.engine.gregor.mutators.ReturnValsMutator,readResolve,521,NO_COVERAGE,none
LocalTime.java,org.joda.time.LocalTime,org.pitest.mutationtest.engine.gregor.mutators.ReturnValsMutator,readResolve,523,NO_COVERAGE,none
LocalTime.java,org.joda.time.LocalTime,org.pitest.mutationtest.engine.gregor.mutators.experimental.NakedReceiverMutator,readResolve,521,NO_COVERAGE,none
LocalTime.java,org.joda.time.LocalTime,org.pitest.mutationtest.engine.gregor.mutators.ConstructorCallMutator,secondOfMinute,1240,NO_COVERAGE,none
LocalTime.java,org.joda.time.LocalTime,org.pitest.mutationtest.engine.gregor.mutators.NonVoidMethodCallMutator,secondOfMinute,1240,NO_COVERAGE,none
LocalTime.java,org.joda.time.LocalTime,org.pitest.mutationtest.engine.gregor.mutators.NonVoidMethodCallMutator,secondOfMinute,1240,NO_COVERAGE,none
LocalTime.java,org.joda.time.LocalTime,org.pitest.mutationtest.engine.gregor.mutators.NullReturnValsMutator,secondOfMinute,1240,NO_COVERAGE,none
LocalTime.java,org.joda.time.LocalTime,org.pitest.mutationtest.engine.gregor.mutators.ReturnValsMutator,secondOfMinute,1240,NO_COVERAGE,none
LocalTime.java,org.joda.time.LocalTime,org.pitest.mutationtest.engine.gregor.mutators.InlineConstantMutator,size,535,NO_COVERAGE,none
LocalTime.java,org.joda.time.LocalTime,org.pitest.mutationtest.engine.gregor.mutators.PrimitiveReturnsMutator,size,535,NO_COVERAGE,none
LocalTime.java,org.joda.time.LocalTime,org.pitest.mutationtest.engine.gregor.mutators.ReturnValsMutator,size,535,NO_COVERAGE,none
LocalTime.java,org.joda.time.LocalTime,org.pitest.mutationtest.engine.gregor.mutators.NonVoidMethodCallMutator,toDateTimeToday,1270,NO_COVERAGE,none
LocalTime.java,org.joda.time.LocalTime,org.pitest.mutationtest.engine.gregor.mutators.NullReturnValsMutator,toDateTimeToday,1270,NO_COVERAGE,none
LocalTime.java,org.joda.time.LocalTime,org.pitest.mutationtest.engine.gregor.mutators.ReturnValsMutator,toDateTimeToday,1270,NO_COVERAGE,none
LocalTime.java,org.joda.time.LocalTime,org.pitest.mutationtest.engine.gregor.mutators.ArgumentPropagationMutator,toDateTimeToday,1287,NO_COVERAGE,none
LocalTime.java,org.joda.time.LocalTime,org.pitest.mutationtest.engine.gregor.mutators.ConstructorCallMutator,toDateTimeToday,1288,NO_COVERAGE,none
LocalTime.java,org.joda.time.LocalTime,org.pitest.mutationtest.engine.gregor.mutators.NonVoidMethodCallMutator,toDateTimeToday,1285,NO_COVERAGE,none
LocalTime.java,org.joda.time.LocalTime,org.pitest.mutationtest.engine.gregor.mutators.NonVoidMethodCallMutator,toDateTimeToday,1285,NO_COVERAGE,none
LocalTime.java,org.joda.time.LocalTime,org.pitest.mutationtest.engine.gregor.mutators.NonVoidMethodCallMutator,toDateTimeToday,1286,NO_COVERAGE,none
LocalTime.java,org.joda.time.LocalTime,org.pitest.mutationtest.engine.gregor.mutators.NonVoidMethodCallMutator,toDateTimeToday,1287,NO_COVERAGE,none
LocalTime.java,org.joda.time.LocalTime,org.pitest.mutationtest.engine.gregor.mutators.NullReturnValsMutator,toDateTimeToday,1288,NO_COVERAGE,none
LocalTime.java,org.joda.time.LocalTime,org.pitest.mutationtest.engine.gregor.mutators.ReturnValsMutator,toDateTimeToday,1288,NO_COVERAGE,none
LocalTime.java,org.joda.time.LocalTime,org.pitest.mutationtest.engine.gregor.mutators.experimental.NakedReceiverMutator,toDateTimeToday,1285,NO_COVERAGE,none
LocalTime.java,org.joda.time.LocalTime,org.pitest.mutationtest.engine.gregor.mutators.EmptyObjectReturnValsMutator,toString,1299,NO_COVERAGE,none
LocalTime.java,org.joda.time.LocalTime,org.pitest.mutationtest.engine.gregor.mutators.NonVoidMethodCallMutator,toString,1299,NO_COVERAGE,none
LocalTime.java,org.joda.time.LocalTime,org.pitest.mutationtest.engine.gregor.mutators.NonVoidMethodCallMutator,toString,1299,NO_COVERAGE,none
LocalTime.java,org.joda.time.LocalTime,org.pitest.mutationtest.engine.gregor.mutators.ReturnValsMutator,toString,1299,NO_COVERAGE,none
LocalTime.java,org.joda.time.LocalTime,org.pitest.mutationtest.engine.gregor.mutators.EmptyObjectReturnValsMutator,toString,1310,NO_COVERAGE,none
LocalTime.java,org.joda.time.LocalTime,org.pitest.mutationtest.engine.gregor.mutators.EmptyObjectReturnValsMutator,toString,1312,NO_COVERAGE,none
LocalTime.java,org.joda.time.LocalTime,org.pitest.mutationtest.engine.gregor.mutators.NegateConditionalsMutator,toString,1309,NO_COVERAGE,none
LocalTime.java,org.joda.time.LocalTime,org.pitest.mutationtest.engine.gregor.mutators.NonVoidMethodCallMutator,toString,1310,NO_COVERAGE,none
LocalTime.java,org.joda.time.LocalTime,org.pitest.mutationtest.engine.gregor.mutators.NonVoidMethodCallMutator,toString,1312,NO_COVERAGE,none
LocalTime.java,org.joda.time.LocalTime,org.pitest.mutationtest.engine.gregor.mutators.NonVoidMethodCallMutator,toString,1312,NO_COVERAGE,none
LocalTime.java,org.joda.time.LocalTime,org.pitest.mutationtest.engine.gregor.mutators.RemoveConditionalMutator_EQUAL_ELSE,toString,1309,NO_COVERAGE,none
LocalTime.java,org.joda.time.LocalTime,org.pitest.mutationtest.engine.gregor.mutators.RemoveConditionalMutator_EQUAL_IF,toString,1309,NO_COVERAGE,none
LocalTime.java,org.joda.time.LocalTime,org.pitest.mutationtest.engine.gregor.mutators.ReturnValsMutator,toString,1310,NO_COVERAGE,none
LocalTime.java,org.joda.time.LocalTime,org.pitest.mutationtest.engine.gregor.mutators.ReturnValsMutator,toString,1312,NO_COVERAGE,none
LocalTime.java,org.joda.time.LocalTime,org.pitest.mutationtest.engine.gregor.mutators.EmptyObjectReturnValsMutator,toString,1324,NO_COVERAGE,none
LocalTime.java,org.joda.time.LocalTime,org.pitest.mutationtest.engine.gregor.mutators.EmptyObjectReturnValsMutator,toString,1326,NO_COVERAGE,none
LocalTime.java,org.joda.time.LocalTime,org.pitest.mutationtest.engine.gregor.mutators.NegateConditionalsMutator,toString,1323,NO_COVERAGE,none
LocalTime.java,org.joda.time.LocalTime,org.pitest.mutationtest.engine.gregor.mutators.NonVoidMethodCallMutator,toString,1324,NO_COVERAGE,none
LocalTime.java,org.joda.time.LocalTime,org.pitest.mutationtest.engine.gregor.mutators.NonVoidMethodCallMutator,toString,1326,NO_COVERAGE,none
LocalTime.java,org.joda.time.LocalTime,org.pitest.mutationtest.engine.gregor.mutators.NonVoidMethodCallMutator,toString,1326,NO_COVERAGE,none
LocalTime.java,org.joda.time.LocalTime,org.pitest.mutationtest.engine.gregor.mutators.NonVoidMethodCallMutator,toString,1326,NO_COVERAGE,none
LocalTime.java,org.joda.time.LocalTime,org.pitest.mutationtest.engine.gregor.mutators.RemoveConditionalMutator_EQUAL_ELSE,toString,1323,NO_COVERAGE,none
LocalTime.java,org.joda.time.LocalTime,org.pitest.mutationtest.engine.gregor.mutators.RemoveConditionalMutator_EQUAL_IF,toString,1323,NO_COVERAGE,none
LocalTime.java,org.joda.time.LocalTime,org.pitest.mutationtest.engine.gregor.mutators.ReturnValsMutator,toString,1324,NO_COVERAGE,none
LocalTime.java,org.joda.time.LocalTime,org.pitest.mutationtest.engine.gregor.mutators.ReturnValsMutator,toString,1326,NO_COVERAGE,none
LocalTime.java,org.joda.time.LocalTime,org.pitest.mutationtest.engine.gregor.mutators.experimental.NakedReceiverMutator,toString,1326,NO_COVERAGE,none
LocalTime.java,org.joda.time.LocalTime,org.pitest.mutationtest.engine.gregor.mutators.ArgumentPropagationMutator,withField,788,NO_COVERAGE,none
LocalTime.java,org.joda.time.LocalTime,org.pitest.mutationtest.engine.gregor.mutators.ConstructorCallMutator,withField,783,NO_COVERAGE,none
LocalTime.java,org.joda.time.LocalTime,org.pitest.mutationtest.engine.gregor.mutators.ConstructorCallMutator,withField,786,NO_COVERAGE,none
LocalTime.java,org.joda.time.LocalTime,org.pitest.mutationtest.engine.gregor.mutators.ConstructorCallMutator,withField,786,NO_COVERAGE,none
LocalTime.java,org.joda.time.LocalTime,org.pitest.mutationtest.engine.gregor.mutators.NegateConditionalsMutator,withField,782,NO_COVERAGE,none
LocalTime.java,org.joda.time.LocalTime,org.pitest.mutationtest.engine.gregor.mutators.NegateConditionalsMutator,withField,785,NO_COVERAGE,none
LocalTime.java,org.joda.time.LocalTime,org.pitest.mutationtest.engine.gregor.mutators.NonVoidMethodCallMutator,withField,785,NO_COVERAGE,none
LocalTime.java,org.joda.time.LocalTime,org.pitest.mutationtest.engine.gregor.mutators.NonVoidMethodCallMutator,withField,786,NO_COVERAGE,none
LocalTime.java,org.joda.time.LocalTime,org.pitest.mutationtest.engine.gregor.mutators.NonVoidMethodCallMutator,withField,786,NO_COVERAGE,none
LocalTime.java,org.joda.time.LocalTime,org.pitest.mutationtest.engine.gregor.mutators.NonVoidMethodCallMutator,withField,786,NO_COVERAGE,none
LocalTime.java,org.joda.time.LocalTime,org.pitest.mutationtest.engine.gregor.mutators.NonVoidMethodCallMutator,withField,786,NO_COVERAGE,none
LocalTime.java,org.joda.time.LocalTime,org.pitest.mutationtest.engine.gregor.mutators.NonVoidMethodCallMutator,withField,788,NO_COVERAGE,none
LocalTime.java,org.joda.time.LocalTime,org.pitest.mutationtest.engine.gregor.mutators.NonVoidMethodCallMutator,withField,788,NO_COVERAGE,none
LocalTime.java,org.joda.time.LocalTime,org.pitest.mutationtest.engine.gregor.mutators.NonVoidMethodCallMutator,withField,788,NO_COVERAGE,none
LocalTime.java,org.joda.time.LocalTime,org.pitest.mutationtest.engine.gregor.mutators.NonVoidMethodCallMutator,withField,788,NO_COVERAGE,none
LocalTime.java,org.joda.time.LocalTime,org.pitest.mutationtest.engine.gregor.mutators.NonVoidMethodCallMutator,withField,789,NO_COVERAGE,none
LocalTime.java,org.joda.time.LocalTime,org.pitest.mutationtest.engine.gregor.mutators.NullReturnValsMutator,withField,789,NO_COVERAGE,none
LocalTime.java,org.joda.time.LocalTime,org.pitest.mutationtest.engine.gregor.mutators.RemoveConditionalMutator_EQUAL_ELSE,withField,782,NO_COVERAGE,none
LocalTime.java,org.joda.time.LocalTime,org.pitest.mutationtest.engine.gregor.mutators.RemoveConditionalMutator_EQUAL_ELSE,withField,785,NO_COVERAGE,none
LocalTime.java,org.joda.time.LocalTime,org.pitest.mutationtest.engine.gregor.mutators.RemoveConditionalMutator_EQUAL_IF,withField,782,NO_COVERAGE,none
LocalTime.java,org.joda.time.LocalTime,org.pitest.mutationtest.engine.gregor.mutators.RemoveConditionalMutator_EQUAL_IF,withField,785,NO_COVERAGE,none
LocalTime.java,org.joda.time.LocalTime,org.pitest.mutationtest.engine.gregor.mutators.ReturnValsMutator,withField,789,NO_COVERAGE,none
LocalTime.java,org.joda.time.LocalTime,org.pitest.mutationtest.engine.gregor.mutators.experimental.NakedReceiverMutator,withField,786,NO_COVERAGE,none
LocalTime.java,org.joda.time.LocalTime,org.pitest.mutationtest.engine.gregor.mutators.experimental.NakedReceiverMutator,withField,786,NO_COVERAGE,none
LocalTime.java,org.joda.time.LocalTime,org.pitest.mutationtest.engine.gregor.mutators.experimental.NakedReceiverMutator,withField,786,NO_COVERAGE,none
LocalTime.java,org.joda.time.LocalTime,org.pitest.mutationtest.engine.gregor.mutators.experimental.NakedReceiverMutator,withField,789,NO_COVERAGE,none
LocalTime.java,org.joda.time.LocalTime,org.pitest.mutationtest.engine.gregor.mutators.ArgumentPropagationMutator,withFieldAdded,824,NO_COVERAGE,none
LocalTime.java,org.joda.time.LocalTime,org.pitest.mutationtest.engine.gregor.mutators.ConstructorCallMutator,withFieldAdded,816,NO_COVERAGE,none
LocalTime.java,org.joda.time.LocalTime,org.pitest.mutationtest.engine.gregor.mutators.ConstructorCallMutator,withFieldAdded,819,NO_COVERAGE,none
LocalTime.java,org.joda.time.LocalTime,org.pitest.mutationtest.engine.gregor.mutators.ConstructorCallMutator,withFieldAdded,819,NO_COVERAGE,none
LocalTime.java,org.joda.time.LocalTime,org.pitest.mutationtest.engine.gregor.mutators.NegateConditionalsMutator,withFieldAdded,815,NO_COVERAGE,none
LocalTime.java,org.joda.time.LocalTime,org.pitest.mutationtest.engine.gregor.mutators.NegateConditionalsMutator,withFieldAdded,818,NO_COVERAGE,none
LocalTime.java,org.joda.time.LocalTime,org.pitest.mutationtest.engine.gregor.mutators.NegateConditionalsMutator,withFieldAdded,821,NO_COVERAGE,none
LocalTime.java,org.joda.time.LocalTime,org.pitest.mutationtest.engine.gregor.mutators.NonVoidMethodCallMutator,withFieldAdded,818,NO_COVERAGE,none
LocalTime.java,org.joda.time.LocalTime,org.pitest.mutationtest.engine.gregor.mutators.NonVoidMethodCallMutator,withFieldAdded,819,NO_COVERAGE,none
LocalTime.java,org.joda.time.LocalTime,org.pitest.mutationtest.engine.gregor.mutators.NonVoidMethodCallMutator,withFieldAdded,819,NO_COVERAGE,none
LocalTime.java,org.joda.time.LocalTime,org.pitest.mutationtest.engine.gregor.mutators.NonVoidMethodCallMutator,withFieldAdded,819,NO_COVERAGE,none
LocalTime.java,org.joda.time.LocalTime,org.pitest.mutationtest.engine.gregor.mutators.NonVoidMethodCallMutator,withFieldAdded,819,NO_COVERAGE,none
LocalTime.java,org.joda.time.LocalTime,org.pitest.mutationtest.engine.gregor.mutators.NonVoidMethodCallMutator,withFieldAdded,824,NO_COVERAGE,none
LocalTime.java,org.joda.time.LocalTime,org.pitest.mutationtest.engine.gregor.mutators.NonVoidMethodCallMutator,withFieldAdded,824,NO_COVERAGE,none
LocalTime.java,org.joda.time.LocalTime,org.pitest.mutationtest.engine.gregor.mutators.NonVoidMethodCallMutator,withFieldAdded,824,NO_COVERAGE,none
LocalTime.java,org.joda.time.LocalTime,org.pitest.mutationtest.engine.gregor.mutators.NonVoidMethodCallMutator,withFieldAdded,824,NO_COVERAGE,none
LocalTime.java,org.joda.time.LocalTime,org.pitest.mutationtest.engine.gregor.mutators.NonVoidMethodCallMutator,withFieldAdded,825,NO_COVERAGE,none
LocalTime.java,org.joda.time.LocalTime,org.pitest.mutationtest.engine.gregor.mutators.NullReturnValsMutator,withFieldAdded,822,NO_COVERAGE,none
LocalTime.java,org.joda.time.LocalTime,org.pitest.mutationtest.engine.gregor.mutators.NullReturnValsMutator,withFieldAdded,825,NO_COVERAGE,none
LocalTime.java,org.joda.time.LocalTime,org.pitest.mutationtest.engine.gregor.mutators.RemoveConditionalMutator_EQUAL_ELSE,withFieldAdded,815,NO_COVERAGE,none
LocalTime.java,org.joda.time.LocalTime,org.pitest.mutationtest.engine.gregor.mutators.RemoveConditionalMutator_EQUAL_ELSE,withFieldAdded,818,NO_COVERAGE,none
LocalTime.java,org.joda.time.LocalTime,org.pitest.mutationtest.engine.gregor.mutators.RemoveConditionalMutator_EQUAL_ELSE,withFieldAdded,821,NO_COVERAGE,none
LocalTime.java,org.joda.time.LocalTime,org.pitest.mutationtest.engine.gregor.mutators.RemoveConditionalMutator_EQUAL_IF,withFieldAdded,815,NO_COVERAGE,none
LocalTime.java,org.joda.time.LocalTime,org.pitest.mutationtest.engine.gregor.mutators.RemoveConditionalMutator_EQUAL_IF,withFieldAdded,818,NO_COVERAGE,none
LocalTime.java,org.joda.time.LocalTime,org.pitest.mutationtest.engine.gregor.mutators.RemoveConditionalMutator_EQUAL_IF,withFieldAdded,821,NO_COVERAGE,none
LocalTime.java,org.joda.time.LocalTime,org.pitest.mutationtest.engine.gregor.mutators.ReturnValsMutator,withFieldAdded,822,NO_COVERAGE,none
LocalTime.java,org.joda.time.LocalTime,org.pitest.mutationtest.engine.gregor.mutators.ReturnValsMutator,withFieldAdded,825,NO_COVERAGE,none
LocalTime.java,org.joda.time.LocalTime,org.pitest.mutationtest.engine.gregor.mutators.experimental.NakedReceiverMutator,withFieldAdded,819,NO_COVERAGE,none
LocalTime.java,org.joda.time.LocalTime,org.pitest.mutationtest.engine.gregor.mutators.experimental.NakedReceiverMutator,withFieldAdded,819,NO_COVERAGE,none
LocalTime.java,org.joda.time.LocalTime,org.pitest.mutationtest.engine.gregor.mutators.experimental.NakedReceiverMutator,withFieldAdded,819,NO_COVERAGE,none
LocalTime.java,org.joda.time.LocalTime,org.pitest.mutationtest.engine.gregor.mutators.experimental.NakedReceiverMutator,withFieldAdded,825,NO_COVERAGE,none
LocalTime.java,org.joda.time.LocalTime,org.pitest.mutationtest.engine.gregor.mutators.ArgumentPropagationMutator,withFields,759,NO_COVERAGE,none
LocalTime.java,org.joda.time.LocalTime,org.pitest.mutationtest.engine.gregor.mutators.NegateConditionalsMutator,withFields,756,NO_COVERAGE,none
LocalTime.java,org.joda.time.LocalTime,org.pitest.mutationtest.engine.gregor.mutators.NonVoidMethodCallMutator,withFields,759,NO_COVERAGE,none
LocalTime.java,org.joda.time.LocalTime,org.pitest.mutationtest.engine.gregor.mutators.NonVoidMethodCallMutator,withFields,759,NO_COVERAGE,none
LocalTime.java,org.joda.time.LocalTime,org.pitest.mutationtest.engine.gregor.mutators.NonVoidMethodCallMutator,withFields,759,NO_COVERAGE,none
LocalTime.java,org.joda.time.LocalTime,org.pitest.mutationtest.engine.gregor.mutators.NonVoidMethodCallMutator,withFields,759,NO_COVERAGE,none
LocalTime.java,org.joda.time.LocalTime,org.pitest.mutationtest.engine.gregor.mutators.NullReturnValsMutator,withFields,757,NO_COVERAGE,none
LocalTime.java,org.joda.time.LocalTime,org.pitest.mutationtest.engine.gregor.mutators.NullReturnValsMutator,withFields,759,NO_COVERAGE,none
LocalTime.java,org.joda.time.LocalTime,org.pitest.mutationtest.engine.gregor.mutators.RemoveConditionalMutator_EQUAL_ELSE,withFields,756,NO_COVERAGE,none
LocalTime.java,org.joda.time.LocalTime,org.pitest.mutationtest.engine.gregor.mutators.RemoveConditionalMutator_EQUAL_IF,withFields,756,NO_COVERAGE,none
LocalTime.java,org.joda.time.LocalTime,org.pitest.mutationtest.engine.gregor.mutators.ReturnValsMutator,withFields,757,NO_COVERAGE,none
LocalTime.java,org.joda.time.LocalTime,org.pitest.mutationtest.engine.gregor.mutators.ReturnValsMutator,withFields,759,NO_COVERAGE,none
LocalTime.java,org.joda.time.LocalTime,org.pitest.mutationtest.engine.gregor.mutators.experimental.NakedReceiverMutator,withFields,759,NO_COVERAGE,none
LocalTime.java,org.joda.time.LocalTime,org.pitest.mutationtest.engine.gregor.mutators.ArgumentPropagationMutator,withHourOfDay,1152,NO_COVERAGE,none
LocalTime.java,org.joda.time.LocalTime,org.pitest.mutationtest.engine.gregor.mutators.NonVoidMethodCallMutator,withHourOfDay,1152,NO_COVERAGE,none
LocalTime.java,org.joda.time.LocalTime,org.pitest.mutationtest.engine.gregor.mutators.NonVoidMethodCallMutator,withHourOfDay,1152,NO_COVERAGE,none
LocalTime.java,org.joda.time.LocalTime,org.pitest.mutationtest.engine.gregor.mutators.NonVoidMethodCallMutator,withHourOfDay,1152,NO_COVERAGE,none
LocalTime.java,org.joda.time.LocalTime,org.pitest.mutationtest.engine.gregor.mutators.NonVoidMethodCallMutator,withHourOfDay,1152,NO_COVERAGE,none
LocalTime.java,org.joda.time.LocalTime,org.pitest.mutationtest.engine.gregor.mutators.NonVoidMethodCallMutator,withHourOfDay,1152,NO_COVERAGE,none
LocalTime.java,org.joda.time.LocalTime,org.pitest.mutationtest.engine.gregor.mutators.NullReturnValsMutator,withHourOfDay,1152,NO_COVERAGE,none
LocalTime.java,org.joda.time.LocalTime,org.pitest.mutationtest.engine.gregor.mutators.ReturnValsMutator,withHourOfDay,1152,NO_COVERAGE,none
LocalTime.java,org.joda.time.LocalTime,org.pitest.mutationtest.engine.gregor.mutators.experimental.NakedReceiverMutator,withHourOfDay,1152,NO_COVERAGE,none
LocalTime.java,org.joda.time.LocalTime,org.pitest.mutationtest.engine.gregor.mutators.ConstructorCallMutator,withLocalMillis,738,NO_COVERAGE,none
LocalTime.java,org.joda.time.LocalTime,org.pitest.mutationtest.engine.gregor.mutators.NegateConditionalsMutator,withLocalMillis,738,NO_COVERAGE,none
LocalTime.java,org.joda.time.LocalTime,org.pitest.mutationtest.engine.gregor.mutators.NonVoidMethodCallMutator,withLocalMillis,738,NO_COVERAGE,none
LocalTime.java,org.joda.time.LocalTime,org.pitest.mutationtest.engine.gregor.mutators.NonVoidMethodCallMutator,withLocalMillis,738,NO_COVERAGE,none
LocalTime.java,org.joda.time.LocalTime,org.pitest.mutationtest.engine.gregor.mutators.NullReturnValsMutator,withLocalMillis,738,NO_COVERAGE,none
LocalTime.java,org.joda.time.LocalTime,org.pitest.mutationtest.engine.gregor.mutators.RemoveConditionalMutator_EQUAL_ELSE,withLocalMillis,738,NO_COVERAGE,none
LocalTime.java,org.joda.time.LocalTime,org.pitest.mutationtest.engine.gregor.mutators.RemoveConditionalMutator_EQUAL_IF,withLocalMillis,738,NO_COVERAGE,none
LocalTime.java,org.joda.time.LocalTime,org.pitest.mutationtest.engine.gregor.mutators.ReturnValsMutator,withLocalMillis,738,NO_COVERAGE,none
LocalTime.java,org.joda.time.LocalTime,org.pitest.mutationtest.engine.gregor.mutators.ArgumentPropagationMutator,withMillisOfDay,1212,NO_COVERAGE,none
LocalTime.java,org.joda.time.LocalTime,org.pitest.mutationtest.engine.gregor.mutators.NonVoidMethodCallMutator,withMillisOfDay,1212,NO_COVERAGE,none
LocalTime.java,org.joda.time.LocalTime,org.pitest.mutationtest.engine.gregor.mutators.NonVoidMethodCallMutator,withMillisOfDay,1212,NO_COVERAGE,none
LocalTime.java,org.joda.time.LocalTime,org.pitest.mutationtest.engine.gregor.mutators.NonVoidMethodCallMutator,withMillisOfDay,1212,NO_COVERAGE,none
LocalTime.java,org.joda.time.LocalTime,org.pitest.mutationtest.engine.gregor.mutators.NonVoidMethodCallMutator,withMillisOfDay,1212,NO_COVERAGE,none
LocalTime.java,org.joda.time.LocalTime,org.pitest.mutationtest.engine.gregor.mutators.NonVoidMethodCallMutator,withMillisOfDay,1212,NO_COVERAGE,none
LocalTime.java,org.joda.time.LocalTime,org.pitest.mutationtest.engine.gregor.mutators.NullReturnValsMutator,withMillisOfDay,1212,NO_COVERAGE,none
LocalTime.java,org.joda.time.LocalTime,org.pitest.mutationtest.engine.gregor.mutators.ReturnValsMutator,withMillisOfDay,1212,NO_COVERAGE,none
LocalTime.java,org.joda.time.LocalTime,org.pitest.mutationtest.engine.gregor.mutators.experimental.NakedReceiverMutator,withMillisOfDay,1212,NO_COVERAGE,none
LocalTime.java,org.joda.time.LocalTime,org.pitest.mutationtest.engine.gregor.mutators.ArgumentPropagationMutator,withMillisOfSecond,1197,NO_COVERAGE,none
LocalTime.java,org.joda.time.LocalTime,org.pitest.mutationtest.engine.gregor.mutators.NonVoidMethodCallMutator,withMillisOfSecond,1197,NO_COVERAGE,none
LocalTime.java,org.joda.time.LocalTime,org.pitest.mutationtest.engine.gregor.mutators.NonVoidMethodCallMutator,withMillisOfSecond,1197,NO_COVERAGE,none
LocalTime.java,org.joda.time.LocalTime,org.pitest.mutationtest.engine.gregor.mutators.NonVoidMethodCallMutator,withMillisOfSecond,1197,NO_COVERAGE,none
LocalTime.java,org.joda.time.LocalTime,org.pitest.mutationtest.engine.gregor.mutators.NonVoidMethodCallMutator,withMillisOfSecond,1197,NO_COVERAGE,none
LocalTime.java,org.joda.time.LocalTime,org.pitest.mutationtest.engine.gregor.mutators.NonVoidMethodCallMutator,withMillisOfSecond,1197,NO_COVERAGE,none
LocalTime.java,org.joda.time.LocalTime,org.pitest.mutationtest.engine.gregor.mutators.NullReturnValsMutator,withMillisOfSecond,1197,NO_COVERAGE,none
LocalTime.java,org.joda.time.LocalTime,org.pitest.mutationtest.engine.gregor.mutators.ReturnValsMutator,withMillisOfSecond,1197,NO_COVERAGE,none
LocalTime.java,org.joda.time.LocalTime,org.pitest.mutationtest.engine.gregor.mutators.experimental.NakedReceiverMutator,withMillisOfSecond,1197,NO_COVERAGE,none
LocalTime.java,org.joda.time.LocalTime,org.pitest.mutationtest.engine.gregor.mutators.ArgumentPropagationMutator,withMinuteOfHour,1167,NO_COVERAGE,none
LocalTime.java,org.joda.time.LocalTime,org.pitest.mutationtest.engine.gregor.mutators.NonVoidMethodCallMutator,withMinuteOfHour,1167,NO_COVERAGE,none
LocalTime.java,org.joda.time.LocalTime,org.pitest.mutationtest.engine.gregor.mutators.NonVoidMethodCallMutator,withMinuteOfHour,1167,NO_COVERAGE,none
LocalTime.java,org.joda.time.LocalTime,org.pitest.mutationtest.engine.gregor.mutators.NonVoidMethodCallMutator,withMinuteOfHour,1167,NO_COVERAGE,none
LocalTime.java,org.joda.time.LocalTime,org.pitest.mutationtest.engine.gregor.mutators.NonVoidMethodCallMutator,withMinuteOfHour,1167,NO_COVERAGE,none
LocalTime.java,org.joda.time.LocalTime,org.pitest.mutationtest.engine.gregor.mutators.NonVoidMethodCallMutator,withMinuteOfHour,1167,NO_COVERAGE,none
LocalTime.java,org.joda.time.LocalTime,org.pitest.mutationtest.engine.gregor.mutators.NullReturnValsMutator,withMinuteOfHour,1167,NO_COVERAGE,none
LocalTime.java,org.joda.time.LocalTime,org.pitest.mutationtest.engine.gregor.mutators.ReturnValsMutator,withMinuteOfHour,1167,NO_COVERAGE,none
LocalTime.java,org.joda.time.LocalTime,org.pitest.mutationtest.engine.gregor.mutators.experimental.NakedReceiverMutator,withMinuteOfHour,1167,NO_COVERAGE,none
LocalTime.java,org.joda.time.LocalTime,org.pitest.mutationtest.engine.gregor.mutators.ArgumentPropagationMutator,withPeriodAdded,848,NO_COVERAGE,none
LocalTime.java,org.joda.time.LocalTime,org.pitest.mutationtest.engine.gregor.mutators.NegateConditionalsMutator,withPeriodAdded,845,NO_COVERAGE,none
LocalTime.java,org.joda.time.LocalTime,org.pitest.mutationtest.engine.gregor.mutators.NegateConditionalsMutator,withPeriodAdded,845,NO_COVERAGE,none
LocalTime.java,org.joda.time.LocalTime,org.pitest.mutationtest.engine.gregor.mutators.NonVoidMethodCallMutator,withPeriodAdded,848,NO_COVERAGE,none
LocalTime.java,org.joda.time.LocalTime,org.pitest.mutationtest.engine.gregor.mutators.NonVoidMethodCallMutator,withPeriodAdded,848,NO_COVERAGE,none
LocalTime.java,org.joda.time.LocalTime,org.pitest.mutationtest.engine.gregor.mutators.NonVoidMethodCallMutator,withPeriodAdded,848,NO_COVERAGE,none
LocalTime.java,org.joda.time.LocalTime,org.pitest.mutationtest.engine.gregor.mutators.NonVoidMethodCallMutator,withPeriodAdded,849,NO_COVERAGE,none
LocalTime.java,org.joda.time.LocalTime,org.pitest.mutationtest.engine.gregor.mutators.NullReturnValsMutator,withPeriodAdded,846,NO_COVERAGE,none
LocalTime.java,org.joda.time.LocalTime,org.pitest.mutationtest.engine.gregor.mutators.NullReturnValsMutator,withPeriodAdded,849,NO_COVERAGE,none
LocalTime.java,org.joda.time.LocalTime,org.pitest.mutationtest.engine.gregor.mutators.RemoveConditionalMutator_EQUAL_ELSE,withPeriodAdded,845,NO_COVERAGE,none
LocalTime.java,org.joda.time.LocalTime,org.pitest.mutationtest.engine.gregor.mutators.RemoveConditionalMutator_EQUAL_ELSE,withPeriodAdded,845,NO_COVERAGE,none
LocalTime.java,org.joda.time.LocalTime,org.pitest.mutationtest.engine.gregor.mutators.RemoveConditionalMutator_EQUAL_IF,withPeriodAdded,845,NO_COVERAGE,none
LocalTime.java,org.joda.time.LocalTime,org.pitest.mutationtest.engine.gregor.mutators.RemoveConditionalMutator_EQUAL_IF,withPeriodAdded,845,NO_COVERAGE,none
LocalTime.java,org.joda.time.LocalTime,org.pitest.mutationtest.engine.gregor.mutators.ReturnValsMutator,withPeriodAdded,846,NO_COVERAGE,none
LocalTime.java,org.joda.time.LocalTime,org.pitest.mutationtest.engine.gregor.mutators.ReturnValsMutator,withPeriodAdded,849,NO_COVERAGE,none
LocalTime.java,org.joda.time.LocalTime,org.pitest.mutationtest.engine.gregor.mutators.experimental.NakedReceiverMutator,withPeriodAdded,849,NO_COVERAGE,none
LocalTime.java,org.joda.time.LocalTime,org.pitest.mutationtest.engine.gregor.mutators.ArgumentPropagationMutator,withSecondOfMinute,1182,NO_COVERAGE,none
LocalTime.java,org.joda.time.LocalTime,org.pitest.mutationtest.engine.gregor.mutators.NonVoidMethodCallMutator,withSecondOfMinute,1182,NO_COVERAGE,none
LocalTime.java,org.joda.time.LocalTime,org.pitest.mutationtest.engine.gregor.mutators.NonVoidMethodCallMutator,withSecondOfMinute,1182,NO_COVERAGE,none
LocalTime.java,org.joda.time.LocalTime,org.pitest.mutationtest.engine.gregor.mutators.NonVoidMethodCallMutator,withSecondOfMinute,1182,NO_COVERAGE,none
LocalTime.java,org.joda.time.LocalTime,org.pitest.mutationtest.engine.gregor.mutators.NonVoidMethodCallMutator,withSecondOfMinute,1182,NO_COVERAGE,none
LocalTime.java,org.joda.time.LocalTime,org.pitest.mutationtest.engine.gregor.mutators.NonVoidMethodCallMutator,withSecondOfMinute,1182,NO_COVERAGE,none
LocalTime.java,org.joda.time.LocalTime,org.pitest.mutationtest.engine.gregor.mutators.NullReturnValsMutator,withSecondOfMinute,1182,NO_COVERAGE,none
LocalTime.java,org.joda.time.LocalTime,org.pitest.mutationtest.engine.gregor.mutators.ReturnValsMutator,withSecondOfMinute,1182,NO_COVERAGE,none
LocalTime.java,org.joda.time.LocalTime,org.pitest.mutationtest.engine.gregor.mutators.experimental.NakedReceiverMutator,withSecondOfMinute,1182,NO_COVERAGE,none
