BaseSingleFieldPeriod.java,org.joda.time.base.BaseSingleFieldPeriod,org.pitest.mutationtest.engine.gregor.mutators.experimental.MemberVariableMutator,<init>,156,KILLED,org.joda.time.Minutes_ESTest.test16
BaseSingleFieldPeriod.java,org.joda.time.base.BaseSingleFieldPeriod,org.pitest.mutationtest.engine.gregor.mutators.ConstructorCallMutator,between,67,NO_COVERAGE,none
BaseSingleFieldPeriod.java,org.joda.time.base.BaseSingleFieldPeriod,org.pitest.mutationtest.engine.gregor.mutators.NegateConditionalsMutator,between,66,KILLED,org.joda.time.Minutes_ESTest.test11
BaseSingleFieldPeriod.java,org.joda.time.base.BaseSingleFieldPeriod,org.pitest.mutationtest.engine.gregor.mutators.NegateConditionalsMutator,between,66,KILLED,org.joda.time.Minutes_ESTest.test11
BaseSingleFieldPeriod.java,org.joda.time.base.BaseSingleFieldPeriod,org.pitest.mutationtest.engine.gregor.mutators.NonVoidMethodCallMutator,between,69,SURVIVED,none
BaseSingleFieldPeriod.java,org.joda.time.base.BaseSingleFieldPeriod,org.pitest.mutationtest.engine.gregor.mutators.NonVoidMethodCallMutator,between,70,KILLED,org.joda.time.Minutes_ESTest.test11
BaseSingleFieldPeriod.java,org.joda.time.base.BaseSingleFieldPeriod,org.pitest.mutationtest.engine.gregor.mutators.NonVoidMethodCallMutator,between,70,SURVIVED,none
BaseSingleFieldPeriod.java,org.joda.time.base.BaseSingleFieldPeriod,org.pitest.mutationtest.engine.gregor.mutators.NonVoidMethodCallMutator,between,70,SURVIVED,none
BaseSingleFieldPeriod.java,org.joda.time.base.BaseSingleFieldPeriod,org.pitest.mutationtest.engine.gregor.mutators.NonVoidMethodCallMutator,between,70,SURVIVED,none
BaseSingleFieldPeriod.java,org.joda.time.base.BaseSingleFieldPeriod,org.pitest.mutationtest.engine.gregor.mutators.PrimitiveReturnsMutator,between,71,SURVIVED,none
BaseSingleFieldPeriod.java,org.joda.time.base.BaseSingleFieldPeriod,org.pitest.mutationtest.engine.gregor.mutators.RemoveConditionalMutator_EQUAL_ELSE,between,66,KILLED,org.joda.time.Minutes_ESTest.test11
BaseSingleFieldPeriod.java,org.joda.time.base.BaseSingleFieldPeriod,org.pitest.mutationtest.engine.gregor.mutators.RemoveConditionalMutator_EQUAL_ELSE,between,66,SURVIVED,none
BaseSingleFieldPeriod.java,org.joda.time.base.BaseSingleFieldPeriod,org.pitest.mutationtest.engine.gregor.mutators.RemoveConditionalMutator_EQUAL_IF,between,66,SURVIVED,none
BaseSingleFieldPeriod.java,org.joda.time.base.BaseSingleFieldPeriod,org.pitest.mutationtest.engine.gregor.mutators.RemoveConditionalMutator_EQUAL_IF,between,66,KILLED,org.joda.time.Minutes_ESTest.test11
BaseSingleFieldPeriod.java,org.joda.time.base.BaseSingleFieldPeriod,org.pitest.mutationtest.engine.gregor.mutators.ReturnValsMutator,between,71,KILLED,org.joda.time.Minutes_ESTest.test11
BaseSingleFieldPeriod.java,org.joda.time.base.BaseSingleFieldPeriod,org.pitest.mutationtest.engine.gregor.mutators.ArgumentPropagationMutator,between,102,SURVIVED,none
BaseSingleFieldPeriod.java,org.joda.time.base.BaseSingleFieldPeriod,org.pitest.mutationtest.engine.gregor.mutators.ArgumentPropagationMutator,between,103,KILLED,org.joda.time.Minutes_ESTest.test22
BaseSingleFieldPeriod.java,org.joda.time.base.BaseSingleFieldPeriod,org.pitest.mutationtest.engine.gregor.mutators.ArgumentPropagationMutator,between,103,KILLED,org.joda.time.Minutes_ESTest.test22
BaseSingleFieldPeriod.java,org.joda.time.base.BaseSingleFieldPeriod,org.pitest.mutationtest.engine.gregor.mutators.ConditionalsBoundaryMutator,between,94,KILLED,org.joda.time.Minutes_ESTest.test22
BaseSingleFieldPeriod.java,org.joda.time.base.BaseSingleFieldPeriod,org.pitest.mutationtest.engine.gregor.mutators.ConstructorCallMutator,between,89,NO_COVERAGE,none
BaseSingleFieldPeriod.java,org.joda.time.base.BaseSingleFieldPeriod,org.pitest.mutationtest.engine.gregor.mutators.ConstructorCallMutator,between,92,KILLED,org.joda.time.Minutes_ESTest.test01
BaseSingleFieldPeriod.java,org.joda.time.base.BaseSingleFieldPeriod,org.pitest.mutationtest.engine.gregor.mutators.ConstructorCallMutator,between,96,NO_COVERAGE,none
BaseSingleFieldPeriod.java,org.joda.time.base.BaseSingleFieldPeriod,org.pitest.mutationtest.engine.gregor.mutators.ConstructorCallMutator,between,100,NO_COVERAGE,none
BaseSingleFieldPeriod.java,org.joda.time.base.BaseSingleFieldPeriod,org.pitest.mutationtest.engine.gregor.mutators.IncrementsMutator,between,94,KILLED,org.joda.time.Minutes_ESTest.test22
BaseSingleFieldPeriod.java,org.joda.time.base.BaseSingleFieldPeriod,org.pitest.mutationtest.engine.gregor.mutators.InlineConstantMutator,between,94,SURVIVED,none
BaseSingleFieldPeriod.java,org.joda.time.base.BaseSingleFieldPeriod,org.pitest.mutationtest.engine.gregor.mutators.InlineConstantMutator,between,103,SURVIVED,none
BaseSingleFieldPeriod.java,org.joda.time.base.BaseSingleFieldPeriod,org.pitest.mutationtest.engine.gregor.mutators.InlineConstantMutator,between,103,SURVIVED,none
BaseSingleFieldPeriod.java,org.joda.time.base.BaseSingleFieldPeriod,org.pitest.mutationtest.engine.gregor.mutators.InlineConstantMutator,between,104,KILLED,org.joda.time.Minutes_ESTest.test22
BaseSingleFieldPeriod.java,org.joda.time.base.BaseSingleFieldPeriod,org.pitest.mutationtest.engine.gregor.mutators.NegateConditionalsMutator,between,88,KILLED,org.joda.time.Minutes_ESTest.test22
BaseSingleFieldPeriod.java,org.joda.time.base.BaseSingleFieldPeriod,org.pitest.mutationtest.engine.gregor.mutators.NegateConditionalsMutator,between,88,KILLED,org.joda.time.Minutes_ESTest.test22
BaseSingleFieldPeriod.java,org.joda.time.base.BaseSingleFieldPeriod,org.pitest.mutationtest.engine.gregor.mutators.NegateConditionalsMutator,between,91,KILLED,org.joda.time.Minutes_ESTest.test22
BaseSingleFieldPeriod.java,org.joda.time.base.BaseSingleFieldPeriod,org.pitest.mutationtest.engine.gregor.mutators.NegateConditionalsMutator,between,94,SURVIVED,none
BaseSingleFieldPeriod.java,org.joda.time.base.BaseSingleFieldPeriod,org.pitest.mutationtest.engine.gregor.mutators.NegateConditionalsMutator,between,95,KILLED,org.joda.time.Minutes_ESTest.test22
BaseSingleFieldPeriod.java,org.joda.time.base.BaseSingleFieldPeriod,org.pitest.mutationtest.engine.gregor.mutators.NegateConditionalsMutator,between,99,KILLED,org.joda.time.Minutes_ESTest.test22
BaseSingleFieldPeriod.java,org.joda.time.base.BaseSingleFieldPeriod,org.pitest.mutationtest.engine.gregor.mutators.NonVoidMethodCallMutator,between,91,KILLED,org.joda.time.Minutes_ESTest.test22
BaseSingleFieldPeriod.java,org.joda.time.base.BaseSingleFieldPeriod,org.pitest.mutationtest.engine.gregor.mutators.NonVoidMethodCallMutator,between,91,KILLED,org.joda.time.Minutes_ESTest.test22
BaseSingleFieldPeriod.java,org.joda.time.base.BaseSingleFieldPeriod,org.pitest.mutationtest.engine.gregor.mutators.NonVoidMethodCallMutator,between,94,SURVIVED,none
BaseSingleFieldPeriod.java,org.joda.time.base.BaseSingleFieldPeriod,org.pitest.mutationtest.engine.gregor.mutators.NonVoidMethodCallMutator,between,95,KILLED,org.joda.time.Minutes_ESTest.test22
BaseSingleFieldPeriod.java,org.joda.time.base.BaseSingleFieldPeriod,org.pitest.mutationtest.engine.gregor.mutators.NonVoidMethodCallMutator,between,95,KILLED,org.joda.time.Minutes_ESTest.test22
BaseSingleFieldPeriod.java,org.joda.time.base.BaseSingleFieldPeriod,org.pitest.mutationtest.engine.gregor.mutators.NonVoidMethodCallMutator,between,99,KILLED,org.joda.time.Minutes_ESTest.test22
BaseSingleFieldPeriod.java,org.joda.time.base.BaseSingleFieldPeriod,org.pitest.mutationtest.engine.gregor.mutators.NonVoidMethodCallMutator,between,102,SURVIVED,none
BaseSingleFieldPeriod.java,org.joda.time.base.BaseSingleFieldPeriod,org.pitest.mutationtest.engine.gregor.mutators.NonVoidMethodCallMutator,between,102,KILLED,org.joda.time.Minutes_ESTest.test22
BaseSingleFieldPeriod.java,org.joda.time.base.BaseSingleFieldPeriod,org.pitest.mutationtest.engine.gregor.mutators.NonVoidMethodCallMutator,between,102,KILLED,org.joda.time.Minutes_ESTest.test22
BaseSingleFieldPeriod.java,org.joda.time.base.BaseSingleFieldPeriod,org.pitest.mutationtest.engine.gregor.mutators.NonVoidMethodCallMutator,between,103,KILLED,org.joda.time.Minutes_ESTest.test22
BaseSingleFieldPeriod.java,org.joda.time.base.BaseSingleFieldPeriod,org.pitest.mutationtest.engine.gregor.mutators.NonVoidMethodCallMutator,between,103,KILLED,org.joda.time.Minutes_ESTest.test22
BaseSingleFieldPeriod.java,org.joda.time.base.BaseSingleFieldPeriod,org.pitest.mutationtest.engine.gregor.mutators.NonVoidMethodCallMutator,between,103,KILLED,org.joda.time.Minutes_ESTest.test22
BaseSingleFieldPeriod.java,org.joda.time.base.BaseSingleFieldPeriod,org.pitest.mutationtest.engine.gregor.mutators.PrimitiveReturnsMutator,between,104,SURVIVED,none
BaseSingleFieldPeriod.java,org.joda.time.base.BaseSingleFieldPeriod,org.pitest.mutationtest.engine.gregor.mutators.RemoveConditionalMutator_EQUAL_ELSE,between,88,KILLED,org.joda.time.Minutes_ESTest.test22
BaseSingleFieldPeriod.java,org.joda.time.base.BaseSingleFieldPeriod,org.pitest.mutationtest.engine.gregor.mutators.RemoveConditionalMutator_EQUAL_ELSE,between,88,SURVIVED,none
BaseSingleFieldPeriod.java,org.joda.time.base.BaseSingleFieldPeriod,org.pitest.mutationtest.engine.gregor.mutators.RemoveConditionalMutator_EQUAL_ELSE,between,91,SURVIVED,none
BaseSingleFieldPeriod.java,org.joda.time.base.BaseSingleFieldPeriod,org.pitest.mutationtest.engine.gregor.mutators.RemoveConditionalMutator_EQUAL_ELSE,between,95,SURVIVED,none
BaseSingleFieldPeriod.java,org.joda.time.base.BaseSingleFieldPeriod,org.pitest.mutationtest.engine.gregor.mutators.RemoveConditionalMutator_EQUAL_ELSE,between,99,SURVIVED,none
BaseSingleFieldPeriod.java,org.joda.time.base.BaseSingleFieldPeriod,org.pitest.mutationtest.engine.gregor.mutators.RemoveConditionalMutator_EQUAL_IF,between,88,SURVIVED,none
BaseSingleFieldPeriod.java,org.joda.time.base.BaseSingleFieldPeriod,org.pitest.mutationtest.engine.gregor.mutators.RemoveConditionalMutator_EQUAL_IF,between,88,KILLED,org.joda.time.Minutes_ESTest.test22
BaseSingleFieldPeriod.java,org.joda.time.base.BaseSingleFieldPeriod,org.pitest.mutationtest.engine.gregor.mutators.RemoveConditionalMutator_EQUAL_IF,between,91,KILLED,org.joda.time.Minutes_ESTest.test22
BaseSingleFieldPeriod.java,org.joda.time.base.BaseSingleFieldPeriod,org.pitest.mutationtest.engine.gregor.mutators.RemoveConditionalMutator_EQUAL_IF,between,95,KILLED,org.joda.time.Minutes_ESTest.test22
BaseSingleFieldPeriod.java,org.joda.time.base.BaseSingleFieldPeriod,org.pitest.mutationtest.engine.gregor.mutators.RemoveConditionalMutator_EQUAL_IF,between,99,KILLED,org.joda.time.Minutes_ESTest.test22
BaseSingleFieldPeriod.java,org.joda.time.base.BaseSingleFieldPeriod,org.pitest.mutationtest.engine.gregor.mutators.RemoveConditionalMutator_ORDER_ELSE,between,94,SURVIVED,none
BaseSingleFieldPeriod.java,org.joda.time.base.BaseSingleFieldPeriod,org.pitest.mutationtest.engine.gregor.mutators.RemoveConditionalMutator_ORDER_IF,between,94,KILLED,org.joda.time.Minutes_ESTest.test22
BaseSingleFieldPeriod.java,org.joda.time.base.BaseSingleFieldPeriod,org.pitest.mutationtest.engine.gregor.mutators.ReturnValsMutator,between,104,KILLED,org.joda.time.Minutes_ESTest.test22
BaseSingleFieldPeriod.java,org.joda.time.base.BaseSingleFieldPeriod,org.pitest.mutationtest.engine.gregor.mutators.experimental.NakedReceiverMutator,between,102,SURVIVED,none
BaseSingleFieldPeriod.java,org.joda.time.base.BaseSingleFieldPeriod,org.pitest.mutationtest.engine.gregor.mutators.experimental.RemoveIncrementsMutator,between,94,KILLED,org.joda.time.Minutes_ESTest.test22
BaseSingleFieldPeriod.java,org.joda.time.base.BaseSingleFieldPeriod,org.pitest.mutationtest.engine.gregor.mutators.ConditionalsBoundaryMutator,compareTo,335,KILLED,org.joda.time.Minutes_ESTest.test10
BaseSingleFieldPeriod.java,org.joda.time.base.BaseSingleFieldPeriod,org.pitest.mutationtest.engine.gregor.mutators.ConditionalsBoundaryMutator,compareTo,338,KILLED,org.joda.time.Minutes_ESTest.test10
BaseSingleFieldPeriod.java,org.joda.time.base.BaseSingleFieldPeriod,org.pitest.mutationtest.engine.gregor.mutators.ConstructorCallMutator,compareTo,331,KILLED,org.joda.time.Minutes_ESTest.test04
BaseSingleFieldPeriod.java,org.joda.time.base.BaseSingleFieldPeriod,org.pitest.mutationtest.engine.gregor.mutators.ConstructorCallMutator,compareTo,331,KILLED,org.joda.time.Minutes_ESTest.test04
BaseSingleFieldPeriod.java,org.joda.time.base.BaseSingleFieldPeriod,org.pitest.mutationtest.engine.gregor.mutators.InlineConstantMutator,compareTo,336,KILLED,org.joda.time.Minutes_ESTest.test09
BaseSingleFieldPeriod.java,org.joda.time.base.BaseSingleFieldPeriod,org.pitest.mutationtest.engine.gregor.mutators.InlineConstantMutator,compareTo,339,KILLED,org.joda.time.Minutes_ESTest.test07
BaseSingleFieldPeriod.java,org.joda.time.base.BaseSingleFieldPeriod,org.pitest.mutationtest.engine.gregor.mutators.InlineConstantMutator,compareTo,341,KILLED,org.joda.time.Minutes_ESTest.test10
BaseSingleFieldPeriod.java,org.joda.time.base.BaseSingleFieldPeriod,org.pitest.mutationtest.engine.gregor.mutators.NegateConditionalsMutator,compareTo,330,KILLED,org.joda.time.Minutes_ESTest.test07
BaseSingleFieldPeriod.java,org.joda.time.base.BaseSingleFieldPeriod,org.pitest.mutationtest.engine.gregor.mutators.NegateConditionalsMutator,compareTo,335,KILLED,org.joda.time.Minutes_ESTest.test07
BaseSingleFieldPeriod.java,org.joda.time.base.BaseSingleFieldPeriod,org.pitest.mutationtest.engine.gregor.mutators.NegateConditionalsMutator,compareTo,338,KILLED,org.joda.time.Minutes_ESTest.test07
BaseSingleFieldPeriod.java,org.joda.time.base.BaseSingleFieldPeriod,org.pitest.mutationtest.engine.gregor.mutators.NonVoidMethodCallMutator,compareTo,330,KILLED,org.joda.time.Minutes_ESTest.test07
BaseSingleFieldPeriod.java,org.joda.time.base.BaseSingleFieldPeriod,org.pitest.mutationtest.engine.gregor.mutators.NonVoidMethodCallMutator,compareTo,330,KILLED,org.joda.time.Minutes_ESTest.test07
BaseSingleFieldPeriod.java,org.joda.time.base.BaseSingleFieldPeriod,org.pitest.mutationtest.engine.gregor.mutators.NonVoidMethodCallMutator,compareTo,331,SURVIVED,none
BaseSingleFieldPeriod.java,org.joda.time.base.BaseSingleFieldPeriod,org.pitest.mutationtest.engine.gregor.mutators.NonVoidMethodCallMutator,compareTo,331,KILLED,org.joda.time.Minutes_ESTest.test04
BaseSingleFieldPeriod.java,org.joda.time.base.BaseSingleFieldPeriod,org.pitest.mutationtest.engine.gregor.mutators.NonVoidMethodCallMutator,compareTo,331,KILLED,org.joda.time.Minutes_ESTest.test04
BaseSingleFieldPeriod.java,org.joda.time.base.BaseSingleFieldPeriod,org.pitest.mutationtest.engine.gregor.mutators.NonVoidMethodCallMutator,compareTo,331,SURVIVED,none
BaseSingleFieldPeriod.java,org.joda.time.base.BaseSingleFieldPeriod,org.pitest.mutationtest.engine.gregor.mutators.NonVoidMethodCallMutator,compareTo,331,KILLED,org.joda.time.Minutes_ESTest.test04
BaseSingleFieldPeriod.java,org.joda.time.base.BaseSingleFieldPeriod,org.pitest.mutationtest.engine.gregor.mutators.NonVoidMethodCallMutator,compareTo,331,SURVIVED,none
BaseSingleFieldPeriod.java,org.joda.time.base.BaseSingleFieldPeriod,org.pitest.mutationtest.engine.gregor.mutators.NonVoidMethodCallMutator,compareTo,333,KILLED,org.joda.time.Minutes_ESTest.test07
BaseSingleFieldPeriod.java,org.joda.time.base.BaseSingleFieldPeriod,org.pitest.mutationtest.engine.gregor.mutators.NonVoidMethodCallMutator,compareTo,334,KILLED,org.joda.time.Minutes_ESTest.test10
BaseSingleFieldPeriod.java,org.joda.time.base.BaseSingleFieldPeriod,org.pitest.mutationtest.engine.gregor.mutators.PrimitiveReturnsMutator,compareTo,336,KILLED,org.joda.time.Minutes_ESTest.test09
BaseSingleFieldPeriod.java,org.joda.time.base.BaseSingleFieldPeriod,org.pitest.mutationtest.engine.gregor.mutators.PrimitiveReturnsMutator,compareTo,339,KILLED,org.joda.time.Minutes_ESTest.test07
BaseSingleFieldPeriod.java,org.joda.time.base.BaseSingleFieldPeriod,org.pitest.mutationtest.engine.gregor.mutators.RemoveConditionalMutator_EQUAL_ELSE,compareTo,330,KILLED,org.joda.time.Minutes_ESTest.test04
BaseSingleFieldPeriod.java,org.joda.time.base.BaseSingleFieldPeriod,org.pitest.mutationtest.engine.gregor.mutators.RemoveConditionalMutator_EQUAL_IF,compareTo,330,KILLED,org.joda.time.Minutes_ESTest.test07
BaseSingleFieldPeriod.java,org.joda.time.base.BaseSingleFieldPeriod,org.pitest.mutationtest.engine.gregor.mutators.RemoveConditionalMutator_ORDER_ELSE,compareTo,335,KILLED,org.joda.time.Minutes_ESTest.test09
BaseSingleFieldPeriod.java,org.joda.time.base.BaseSingleFieldPeriod,org.pitest.mutationtest.engine.gregor.mutators.RemoveConditionalMutator_ORDER_ELSE,compareTo,338,KILLED,org.joda.time.Minutes_ESTest.test07
BaseSingleFieldPeriod.java,org.joda.time.base.BaseSingleFieldPeriod,org.pitest.mutationtest.engine.gregor.mutators.RemoveConditionalMutator_ORDER_IF,compareTo,335,KILLED,org.joda.time.Minutes_ESTest.test07
BaseSingleFieldPeriod.java,org.joda.time.base.BaseSingleFieldPeriod,org.pitest.mutationtest.engine.gregor.mutators.RemoveConditionalMutator_ORDER_IF,compareTo,338,KILLED,org.joda.time.Minutes_ESTest.test10
BaseSingleFieldPeriod.java,org.joda.time.base.BaseSingleFieldPeriod,org.pitest.mutationtest.engine.gregor.mutators.ReturnValsMutator,compareTo,336,KILLED,org.joda.time.Minutes_ESTest.test09
BaseSingleFieldPeriod.java,org.joda.time.base.BaseSingleFieldPeriod,org.pitest.mutationtest.engine.gregor.mutators.ReturnValsMutator,compareTo,339,KILLED,org.joda.time.Minutes_ESTest.test07
BaseSingleFieldPeriod.java,org.joda.time.base.BaseSingleFieldPeriod,org.pitest.mutationtest.engine.gregor.mutators.ReturnValsMutator,compareTo,341,KILLED,org.joda.time.Minutes_ESTest.test10
BaseSingleFieldPeriod.java,org.joda.time.base.BaseSingleFieldPeriod,org.pitest.mutationtest.engine.gregor.mutators.experimental.NakedReceiverMutator,compareTo,331,SURVIVED,none
BaseSingleFieldPeriod.java,org.joda.time.base.BaseSingleFieldPeriod,org.pitest.mutationtest.engine.gregor.mutators.experimental.NakedReceiverMutator,compareTo,331,SURVIVED,none
BaseSingleFieldPeriod.java,org.joda.time.base.BaseSingleFieldPeriod,org.pitest.mutationtest.engine.gregor.mutators.experimental.NakedReceiverMutator,compareTo,331,SURVIVED,none
BaseSingleFieldPeriod.java,org.joda.time.base.BaseSingleFieldPeriod,org.pitest.mutationtest.engine.gregor.mutators.ArgumentPropagationMutator,equals,306,SURVIVED,none
BaseSingleFieldPeriod.java,org.joda.time.base.BaseSingleFieldPeriod,org.pitest.mutationtest.engine.gregor.mutators.BooleanFalseReturnValsMutator,equals,300,NO_COVERAGE,none
BaseSingleFieldPeriod.java,org.joda.time.base.BaseSingleFieldPeriod,org.pitest.mutationtest.engine.gregor.mutators.BooleanTrueReturnValsMutator,equals,303,KILLED,org.joda.time.Minutes_ESTest.test05
BaseSingleFieldPeriod.java,org.joda.time.base.BaseSingleFieldPeriod,org.pitest.mutationtest.engine.gregor.mutators.BooleanTrueReturnValsMutator,equals,306,KILLED,org.joda.time.Minutes_ESTest.test16
BaseSingleFieldPeriod.java,org.joda.time.base.BaseSingleFieldPeriod,org.pitest.mutationtest.engine.gregor.mutators.InlineConstantMutator,equals,300,NO_COVERAGE,none
BaseSingleFieldPeriod.java,org.joda.time.base.BaseSingleFieldPeriod,org.pitest.mutationtest.engine.gregor.mutators.InlineConstantMutator,equals,303,KILLED,org.joda.time.Minutes_ESTest.test05
BaseSingleFieldPeriod.java,org.joda.time.base.BaseSingleFieldPeriod,org.pitest.mutationtest.engine.gregor.mutators.InlineConstantMutator,equals,306,KILLED,org.joda.time.Minutes_ESTest.test15
BaseSingleFieldPeriod.java,org.joda.time.base.BaseSingleFieldPeriod,org.pitest.mutationtest.engine.gregor.mutators.InlineConstantMutator,equals,306,SURVIVED,none
BaseSingleFieldPeriod.java,org.joda.time.base.BaseSingleFieldPeriod,org.pitest.mutationtest.engine.gregor.mutators.InlineConstantMutator,equals,306,KILLED,org.joda.time.Minutes_ESTest.test16
BaseSingleFieldPeriod.java,org.joda.time.base.BaseSingleFieldPeriod,org.pitest.mutationtest.engine.gregor.mutators.NegateConditionalsMutator,equals,299,KILLED,org.joda.time.Minutes_ESTest.test16
BaseSingleFieldPeriod.java,org.joda.time.base.BaseSingleFieldPeriod,org.pitest.mutationtest.engine.gregor.mutators.NegateConditionalsMutator,equals,302,KILLED,org.joda.time.Minutes_ESTest.test05
BaseSingleFieldPeriod.java,org.joda.time.base.BaseSingleFieldPeriod,org.pitest.mutationtest.engine.gregor.mutators.NegateConditionalsMutator,equals,306,SURVIVED,none
BaseSingleFieldPeriod.java,org.joda.time.base.BaseSingleFieldPeriod,org.pitest.mutationtest.engine.gregor.mutators.NegateConditionalsMutator,equals,306,KILLED,org.joda.time.Minutes_ESTest.test15
BaseSingleFieldPeriod.java,org.joda.time.base.BaseSingleFieldPeriod,org.pitest.mutationtest.engine.gregor.mutators.NonVoidMethodCallMutator,equals,306,SURVIVED,none
BaseSingleFieldPeriod.java,org.joda.time.base.BaseSingleFieldPeriod,org.pitest.mutationtest.engine.gregor.mutators.NonVoidMethodCallMutator,equals,306,SURVIVED,none
BaseSingleFieldPeriod.java,org.joda.time.base.BaseSingleFieldPeriod,org.pitest.mutationtest.engine.gregor.mutators.NonVoidMethodCallMutator,equals,306,SURVIVED,none
BaseSingleFieldPeriod.java,org.joda.time.base.BaseSingleFieldPeriod,org.pitest.mutationtest.engine.gregor.mutators.NonVoidMethodCallMutator,equals,306,SURVIVED,none
BaseSingleFieldPeriod.java,org.joda.time.base.BaseSingleFieldPeriod,org.pitest.mutationtest.engine.gregor.mutators.RemoveConditionalMutator_EQUAL_ELSE,equals,302,KILLED,org.joda.time.Minutes_ESTest.test05
BaseSingleFieldPeriod.java,org.joda.time.base.BaseSingleFieldPeriod,org.pitest.mutationtest.engine.gregor.mutators.RemoveConditionalMutator_EQUAL_ELSE,equals,306,SURVIVED,none
BaseSingleFieldPeriod.java,org.joda.time.base.BaseSingleFieldPeriod,org.pitest.mutationtest.engine.gregor.mutators.RemoveConditionalMutator_EQUAL_ELSE,equals,306,SURVIVED,none
BaseSingleFieldPeriod.java,org.joda.time.base.BaseSingleFieldPeriod,org.pitest.mutationtest.engine.gregor.mutators.RemoveConditionalMutator_EQUAL_IF,equals,299,KILLED,org.joda.time.Minutes_ESTest.test16
BaseSingleFieldPeriod.java,org.joda.time.base.BaseSingleFieldPeriod,org.pitest.mutationtest.engine.gregor.mutators.RemoveConditionalMutator_EQUAL_IF,equals,302,SURVIVED,none
BaseSingleFieldPeriod.java,org.joda.time.base.BaseSingleFieldPeriod,org.pitest.mutationtest.engine.gregor.mutators.RemoveConditionalMutator_EQUAL_IF,equals,306,SURVIVED,none
BaseSingleFieldPeriod.java,org.joda.time.base.BaseSingleFieldPeriod,org.pitest.mutationtest.engine.gregor.mutators.RemoveConditionalMutator_EQUAL_IF,equals,306,KILLED,org.joda.time.Minutes_ESTest.test15
BaseSingleFieldPeriod.java,org.joda.time.base.BaseSingleFieldPeriod,org.pitest.mutationtest.engine.gregor.mutators.ReturnValsMutator,equals,300,NO_COVERAGE,none
BaseSingleFieldPeriod.java,org.joda.time.base.BaseSingleFieldPeriod,org.pitest.mutationtest.engine.gregor.mutators.ReturnValsMutator,equals,303,KILLED,org.joda.time.Minutes_ESTest.test05
BaseSingleFieldPeriod.java,org.joda.time.base.BaseSingleFieldPeriod,org.pitest.mutationtest.engine.gregor.mutators.ReturnValsMutator,equals,306,KILLED,org.joda.time.Minutes_ESTest.test16
BaseSingleFieldPeriod.java,org.joda.time.base.BaseSingleFieldPeriod,org.pitest.mutationtest.engine.gregor.mutators.InlineConstantMutator,get,250,KILLED,org.joda.time.Minutes_ESTest.test13
BaseSingleFieldPeriod.java,org.joda.time.base.BaseSingleFieldPeriod,org.pitest.mutationtest.engine.gregor.mutators.NegateConditionalsMutator,get,247,SURVIVED,none
BaseSingleFieldPeriod.java,org.joda.time.base.BaseSingleFieldPeriod,org.pitest.mutationtest.engine.gregor.mutators.NonVoidMethodCallMutator,get,247,SURVIVED,none
BaseSingleFieldPeriod.java,org.joda.time.base.BaseSingleFieldPeriod,org.pitest.mutationtest.engine.gregor.mutators.NonVoidMethodCallMutator,get,248,NO_COVERAGE,none
BaseSingleFieldPeriod.java,org.joda.time.base.BaseSingleFieldPeriod,org.pitest.mutationtest.engine.gregor.mutators.PrimitiveReturnsMutator,get,248,NO_COVERAGE,none
BaseSingleFieldPeriod.java,org.joda.time.base.BaseSingleFieldPeriod,org.pitest.mutationtest.engine.gregor.mutators.RemoveConditionalMutator_EQUAL_ELSE,get,247,SURVIVED,none
BaseSingleFieldPeriod.java,org.joda.time.base.BaseSingleFieldPeriod,org.pitest.mutationtest.engine.gregor.mutators.RemoveConditionalMutator_EQUAL_IF,get,247,SURVIVED,none
BaseSingleFieldPeriod.java,org.joda.time.base.BaseSingleFieldPeriod,org.pitest.mutationtest.engine.gregor.mutators.ReturnValsMutator,get,248,NO_COVERAGE,none
BaseSingleFieldPeriod.java,org.joda.time.base.BaseSingleFieldPeriod,org.pitest.mutationtest.engine.gregor.mutators.ReturnValsMutator,get,250,KILLED,org.joda.time.Minutes_ESTest.test13
BaseSingleFieldPeriod.java,org.joda.time.base.BaseSingleFieldPeriod,org.pitest.mutationtest.engine.gregor.mutators.ConstructorCallMutator,getFieldType,216,NO_COVERAGE,none
BaseSingleFieldPeriod.java,org.joda.time.base.BaseSingleFieldPeriod,org.pitest.mutationtest.engine.gregor.mutators.NegateConditionalsMutator,getFieldType,215,KILLED,org.joda.time.Minutes_ESTest.test18
BaseSingleFieldPeriod.java,org.joda.time.base.BaseSingleFieldPeriod,org.pitest.mutationtest.engine.gregor.mutators.NonVoidMethodCallMutator,getFieldType,216,NO_COVERAGE,none
BaseSingleFieldPeriod.java,org.joda.time.base.BaseSingleFieldPeriod,org.pitest.mutationtest.engine.gregor.mutators.NonVoidMethodCallMutator,getFieldType,218,KILLED,org.joda.time.Minutes_ESTest.test18
BaseSingleFieldPeriod.java,org.joda.time.base.BaseSingleFieldPeriod,org.pitest.mutationtest.engine.gregor.mutators.NullReturnValsMutator,getFieldType,218,KILLED,org.joda.time.Minutes_ESTest.test18
BaseSingleFieldPeriod.java,org.joda.time.base.BaseSingleFieldPeriod,org.pitest.mutationtest.engine.gregor.mutators.RemoveConditionalMutator_EQUAL_ELSE,getFieldType,215,SURVIVED,none
BaseSingleFieldPeriod.java,org.joda.time.base.BaseSingleFieldPeriod,org.pitest.mutationtest.engine.gregor.mutators.RemoveConditionalMutator_EQUAL_IF,getFieldType,215,KILLED,org.joda.time.Minutes_ESTest.test18
BaseSingleFieldPeriod.java,org.joda.time.base.BaseSingleFieldPeriod,org.pitest.mutationtest.engine.gregor.mutators.ReturnValsMutator,getFieldType,218,KILLED,org.joda.time.Minutes_ESTest.test18
BaseSingleFieldPeriod.java,org.joda.time.base.BaseSingleFieldPeriod,org.pitest.mutationtest.engine.gregor.mutators.PrimitiveReturnsMutator,getValue,166,KILLED,org.joda.time.Minutes_ESTest.test18
BaseSingleFieldPeriod.java,org.joda.time.base.BaseSingleFieldPeriod,org.pitest.mutationtest.engine.gregor.mutators.ReturnValsMutator,getValue,166,KILLED,org.joda.time.Minutes_ESTest.test18
BaseSingleFieldPeriod.java,org.joda.time.base.BaseSingleFieldPeriod,org.pitest.mutationtest.engine.gregor.mutators.ConstructorCallMutator,getValue,232,NO_COVERAGE,none
BaseSingleFieldPeriod.java,org.joda.time.base.BaseSingleFieldPeriod,org.pitest.mutationtest.engine.gregor.mutators.NegateConditionalsMutator,getValue,231,KILLED,org.joda.time.Minutes_ESTest.test18
BaseSingleFieldPeriod.java,org.joda.time.base.BaseSingleFieldPeriod,org.pitest.mutationtest.engine.gregor.mutators.NonVoidMethodCallMutator,getValue,232,NO_COVERAGE,none
BaseSingleFieldPeriod.java,org.joda.time.base.BaseSingleFieldPeriod,org.pitest.mutationtest.engine.gregor.mutators.NonVoidMethodCallMutator,getValue,234,KILLED,org.joda.time.Minutes_ESTest.test18
BaseSingleFieldPeriod.java,org.joda.time.base.BaseSingleFieldPeriod,org.pitest.mutationtest.engine.gregor.mutators.PrimitiveReturnsMutator,getValue,234,KILLED,org.joda.time.Minutes_ESTest.test18
BaseSingleFieldPeriod.java,org.joda.time.base.BaseSingleFieldPeriod,org.pitest.mutationtest.engine.gregor.mutators.RemoveConditionalMutator_EQUAL_ELSE,getValue,231,SURVIVED,none
BaseSingleFieldPeriod.java,org.joda.time.base.BaseSingleFieldPeriod,org.pitest.mutationtest.engine.gregor.mutators.RemoveConditionalMutator_EQUAL_IF,getValue,231,KILLED,org.joda.time.Minutes_ESTest.test18
BaseSingleFieldPeriod.java,org.joda.time.base.BaseSingleFieldPeriod,org.pitest.mutationtest.engine.gregor.mutators.ReturnValsMutator,getValue,234,KILLED,org.joda.time.Minutes_ESTest.test18
BaseSingleFieldPeriod.java,org.joda.time.base.BaseSingleFieldPeriod,org.pitest.mutationtest.engine.gregor.mutators.InlineConstantMutator,hashCode,315,NO_COVERAGE,none
BaseSingleFieldPeriod.java,org.joda.time.base.BaseSingleFieldPeriod,org.pitest.mutationtest.engine.gregor.mutators.InlineConstantMutator,hashCode,316,NO_COVERAGE,none
BaseSingleFieldPeriod.java,org.joda.time.base.BaseSingleFieldPeriod,org.pitest.mutationtest.engine.gregor.mutators.InlineConstantMutator,hashCode,317,NO_COVERAGE,none
BaseSingleFieldPeriod.java,org.joda.time.base.BaseSingleFieldPeriod,org.pitest.mutationtest.engine.gregor.mutators.MathMutator,hashCode,316,NO_COVERAGE,none
BaseSingleFieldPeriod.java,org.joda.time.base.BaseSingleFieldPeriod,org.pitest.mutationtest.engine.gregor.mutators.MathMutator,hashCode,316,NO_COVERAGE,none
BaseSingleFieldPeriod.java,org.joda.time.base.BaseSingleFieldPeriod,org.pitest.mutationtest.engine.gregor.mutators.MathMutator,hashCode,317,NO_COVERAGE,none
BaseSingleFieldPeriod.java,org.joda.time.base.BaseSingleFieldPeriod,org.pitest.mutationtest.engine.gregor.mutators.MathMutator,hashCode,317,NO_COVERAGE,none
BaseSingleFieldPeriod.java,org.joda.time.base.BaseSingleFieldPeriod,org.pitest.mutationtest.engine.gregor.mutators.NonVoidMethodCallMutator,hashCode,316,NO_COVERAGE,none
BaseSingleFieldPeriod.java,org.joda.time.base.BaseSingleFieldPeriod,org.pitest.mutationtest.engine.gregor.mutators.NonVoidMethodCallMutator,hashCode,317,NO_COVERAGE,none
BaseSingleFieldPeriod.java,org.joda.time.base.BaseSingleFieldPeriod,org.pitest.mutationtest.engine.gregor.mutators.NonVoidMethodCallMutator,hashCode,317,NO_COVERAGE,none
BaseSingleFieldPeriod.java,org.joda.time.base.BaseSingleFieldPeriod,org.pitest.mutationtest.engine.gregor.mutators.PrimitiveReturnsMutator,hashCode,318,NO_COVERAGE,none
BaseSingleFieldPeriod.java,org.joda.time.base.BaseSingleFieldPeriod,org.pitest.mutationtest.engine.gregor.mutators.ReturnValsMutator,hashCode,318,NO_COVERAGE,none
BaseSingleFieldPeriod.java,org.joda.time.base.BaseSingleFieldPeriod,org.pitest.mutationtest.engine.gregor.mutators.BooleanTrueReturnValsMutator,isSupported,260,KILLED,org.joda.time.Minutes_ESTest.test06
BaseSingleFieldPeriod.java,org.joda.time.base.BaseSingleFieldPeriod,org.pitest.mutationtest.engine.gregor.mutators.InlineConstantMutator,isSupported,260,SURVIVED,none
BaseSingleFieldPeriod.java,org.joda.time.base.BaseSingleFieldPeriod,org.pitest.mutationtest.engine.gregor.mutators.InlineConstantMutator,isSupported,260,KILLED,org.joda.time.Minutes_ESTest.test06
BaseSingleFieldPeriod.java,org.joda.time.base.BaseSingleFieldPeriod,org.pitest.mutationtest.engine.gregor.mutators.NegateConditionalsMutator,isSupported,260,KILLED,org.joda.time.Minutes_ESTest.test06
BaseSingleFieldPeriod.java,org.joda.time.base.BaseSingleFieldPeriod,org.pitest.mutationtest.engine.gregor.mutators.NonVoidMethodCallMutator,isSupported,260,SURVIVED,none
BaseSingleFieldPeriod.java,org.joda.time.base.BaseSingleFieldPeriod,org.pitest.mutationtest.engine.gregor.mutators.RemoveConditionalMutator_EQUAL_ELSE,isSupported,260,SURVIVED,none
BaseSingleFieldPeriod.java,org.joda.time.base.BaseSingleFieldPeriod,org.pitest.mutationtest.engine.gregor.mutators.RemoveConditionalMutator_EQUAL_IF,isSupported,260,KILLED,org.joda.time.Minutes_ESTest.test06
BaseSingleFieldPeriod.java,org.joda.time.base.BaseSingleFieldPeriod,org.pitest.mutationtest.engine.gregor.mutators.ReturnValsMutator,isSupported,260,KILLED,org.joda.time.Minutes_ESTest.test06
BaseSingleFieldPeriod.java,org.joda.time.base.BaseSingleFieldPeriod,org.pitest.mutationtest.engine.gregor.mutators.experimental.MemberVariableMutator,setValue,176,NO_COVERAGE,none
BaseSingleFieldPeriod.java,org.joda.time.base.BaseSingleFieldPeriod,org.pitest.mutationtest.engine.gregor.mutators.InlineConstantMutator,size,201,KILLED,org.joda.time.Minutes_ESTest.test18
BaseSingleFieldPeriod.java,org.joda.time.base.BaseSingleFieldPeriod,org.pitest.mutationtest.engine.gregor.mutators.PrimitiveReturnsMutator,size,201,KILLED,org.joda.time.Minutes_ESTest.test18
BaseSingleFieldPeriod.java,org.joda.time.base.BaseSingleFieldPeriod,org.pitest.mutationtest.engine.gregor.mutators.ReturnValsMutator,size,201,KILLED,org.joda.time.Minutes_ESTest.test18
BaseSingleFieldPeriod.java,org.joda.time.base.BaseSingleFieldPeriod,org.pitest.mutationtest.engine.gregor.mutators.ArgumentPropagationMutator,standardPeriodIn,134,KILLED,org.joda.time.Minutes_ESTest.test18
BaseSingleFieldPeriod.java,org.joda.time.base.BaseSingleFieldPeriod,org.pitest.mutationtest.engine.gregor.mutators.ArgumentPropagationMutator,standardPeriodIn,142,KILLED,org.joda.time.Minutes_ESTest.test18
BaseSingleFieldPeriod.java,org.joda.time.base.BaseSingleFieldPeriod,org.pitest.mutationtest.engine.gregor.mutators.ArgumentPropagationMutator,standardPeriodIn,142,SURVIVED,none
BaseSingleFieldPeriod.java,org.joda.time.base.BaseSingleFieldPeriod,org.pitest.mutationtest.engine.gregor.mutators.ConditionalsBoundaryMutator,standardPeriodIn,133,KILLED,org.joda.time.Minutes_ESTest.test18
BaseSingleFieldPeriod.java,org.joda.time.base.BaseSingleFieldPeriod,org.pitest.mutationtest.engine.gregor.mutators.ConstructorCallMutator,standardPeriodIn,138,NO_COVERAGE,none
BaseSingleFieldPeriod.java,org.joda.time.base.BaseSingleFieldPeriod,org.pitest.mutationtest.engine.gregor.mutators.ConstructorCallMutator,standardPeriodIn,138,NO_COVERAGE,none
BaseSingleFieldPeriod.java,org.joda.time.base.BaseSingleFieldPeriod,org.pitest.mutationtest.engine.gregor.mutators.IncrementsMutator,standardPeriodIn,133,KILLED,org.joda.time.Minutes_ESTest.test18
BaseSingleFieldPeriod.java,org.joda.time.base.BaseSingleFieldPeriod,org.pitest.mutationtest.engine.gregor.mutators.InlineConstantMutator,standardPeriodIn,129,NO_COVERAGE,none
BaseSingleFieldPeriod.java,org.joda.time.base.BaseSingleFieldPeriod,org.pitest.mutationtest.engine.gregor.mutators.InlineConstantMutator,standardPeriodIn,132,KILLED,org.joda.time.Minutes_ESTest.test17
BaseSingleFieldPeriod.java,org.joda.time.base.BaseSingleFieldPeriod,org.pitest.mutationtest.engine.gregor.mutators.InlineConstantMutator,standardPeriodIn,133,KILLED,org.joda.time.Minutes_ESTest.test17
BaseSingleFieldPeriod.java,org.joda.time.base.BaseSingleFieldPeriod,org.pitest.mutationtest.engine.gregor.mutators.MathMutator,standardPeriodIn,145,KILLED,org.joda.time.Minutes_ESTest.test18
BaseSingleFieldPeriod.java,org.joda.time.base.BaseSingleFieldPeriod,org.pitest.mutationtest.engine.gregor.mutators.NegateConditionalsMutator,standardPeriodIn,128,KILLED,org.joda.time.Minutes_ESTest.test18
BaseSingleFieldPeriod.java,org.joda.time.base.BaseSingleFieldPeriod,org.pitest.mutationtest.engine.gregor.mutators.NegateConditionalsMutator,standardPeriodIn,133,KILLED,org.joda.time.Minutes_ESTest.test18
BaseSingleFieldPeriod.java,org.joda.time.base.BaseSingleFieldPeriod,org.pitest.mutationtest.engine.gregor.mutators.NegateConditionalsMutator,standardPeriodIn,135,KILLED,org.joda.time.Minutes_ESTest.test18
BaseSingleFieldPeriod.java,org.joda.time.base.BaseSingleFieldPeriod,org.pitest.mutationtest.engine.gregor.mutators.NegateConditionalsMutator,standardPeriodIn,137,KILLED,org.joda.time.Minutes_ESTest.test18
BaseSingleFieldPeriod.java,org.joda.time.base.BaseSingleFieldPeriod,org.pitest.mutationtest.engine.gregor.mutators.NonVoidMethodCallMutator,standardPeriodIn,131,KILLED,org.joda.time.Minutes_ESTest.test03
BaseSingleFieldPeriod.java,org.joda.time.base.BaseSingleFieldPeriod,org.pitest.mutationtest.engine.gregor.mutators.NonVoidMethodCallMutator,standardPeriodIn,133,KILLED,org.joda.time.Minutes_ESTest.test18
BaseSingleFieldPeriod.java,org.joda.time.base.BaseSingleFieldPeriod,org.pitest.mutationtest.engine.gregor.mutators.NonVoidMethodCallMutator,standardPeriodIn,134,KILLED,org.joda.time.Minutes_ESTest.test18
BaseSingleFieldPeriod.java,org.joda.time.base.BaseSingleFieldPeriod,org.pitest.mutationtest.engine.gregor.mutators.NonVoidMethodCallMutator,standardPeriodIn,136,KILLED,org.joda.time.Minutes_ESTest.test18
BaseSingleFieldPeriod.java,org.joda.time.base.BaseSingleFieldPeriod,org.pitest.mutationtest.engine.gregor.mutators.NonVoidMethodCallMutator,standardPeriodIn,136,KILLED,org.joda.time.Minutes_ESTest.test18
BaseSingleFieldPeriod.java,org.joda.time.base.BaseSingleFieldPeriod,org.pitest.mutationtest.engine.gregor.mutators.NonVoidMethodCallMutator,standardPeriodIn,137,KILLED,org.joda.time.Minutes_ESTest.test18
BaseSingleFieldPeriod.java,org.joda.time.base.BaseSingleFieldPeriod,org.pitest.mutationtest.engine.gregor.mutators.NonVoidMethodCallMutator,standardPeriodIn,138,NO_COVERAGE,none
BaseSingleFieldPeriod.java,org.joda.time.base.BaseSingleFieldPeriod,org.pitest.mutationtest.engine.gregor.mutators.NonVoidMethodCallMutator,standardPeriodIn,138,NO_COVERAGE,none
BaseSingleFieldPeriod.java,org.joda.time.base.BaseSingleFieldPeriod,org.pitest.mutationtest.engine.gregor.mutators.NonVoidMethodCallMutator,standardPeriodIn,138,NO_COVERAGE,none
BaseSingleFieldPeriod.java,org.joda.time.base.BaseSingleFieldPeriod,org.pitest.mutationtest.engine.gregor.mutators.NonVoidMethodCallMutator,standardPeriodIn,138,NO_COVERAGE,none
BaseSingleFieldPeriod.java,org.joda.time.base.BaseSingleFieldPeriod,org.pitest.mutationtest.engine.gregor.mutators.NonVoidMethodCallMutator,standardPeriodIn,138,NO_COVERAGE,none
BaseSingleFieldPeriod.java,org.joda.time.base.BaseSingleFieldPeriod,org.pitest.mutationtest.engine.gregor.mutators.NonVoidMethodCallMutator,standardPeriodIn,138,NO_COVERAGE,none
BaseSingleFieldPeriod.java,org.joda.time.base.BaseSingleFieldPeriod,org.pitest.mutationtest.engine.gregor.mutators.NonVoidMethodCallMutator,standardPeriodIn,142,KILLED,org.joda.time.Minutes_ESTest.test18
BaseSingleFieldPeriod.java,org.joda.time.base.BaseSingleFieldPeriod,org.pitest.mutationtest.engine.gregor.mutators.NonVoidMethodCallMutator,standardPeriodIn,142,KILLED,org.joda.time.Minutes_ESTest.test18
BaseSingleFieldPeriod.java,org.joda.time.base.BaseSingleFieldPeriod,org.pitest.mutationtest.engine.gregor.mutators.NonVoidMethodCallMutator,standardPeriodIn,142,KILLED,org.joda.time.Minutes_ESTest.test18
BaseSingleFieldPeriod.java,org.joda.time.base.BaseSingleFieldPeriod,org.pitest.mutationtest.engine.gregor.mutators.NonVoidMethodCallMutator,standardPeriodIn,145,KILLED,org.joda.time.Minutes_ESTest.test18
BaseSingleFieldPeriod.java,org.joda.time.base.BaseSingleFieldPeriod,org.pitest.mutationtest.engine.gregor.mutators.PrimitiveReturnsMutator,standardPeriodIn,145,KILLED,org.joda.time.Minutes_ESTest.test18
BaseSingleFieldPeriod.java,org.joda.time.base.BaseSingleFieldPeriod,org.pitest.mutationtest.engine.gregor.mutators.RemoveConditionalMutator_EQUAL_ELSE,standardPeriodIn,128,SURVIVED,none
BaseSingleFieldPeriod.java,org.joda.time.base.BaseSingleFieldPeriod,org.pitest.mutationtest.engine.gregor.mutators.RemoveConditionalMutator_EQUAL_ELSE,standardPeriodIn,135,KILLED,org.joda.time.Minutes_ESTest.test18
BaseSingleFieldPeriod.java,org.joda.time.base.BaseSingleFieldPeriod,org.pitest.mutationtest.engine.gregor.mutators.RemoveConditionalMutator_EQUAL_ELSE,standardPeriodIn,137,SURVIVED,none
BaseSingleFieldPeriod.java,org.joda.time.base.BaseSingleFieldPeriod,org.pitest.mutationtest.engine.gregor.mutators.RemoveConditionalMutator_EQUAL_IF,standardPeriodIn,128,KILLED,org.joda.time.Minutes_ESTest.test18
BaseSingleFieldPeriod.java,org.joda.time.base.BaseSingleFieldPeriod,org.pitest.mutationtest.engine.gregor.mutators.RemoveConditionalMutator_EQUAL_IF,standardPeriodIn,135,KILLED,org.joda.time.Minutes_ESTest.test18
BaseSingleFieldPeriod.java,org.joda.time.base.BaseSingleFieldPeriod,org.pitest.mutationtest.engine.gregor.mutators.RemoveConditionalMutator_EQUAL_IF,standardPeriodIn,137,KILLED,org.joda.time.Minutes_ESTest.test18
BaseSingleFieldPeriod.java,org.joda.time.base.BaseSingleFieldPeriod,org.pitest.mutationtest.engine.gregor.mutators.RemoveConditionalMutator_ORDER_ELSE,standardPeriodIn,133,KILLED,org.joda.time.Minutes_ESTest.test18
BaseSingleFieldPeriod.java,org.joda.time.base.BaseSingleFieldPeriod,org.pitest.mutationtest.engine.gregor.mutators.RemoveConditionalMutator_ORDER_IF,standardPeriodIn,133,KILLED,org.joda.time.Minutes_ESTest.test18
BaseSingleFieldPeriod.java,org.joda.time.base.BaseSingleFieldPeriod,org.pitest.mutationtest.engine.gregor.mutators.ReturnValsMutator,standardPeriodIn,129,NO_COVERAGE,none
BaseSingleFieldPeriod.java,org.joda.time.base.BaseSingleFieldPeriod,org.pitest.mutationtest.engine.gregor.mutators.ReturnValsMutator,standardPeriodIn,145,KILLED,org.joda.time.Minutes_ESTest.test18
BaseSingleFieldPeriod.java,org.joda.time.base.BaseSingleFieldPeriod,org.pitest.mutationtest.engine.gregor.mutators.experimental.NakedReceiverMutator,standardPeriodIn,138,NO_COVERAGE,none
BaseSingleFieldPeriod.java,org.joda.time.base.BaseSingleFieldPeriod,org.pitest.mutationtest.engine.gregor.mutators.experimental.NakedReceiverMutator,standardPeriodIn,138,NO_COVERAGE,none
BaseSingleFieldPeriod.java,org.joda.time.base.BaseSingleFieldPeriod,org.pitest.mutationtest.engine.gregor.mutators.experimental.NakedReceiverMutator,standardPeriodIn,138,NO_COVERAGE,none
BaseSingleFieldPeriod.java,org.joda.time.base.BaseSingleFieldPeriod,org.pitest.mutationtest.engine.gregor.mutators.experimental.NakedReceiverMutator,standardPeriodIn,138,NO_COVERAGE,none
BaseSingleFieldPeriod.java,org.joda.time.base.BaseSingleFieldPeriod,org.pitest.mutationtest.engine.gregor.mutators.ConstructorCallMutator,toMutablePeriod,283,KILLED,org.joda.time.Minutes_ESTest.test18
BaseSingleFieldPeriod.java,org.joda.time.base.BaseSingleFieldPeriod,org.pitest.mutationtest.engine.gregor.mutators.NullReturnValsMutator,toMutablePeriod,285,KILLED,org.joda.time.Minutes_ESTest.test18
BaseSingleFieldPeriod.java,org.joda.time.base.BaseSingleFieldPeriod,org.pitest.mutationtest.engine.gregor.mutators.ReturnValsMutator,toMutablePeriod,285,KILLED,org.joda.time.Minutes_ESTest.test18
BaseSingleFieldPeriod.java,org.joda.time.base.BaseSingleFieldPeriod,org.pitest.mutationtest.engine.gregor.mutators.VoidMethodCallMutator,toMutablePeriod,284,KILLED,org.joda.time.Minutes_ESTest.test18
BaseSingleFieldPeriod.java,org.joda.time.base.BaseSingleFieldPeriod,org.pitest.mutationtest.engine.gregor.mutators.NonVoidMethodCallMutator,toPeriod,271,KILLED,org.joda.time.Minutes_ESTest.test12
BaseSingleFieldPeriod.java,org.joda.time.base.BaseSingleFieldPeriod,org.pitest.mutationtest.engine.gregor.mutators.NullReturnValsMutator,toPeriod,271,KILLED,org.joda.time.Minutes_ESTest.test12
BaseSingleFieldPeriod.java,org.joda.time.base.BaseSingleFieldPeriod,org.pitest.mutationtest.engine.gregor.mutators.ReturnValsMutator,toPeriod,271,KILLED,org.joda.time.Minutes_ESTest.test12
BaseSingleFieldPeriod.java,org.joda.time.base.BaseSingleFieldPeriod,org.pitest.mutationtest.engine.gregor.mutators.experimental.NakedReceiverMutator,toPeriod,271,KILLED,org.joda.time.Minutes_ESTest.test12
