DateTimeFormatterBuilder.java,org.joda.time.format.DateTimeFormatterBuilder,org.pitest.mutationtest.engine.gregor.mutators.ConstructorCallMutator,<init>,84,KILLED,RegressionTest3.test1835(RegressionTest3)
DateTimeFormatterBuilder.java,org.joda.time.format.DateTimeFormatterBuilder,org.pitest.mutationtest.engine.gregor.mutators.experimental.MemberVariableMutator,<init>,84,KILLED,RegressionTest3.test1835(RegressionTest3)
DateTimeFormatterBuilder.java,org.joda.time.format.DateTimeFormatterBuilder,org.pitest.mutationtest.engine.gregor.mutators.ConstructorCallMutator,append,210,KILLED,RegressionTest0.test0008(RegressionTest0)
DateTimeFormatterBuilder.java,org.joda.time.format.DateTimeFormatterBuilder,org.pitest.mutationtest.engine.gregor.mutators.NegateConditionalsMutator,append,209,KILLED,RegressionTest0.test0039(RegressionTest0)
DateTimeFormatterBuilder.java,org.joda.time.format.DateTimeFormatterBuilder,org.pitest.mutationtest.engine.gregor.mutators.NonVoidMethodCallMutator,append,212,SURVIVED,none
DateTimeFormatterBuilder.java,org.joda.time.format.DateTimeFormatterBuilder,org.pitest.mutationtest.engine.gregor.mutators.NonVoidMethodCallMutator,append,212,SURVIVED,none
DateTimeFormatterBuilder.java,org.joda.time.format.DateTimeFormatterBuilder,org.pitest.mutationtest.engine.gregor.mutators.NonVoidMethodCallMutator,append,212,KILLED,RegressionTest0.test0039(RegressionTest0)
DateTimeFormatterBuilder.java,org.joda.time.format.DateTimeFormatterBuilder,org.pitest.mutationtest.engine.gregor.mutators.NullReturnValsMutator,append,212,KILLED,RegressionTest0.test0039(RegressionTest0)
DateTimeFormatterBuilder.java,org.joda.time.format.DateTimeFormatterBuilder,org.pitest.mutationtest.engine.gregor.mutators.RemoveConditionalMutator_EQUAL_ELSE,append,209,KILLED,RegressionTest0.test0008(RegressionTest0)
DateTimeFormatterBuilder.java,org.joda.time.format.DateTimeFormatterBuilder,org.pitest.mutationtest.engine.gregor.mutators.RemoveConditionalMutator_EQUAL_IF,append,209,KILLED,RegressionTest0.test0039(RegressionTest0)
DateTimeFormatterBuilder.java,org.joda.time.format.DateTimeFormatterBuilder,org.pitest.mutationtest.engine.gregor.mutators.ReturnValsMutator,append,212,KILLED,RegressionTest0.test0039(RegressionTest0)
DateTimeFormatterBuilder.java,org.joda.time.format.DateTimeFormatterBuilder,org.pitest.mutationtest.engine.gregor.mutators.experimental.NakedReceiverMutator,append,212,SURVIVED,none
DateTimeFormatterBuilder.java,org.joda.time.format.DateTimeFormatterBuilder,org.pitest.mutationtest.engine.gregor.mutators.NonVoidMethodCallMutator,append,238,KILLED,RegressionTest1.test0541(RegressionTest1)
DateTimeFormatterBuilder.java,org.joda.time.format.DateTimeFormatterBuilder,org.pitest.mutationtest.engine.gregor.mutators.NullReturnValsMutator,append,238,KILLED,RegressionTest1.test0541(RegressionTest1)
DateTimeFormatterBuilder.java,org.joda.time.format.DateTimeFormatterBuilder,org.pitest.mutationtest.engine.gregor.mutators.ReturnValsMutator,append,238,KILLED,RegressionTest1.test0541(RegressionTest1)
DateTimeFormatterBuilder.java,org.joda.time.format.DateTimeFormatterBuilder,org.pitest.mutationtest.engine.gregor.mutators.VoidMethodCallMutator,append,237,KILLED,RegressionTest0.test0244(RegressionTest0)
DateTimeFormatterBuilder.java,org.joda.time.format.DateTimeFormatterBuilder,org.pitest.mutationtest.engine.gregor.mutators.experimental.NakedReceiverMutator,append,238,SURVIVED,none
DateTimeFormatterBuilder.java,org.joda.time.format.DateTimeFormatterBuilder,org.pitest.mutationtest.engine.gregor.mutators.NonVoidMethodCallMutator,append,225,KILLED,RegressionTest3.test1534(RegressionTest3)
DateTimeFormatterBuilder.java,org.joda.time.format.DateTimeFormatterBuilder,org.pitest.mutationtest.engine.gregor.mutators.NullReturnValsMutator,append,225,KILLED,RegressionTest3.test1534(RegressionTest3)
DateTimeFormatterBuilder.java,org.joda.time.format.DateTimeFormatterBuilder,org.pitest.mutationtest.engine.gregor.mutators.ReturnValsMutator,append,225,KILLED,RegressionTest3.test1534(RegressionTest3)
DateTimeFormatterBuilder.java,org.joda.time.format.DateTimeFormatterBuilder,org.pitest.mutationtest.engine.gregor.mutators.VoidMethodCallMutator,append,224,SURVIVED,none
DateTimeFormatterBuilder.java,org.joda.time.format.DateTimeFormatterBuilder,org.pitest.mutationtest.engine.gregor.mutators.experimental.NakedReceiverMutator,append,225,SURVIVED,none
DateTimeFormatterBuilder.java,org.joda.time.format.DateTimeFormatterBuilder,org.pitest.mutationtest.engine.gregor.mutators.NonVoidMethodCallMutator,append,252,KILLED,RegressionTest3.test1615(RegressionTest3)
DateTimeFormatterBuilder.java,org.joda.time.format.DateTimeFormatterBuilder,org.pitest.mutationtest.engine.gregor.mutators.NullReturnValsMutator,append,252,KILLED,RegressionTest3.test1615(RegressionTest3)
DateTimeFormatterBuilder.java,org.joda.time.format.DateTimeFormatterBuilder,org.pitest.mutationtest.engine.gregor.mutators.ReturnValsMutator,append,252,KILLED,RegressionTest3.test1615(RegressionTest3)
DateTimeFormatterBuilder.java,org.joda.time.format.DateTimeFormatterBuilder,org.pitest.mutationtest.engine.gregor.mutators.VoidMethodCallMutator,append,250,KILLED,RegressionTest3.test1751(RegressionTest3)
DateTimeFormatterBuilder.java,org.joda.time.format.DateTimeFormatterBuilder,org.pitest.mutationtest.engine.gregor.mutators.VoidMethodCallMutator,append,251,KILLED,RegressionTest3.test1817(RegressionTest3)
DateTimeFormatterBuilder.java,org.joda.time.format.DateTimeFormatterBuilder,org.pitest.mutationtest.engine.gregor.mutators.experimental.NakedReceiverMutator,append,252,SURVIVED,none
DateTimeFormatterBuilder.java,org.joda.time.format.DateTimeFormatterBuilder,org.pitest.mutationtest.engine.gregor.mutators.ConditionalsBoundaryMutator,append,289,KILLED,RegressionTest1.test0802(RegressionTest1)
DateTimeFormatterBuilder.java,org.joda.time.format.DateTimeFormatterBuilder,org.pitest.mutationtest.engine.gregor.mutators.ConstructorCallMutator,append,277,KILLED,RegressionTest3.test1727(RegressionTest3)
DateTimeFormatterBuilder.java,org.joda.time.format.DateTimeFormatterBuilder,org.pitest.mutationtest.engine.gregor.mutators.ConstructorCallMutator,append,282,KILLED,RegressionTest0.test0004(RegressionTest0)
DateTimeFormatterBuilder.java,org.joda.time.format.DateTimeFormatterBuilder,org.pitest.mutationtest.engine.gregor.mutators.ConstructorCallMutator,append,291,NO_COVERAGE,none
DateTimeFormatterBuilder.java,org.joda.time.format.DateTimeFormatterBuilder,org.pitest.mutationtest.engine.gregor.mutators.ConstructorCallMutator,append,296,SURVIVED,none
DateTimeFormatterBuilder.java,org.joda.time.format.DateTimeFormatterBuilder,org.pitest.mutationtest.engine.gregor.mutators.IncrementsMutator,append,289,KILLED,RegressionTest1.test0802(RegressionTest1)
DateTimeFormatterBuilder.java,org.joda.time.format.DateTimeFormatterBuilder,org.pitest.mutationtest.engine.gregor.mutators.InlineConstantMutator,append,280,KILLED,RegressionTest0.test0004(RegressionTest0)
DateTimeFormatterBuilder.java,org.joda.time.format.DateTimeFormatterBuilder,org.pitest.mutationtest.engine.gregor.mutators.InlineConstantMutator,append,281,KILLED,RegressionTest3.test1808(RegressionTest3)
DateTimeFormatterBuilder.java,org.joda.time.format.DateTimeFormatterBuilder,org.pitest.mutationtest.engine.gregor.mutators.InlineConstantMutator,append,284,KILLED,RegressionTest3.test1808(RegressionTest3)
DateTimeFormatterBuilder.java,org.joda.time.format.DateTimeFormatterBuilder,org.pitest.mutationtest.engine.gregor.mutators.InlineConstantMutator,append,289,SURVIVED,none
DateTimeFormatterBuilder.java,org.joda.time.format.DateTimeFormatterBuilder,org.pitest.mutationtest.engine.gregor.mutators.InlineConstantMutator,append,289,KILLED,RegressionTest1.test0802(RegressionTest1)
DateTimeFormatterBuilder.java,org.joda.time.format.DateTimeFormatterBuilder,org.pitest.mutationtest.engine.gregor.mutators.MathMutator,append,289,KILLED,RegressionTest1.test0802(RegressionTest1)
DateTimeFormatterBuilder.java,org.joda.time.format.DateTimeFormatterBuilder,org.pitest.mutationtest.engine.gregor.mutators.NegateConditionalsMutator,append,273,KILLED,RegressionTest2.test1223(RegressionTest2)
DateTimeFormatterBuilder.java,org.joda.time.format.DateTimeFormatterBuilder,org.pitest.mutationtest.engine.gregor.mutators.NegateConditionalsMutator,append,276,KILLED,RegressionTest3.test1808(RegressionTest3)
DateTimeFormatterBuilder.java,org.joda.time.format.DateTimeFormatterBuilder,org.pitest.mutationtest.engine.gregor.mutators.NegateConditionalsMutator,append,280,KILLED,RegressionTest0.test0004(RegressionTest0)
DateTimeFormatterBuilder.java,org.joda.time.format.DateTimeFormatterBuilder,org.pitest.mutationtest.engine.gregor.mutators.NegateConditionalsMutator,append,281,KILLED,RegressionTest3.test1808(RegressionTest3)
DateTimeFormatterBuilder.java,org.joda.time.format.DateTimeFormatterBuilder,org.pitest.mutationtest.engine.gregor.mutators.NegateConditionalsMutator,append,289,SURVIVED,none
DateTimeFormatterBuilder.java,org.joda.time.format.DateTimeFormatterBuilder,org.pitest.mutationtest.engine.gregor.mutators.NegateConditionalsMutator,append,290,KILLED,RegressionTest1.test0802(RegressionTest1)
DateTimeFormatterBuilder.java,org.joda.time.format.DateTimeFormatterBuilder,org.pitest.mutationtest.engine.gregor.mutators.NonVoidMethodCallMutator,append,284,KILLED,RegressionTest3.test1808(RegressionTest3)
DateTimeFormatterBuilder.java,org.joda.time.format.DateTimeFormatterBuilder,org.pitest.mutationtest.engine.gregor.mutators.NonVoidMethodCallMutator,append,296,KILLED,RegressionTest1.test0802(RegressionTest1)
DateTimeFormatterBuilder.java,org.joda.time.format.DateTimeFormatterBuilder,org.pitest.mutationtest.engine.gregor.mutators.NullReturnValsMutator,append,284,KILLED,RegressionTest3.test1808(RegressionTest3)
DateTimeFormatterBuilder.java,org.joda.time.format.DateTimeFormatterBuilder,org.pitest.mutationtest.engine.gregor.mutators.NullReturnValsMutator,append,296,KILLED,RegressionTest1.test0802(RegressionTest1)
DateTimeFormatterBuilder.java,org.joda.time.format.DateTimeFormatterBuilder,org.pitest.mutationtest.engine.gregor.mutators.RemoveConditionalMutator_EQUAL_ELSE,append,273,SURVIVED,none
DateTimeFormatterBuilder.java,org.joda.time.format.DateTimeFormatterBuilder,org.pitest.mutationtest.engine.gregor.mutators.RemoveConditionalMutator_EQUAL_ELSE,append,276,KILLED,RegressionTest3.test1727(RegressionTest3)
DateTimeFormatterBuilder.java,org.joda.time.format.DateTimeFormatterBuilder,org.pitest.mutationtest.engine.gregor.mutators.RemoveConditionalMutator_EQUAL_ELSE,append,280,KILLED,RegressionTest0.test0004(RegressionTest0)
DateTimeFormatterBuilder.java,org.joda.time.format.DateTimeFormatterBuilder,org.pitest.mutationtest.engine.gregor.mutators.RemoveConditionalMutator_EQUAL_ELSE,append,281,KILLED,RegressionTest0.test0004(RegressionTest0)
DateTimeFormatterBuilder.java,org.joda.time.format.DateTimeFormatterBuilder,org.pitest.mutationtest.engine.gregor.mutators.RemoveConditionalMutator_EQUAL_ELSE,append,290,SURVIVED,none
DateTimeFormatterBuilder.java,org.joda.time.format.DateTimeFormatterBuilder,org.pitest.mutationtest.engine.gregor.mutators.RemoveConditionalMutator_EQUAL_IF,append,273,KILLED,RegressionTest2.test1223(RegressionTest2)
DateTimeFormatterBuilder.java,org.joda.time.format.DateTimeFormatterBuilder,org.pitest.mutationtest.engine.gregor.mutators.RemoveConditionalMutator_EQUAL_IF,append,276,KILLED,RegressionTest3.test1808(RegressionTest3)
DateTimeFormatterBuilder.java,org.joda.time.format.DateTimeFormatterBuilder,org.pitest.mutationtest.engine.gregor.mutators.RemoveConditionalMutator_EQUAL_IF,append,280,SURVIVED,none
DateTimeFormatterBuilder.java,org.joda.time.format.DateTimeFormatterBuilder,org.pitest.mutationtest.engine.gregor.mutators.RemoveConditionalMutator_EQUAL_IF,append,281,KILLED,RegressionTest3.test1808(RegressionTest3)
DateTimeFormatterBuilder.java,org.joda.time.format.DateTimeFormatterBuilder,org.pitest.mutationtest.engine.gregor.mutators.RemoveConditionalMutator_EQUAL_IF,append,290,KILLED,RegressionTest1.test0802(RegressionTest1)
DateTimeFormatterBuilder.java,org.joda.time.format.DateTimeFormatterBuilder,org.pitest.mutationtest.engine.gregor.mutators.RemoveConditionalMutator_ORDER_ELSE,append,289,SURVIVED,none
DateTimeFormatterBuilder.java,org.joda.time.format.DateTimeFormatterBuilder,org.pitest.mutationtest.engine.gregor.mutators.RemoveConditionalMutator_ORDER_IF,append,289,KILLED,RegressionTest1.test0802(RegressionTest1)
DateTimeFormatterBuilder.java,org.joda.time.format.DateTimeFormatterBuilder,org.pitest.mutationtest.engine.gregor.mutators.ReturnValsMutator,append,284,KILLED,RegressionTest3.test1808(RegressionTest3)
DateTimeFormatterBuilder.java,org.joda.time.format.DateTimeFormatterBuilder,org.pitest.mutationtest.engine.gregor.mutators.ReturnValsMutator,append,296,KILLED,RegressionTest1.test0802(RegressionTest1)
DateTimeFormatterBuilder.java,org.joda.time.format.DateTimeFormatterBuilder,org.pitest.mutationtest.engine.gregor.mutators.VoidMethodCallMutator,append,274,SURVIVED,none
DateTimeFormatterBuilder.java,org.joda.time.format.DateTimeFormatterBuilder,org.pitest.mutationtest.engine.gregor.mutators.experimental.NakedReceiverMutator,append,284,SURVIVED,none
DateTimeFormatterBuilder.java,org.joda.time.format.DateTimeFormatterBuilder,org.pitest.mutationtest.engine.gregor.mutators.experimental.NakedReceiverMutator,append,296,SURVIVED,none
DateTimeFormatterBuilder.java,org.joda.time.format.DateTimeFormatterBuilder,org.pitest.mutationtest.engine.gregor.mutators.NonVoidMethodCallMutator,append0,338,KILLED,RegressionTest0.test0114(RegressionTest0)
DateTimeFormatterBuilder.java,org.joda.time.format.DateTimeFormatterBuilder,org.pitest.mutationtest.engine.gregor.mutators.NonVoidMethodCallMutator,append0,339,KILLED,RegressionTest0.test0114(RegressionTest0)
DateTimeFormatterBuilder.java,org.joda.time.format.DateTimeFormatterBuilder,org.pitest.mutationtest.engine.gregor.mutators.NullReturnValsMutator,append0,340,KILLED,RegressionTest3.test1835(RegressionTest3)
DateTimeFormatterBuilder.java,org.joda.time.format.DateTimeFormatterBuilder,org.pitest.mutationtest.engine.gregor.mutators.ReturnValsMutator,append0,340,KILLED,RegressionTest3.test1835(RegressionTest3)
DateTimeFormatterBuilder.java,org.joda.time.format.DateTimeFormatterBuilder,org.pitest.mutationtest.engine.gregor.mutators.experimental.MemberVariableMutator,append0,336,KILLED,RegressionTest0.test0409(RegressionTest0)
DateTimeFormatterBuilder.java,org.joda.time.format.DateTimeFormatterBuilder,org.pitest.mutationtest.engine.gregor.mutators.NonVoidMethodCallMutator,append0,346,KILLED,RegressionTest0.test0114(RegressionTest0)
DateTimeFormatterBuilder.java,org.joda.time.format.DateTimeFormatterBuilder,org.pitest.mutationtest.engine.gregor.mutators.NonVoidMethodCallMutator,append0,347,KILLED,RegressionTest0.test0114(RegressionTest0)
DateTimeFormatterBuilder.java,org.joda.time.format.DateTimeFormatterBuilder,org.pitest.mutationtest.engine.gregor.mutators.NullReturnValsMutator,append0,348,KILLED,RegressionTest1.test0909(RegressionTest1)
DateTimeFormatterBuilder.java,org.joda.time.format.DateTimeFormatterBuilder,org.pitest.mutationtest.engine.gregor.mutators.ReturnValsMutator,append0,348,KILLED,RegressionTest1.test0909(RegressionTest1)
DateTimeFormatterBuilder.java,org.joda.time.format.DateTimeFormatterBuilder,org.pitest.mutationtest.engine.gregor.mutators.experimental.MemberVariableMutator,append0,345,KILLED,RegressionTest3.test1514(RegressionTest3)
DateTimeFormatterBuilder.java,org.joda.time.format.DateTimeFormatterBuilder,org.pitest.mutationtest.engine.gregor.mutators.NonVoidMethodCallMutator,appendCenturyOfEra,907,KILLED,RegressionTest1.test0895(RegressionTest1)
DateTimeFormatterBuilder.java,org.joda.time.format.DateTimeFormatterBuilder,org.pitest.mutationtest.engine.gregor.mutators.NonVoidMethodCallMutator,appendCenturyOfEra,907,KILLED,RegressionTest1.test0895(RegressionTest1)
DateTimeFormatterBuilder.java,org.joda.time.format.DateTimeFormatterBuilder,org.pitest.mutationtest.engine.gregor.mutators.NullReturnValsMutator,appendCenturyOfEra,907,KILLED,RegressionTest1.test0895(RegressionTest1)
DateTimeFormatterBuilder.java,org.joda.time.format.DateTimeFormatterBuilder,org.pitest.mutationtest.engine.gregor.mutators.ReturnValsMutator,appendCenturyOfEra,907,KILLED,RegressionTest1.test0895(RegressionTest1)
DateTimeFormatterBuilder.java,org.joda.time.format.DateTimeFormatterBuilder,org.pitest.mutationtest.engine.gregor.mutators.experimental.NakedReceiverMutator,appendCenturyOfEra,907,KILLED,RegressionTest1.test0886(RegressionTest1)
DateTimeFormatterBuilder.java,org.joda.time.format.DateTimeFormatterBuilder,org.pitest.mutationtest.engine.gregor.mutators.InlineConstantMutator,appendClockhourOfDay,697,SURVIVED,none
DateTimeFormatterBuilder.java,org.joda.time.format.DateTimeFormatterBuilder,org.pitest.mutationtest.engine.gregor.mutators.NonVoidMethodCallMutator,appendClockhourOfDay,697,KILLED,RegressionTest1.test0660(RegressionTest1)
DateTimeFormatterBuilder.java,org.joda.time.format.DateTimeFormatterBuilder,org.pitest.mutationtest.engine.gregor.mutators.NonVoidMethodCallMutator,appendClockhourOfDay,697,KILLED,RegressionTest1.test0660(RegressionTest1)
DateTimeFormatterBuilder.java,org.joda.time.format.DateTimeFormatterBuilder,org.pitest.mutationtest.engine.gregor.mutators.NullReturnValsMutator,appendClockhourOfDay,697,KILLED,RegressionTest1.test0660(RegressionTest1)
DateTimeFormatterBuilder.java,org.joda.time.format.DateTimeFormatterBuilder,org.pitest.mutationtest.engine.gregor.mutators.ReturnValsMutator,appendClockhourOfDay,697,KILLED,RegressionTest1.test0660(RegressionTest1)
DateTimeFormatterBuilder.java,org.joda.time.format.DateTimeFormatterBuilder,org.pitest.mutationtest.engine.gregor.mutators.experimental.NakedReceiverMutator,appendClockhourOfDay,697,KILLED,RegressionTest3.test1876(RegressionTest3)
DateTimeFormatterBuilder.java,org.joda.time.format.DateTimeFormatterBuilder,org.pitest.mutationtest.engine.gregor.mutators.InlineConstantMutator,appendClockhourOfHalfday,717,SURVIVED,none
DateTimeFormatterBuilder.java,org.joda.time.format.DateTimeFormatterBuilder,org.pitest.mutationtest.engine.gregor.mutators.NonVoidMethodCallMutator,appendClockhourOfHalfday,717,KILLED,RegressionTest3.test1888(RegressionTest3)
DateTimeFormatterBuilder.java,org.joda.time.format.DateTimeFormatterBuilder,org.pitest.mutationtest.engine.gregor.mutators.NonVoidMethodCallMutator,appendClockhourOfHalfday,717,KILLED,RegressionTest1.test0964(RegressionTest1)
DateTimeFormatterBuilder.java,org.joda.time.format.DateTimeFormatterBuilder,org.pitest.mutationtest.engine.gregor.mutators.NullReturnValsMutator,appendClockhourOfHalfday,717,KILLED,RegressionTest3.test1888(RegressionTest3)
DateTimeFormatterBuilder.java,org.joda.time.format.DateTimeFormatterBuilder,org.pitest.mutationtest.engine.gregor.mutators.ReturnValsMutator,appendClockhourOfHalfday,717,KILLED,RegressionTest3.test1888(RegressionTest3)
DateTimeFormatterBuilder.java,org.joda.time.format.DateTimeFormatterBuilder,org.pitest.mutationtest.engine.gregor.mutators.experimental.NakedReceiverMutator,appendClockhourOfHalfday,717,KILLED,RegressionTest1.test0964(RegressionTest1)
DateTimeFormatterBuilder.java,org.joda.time.format.DateTimeFormatterBuilder,org.pitest.mutationtest.engine.gregor.mutators.InlineConstantMutator,appendDayOfMonth,737,SURVIVED,none
DateTimeFormatterBuilder.java,org.joda.time.format.DateTimeFormatterBuilder,org.pitest.mutationtest.engine.gregor.mutators.NonVoidMethodCallMutator,appendDayOfMonth,737,KILLED,RegressionTest0.test0070(RegressionTest0)
DateTimeFormatterBuilder.java,org.joda.time.format.DateTimeFormatterBuilder,org.pitest.mutationtest.engine.gregor.mutators.NonVoidMethodCallMutator,appendDayOfMonth,737,KILLED,RegressionTest0.test0070(RegressionTest0)
DateTimeFormatterBuilder.java,org.joda.time.format.DateTimeFormatterBuilder,org.pitest.mutationtest.engine.gregor.mutators.NullReturnValsMutator,appendDayOfMonth,737,KILLED,RegressionTest0.test0070(RegressionTest0)
DateTimeFormatterBuilder.java,org.joda.time.format.DateTimeFormatterBuilder,org.pitest.mutationtest.engine.gregor.mutators.ReturnValsMutator,appendDayOfMonth,737,KILLED,RegressionTest0.test0070(RegressionTest0)
DateTimeFormatterBuilder.java,org.joda.time.format.DateTimeFormatterBuilder,org.pitest.mutationtest.engine.gregor.mutators.experimental.NakedReceiverMutator,appendDayOfMonth,737,KILLED,RegressionTest0.test0353(RegressionTest0)
DateTimeFormatterBuilder.java,org.joda.time.format.DateTimeFormatterBuilder,org.pitest.mutationtest.engine.gregor.mutators.InlineConstantMutator,appendDayOfWeek,727,KILLED,RegressionTest3.test1757(RegressionTest3)
DateTimeFormatterBuilder.java,org.joda.time.format.DateTimeFormatterBuilder,org.pitest.mutationtest.engine.gregor.mutators.NonVoidMethodCallMutator,appendDayOfWeek,727,KILLED,RegressionTest3.test1591(RegressionTest3)
DateTimeFormatterBuilder.java,org.joda.time.format.DateTimeFormatterBuilder,org.pitest.mutationtest.engine.gregor.mutators.NonVoidMethodCallMutator,appendDayOfWeek,727,KILLED,RegressionTest3.test1591(RegressionTest3)
DateTimeFormatterBuilder.java,org.joda.time.format.DateTimeFormatterBuilder,org.pitest.mutationtest.engine.gregor.mutators.NullReturnValsMutator,appendDayOfWeek,727,KILLED,RegressionTest3.test1591(RegressionTest3)
DateTimeFormatterBuilder.java,org.joda.time.format.DateTimeFormatterBuilder,org.pitest.mutationtest.engine.gregor.mutators.ReturnValsMutator,appendDayOfWeek,727,KILLED,RegressionTest3.test1591(RegressionTest3)
DateTimeFormatterBuilder.java,org.joda.time.format.DateTimeFormatterBuilder,org.pitest.mutationtest.engine.gregor.mutators.experimental.NakedReceiverMutator,appendDayOfWeek,727,KILLED,RegressionTest1.test0663(RegressionTest1)
DateTimeFormatterBuilder.java,org.joda.time.format.DateTimeFormatterBuilder,org.pitest.mutationtest.engine.gregor.mutators.NonVoidMethodCallMutator,appendDayOfWeekShortText,938,KILLED,RegressionTest3.test1870(RegressionTest3)
DateTimeFormatterBuilder.java,org.joda.time.format.DateTimeFormatterBuilder,org.pitest.mutationtest.engine.gregor.mutators.NonVoidMethodCallMutator,appendDayOfWeekShortText,938,KILLED,RegressionTest3.test1870(RegressionTest3)
DateTimeFormatterBuilder.java,org.joda.time.format.DateTimeFormatterBuilder,org.pitest.mutationtest.engine.gregor.mutators.NullReturnValsMutator,appendDayOfWeekShortText,938,KILLED,RegressionTest3.test1870(RegressionTest3)
DateTimeFormatterBuilder.java,org.joda.time.format.DateTimeFormatterBuilder,org.pitest.mutationtest.engine.gregor.mutators.ReturnValsMutator,appendDayOfWeekShortText,938,KILLED,RegressionTest3.test1870(RegressionTest3)
DateTimeFormatterBuilder.java,org.joda.time.format.DateTimeFormatterBuilder,org.pitest.mutationtest.engine.gregor.mutators.experimental.NakedReceiverMutator,appendDayOfWeekShortText,938,SURVIVED,none
DateTimeFormatterBuilder.java,org.joda.time.format.DateTimeFormatterBuilder,org.pitest.mutationtest.engine.gregor.mutators.NonVoidMethodCallMutator,appendDayOfWeekText,927,KILLED,RegressionTest2.test1167(RegressionTest2)
DateTimeFormatterBuilder.java,org.joda.time.format.DateTimeFormatterBuilder,org.pitest.mutationtest.engine.gregor.mutators.NonVoidMethodCallMutator,appendDayOfWeekText,927,KILLED,RegressionTest2.test1167(RegressionTest2)
DateTimeFormatterBuilder.java,org.joda.time.format.DateTimeFormatterBuilder,org.pitest.mutationtest.engine.gregor.mutators.NullReturnValsMutator,appendDayOfWeekText,927,KILLED,RegressionTest2.test1167(RegressionTest2)
DateTimeFormatterBuilder.java,org.joda.time.format.DateTimeFormatterBuilder,org.pitest.mutationtest.engine.gregor.mutators.ReturnValsMutator,appendDayOfWeekText,927,KILLED,RegressionTest2.test1167(RegressionTest2)
DateTimeFormatterBuilder.java,org.joda.time.format.DateTimeFormatterBuilder,org.pitest.mutationtest.engine.gregor.mutators.experimental.NakedReceiverMutator,appendDayOfWeekText,927,SURVIVED,none
DateTimeFormatterBuilder.java,org.joda.time.format.DateTimeFormatterBuilder,org.pitest.mutationtest.engine.gregor.mutators.InlineConstantMutator,appendDayOfYear,747,SURVIVED,none
DateTimeFormatterBuilder.java,org.joda.time.format.DateTimeFormatterBuilder,org.pitest.mutationtest.engine.gregor.mutators.NonVoidMethodCallMutator,appendDayOfYear,747,KILLED,RegressionTest3.test1870(RegressionTest3)
DateTimeFormatterBuilder.java,org.joda.time.format.DateTimeFormatterBuilder,org.pitest.mutationtest.engine.gregor.mutators.NonVoidMethodCallMutator,appendDayOfYear,747,KILLED,RegressionTest3.test1870(RegressionTest3)
DateTimeFormatterBuilder.java,org.joda.time.format.DateTimeFormatterBuilder,org.pitest.mutationtest.engine.gregor.mutators.NullReturnValsMutator,appendDayOfYear,747,KILLED,RegressionTest3.test1870(RegressionTest3)
DateTimeFormatterBuilder.java,org.joda.time.format.DateTimeFormatterBuilder,org.pitest.mutationtest.engine.gregor.mutators.ReturnValsMutator,appendDayOfYear,747,KILLED,RegressionTest3.test1870(RegressionTest3)
DateTimeFormatterBuilder.java,org.joda.time.format.DateTimeFormatterBuilder,org.pitest.mutationtest.engine.gregor.mutators.experimental.NakedReceiverMutator,appendDayOfYear,747,KILLED,RegressionTest3.test1813(RegressionTest3)
DateTimeFormatterBuilder.java,org.joda.time.format.DateTimeFormatterBuilder,org.pitest.mutationtest.engine.gregor.mutators.ConditionalsBoundaryMutator,appendDecimal,399,SURVIVED,none
DateTimeFormatterBuilder.java,org.joda.time.format.DateTimeFormatterBuilder,org.pitest.mutationtest.engine.gregor.mutators.ConditionalsBoundaryMutator,appendDecimal,402,KILLED,RegressionTest3.test1870(RegressionTest3)
DateTimeFormatterBuilder.java,org.joda.time.format.DateTimeFormatterBuilder,org.pitest.mutationtest.engine.gregor.mutators.ConditionalsBoundaryMutator,appendDecimal,402,KILLED,RegressionTest0.test0112(RegressionTest0)
DateTimeFormatterBuilder.java,org.joda.time.format.DateTimeFormatterBuilder,org.pitest.mutationtest.engine.gregor.mutators.ConditionalsBoundaryMutator,appendDecimal,405,SURVIVED,none
DateTimeFormatterBuilder.java,org.joda.time.format.DateTimeFormatterBuilder,org.pitest.mutationtest.engine.gregor.mutators.ConstructorCallMutator,appendDecimal,397,KILLED,RegressionTest1.test0735(RegressionTest1)
DateTimeFormatterBuilder.java,org.joda.time.format.DateTimeFormatterBuilder,org.pitest.mutationtest.engine.gregor.mutators.ConstructorCallMutator,appendDecimal,403,KILLED,RegressionTest0.test0112(RegressionTest0)
DateTimeFormatterBuilder.java,org.joda.time.format.DateTimeFormatterBuilder,org.pitest.mutationtest.engine.gregor.mutators.ConstructorCallMutator,appendDecimal,406,SURVIVED,none
DateTimeFormatterBuilder.java,org.joda.time.format.DateTimeFormatterBuilder,org.pitest.mutationtest.engine.gregor.mutators.ConstructorCallMutator,appendDecimal,408,SURVIVED,none
DateTimeFormatterBuilder.java,org.joda.time.format.DateTimeFormatterBuilder,org.pitest.mutationtest.engine.gregor.mutators.InlineConstantMutator,appendDecimal,405,SURVIVED,none
DateTimeFormatterBuilder.java,org.joda.time.format.DateTimeFormatterBuilder,org.pitest.mutationtest.engine.gregor.mutators.InlineConstantMutator,appendDecimal,406,SURVIVED,none
DateTimeFormatterBuilder.java,org.joda.time.format.DateTimeFormatterBuilder,org.pitest.mutationtest.engine.gregor.mutators.InlineConstantMutator,appendDecimal,408,SURVIVED,none
DateTimeFormatterBuilder.java,org.joda.time.format.DateTimeFormatterBuilder,org.pitest.mutationtest.engine.gregor.mutators.NegateConditionalsMutator,appendDecimal,396,KILLED,RegressionTest3.test1870(RegressionTest3)
DateTimeFormatterBuilder.java,org.joda.time.format.DateTimeFormatterBuilder,org.pitest.mutationtest.engine.gregor.mutators.NegateConditionalsMutator,appendDecimal,399,KILLED,RegressionTest3.test1870(RegressionTest3)
DateTimeFormatterBuilder.java,org.joda.time.format.DateTimeFormatterBuilder,org.pitest.mutationtest.engine.gregor.mutators.NegateConditionalsMutator,appendDecimal,402,KILLED,RegressionTest3.test1870(RegressionTest3)
DateTimeFormatterBuilder.java,org.joda.time.format.DateTimeFormatterBuilder,org.pitest.mutationtest.engine.gregor.mutators.NegateConditionalsMutator,appendDecimal,402,KILLED,RegressionTest3.test1870(RegressionTest3)
DateTimeFormatterBuilder.java,org.joda.time.format.DateTimeFormatterBuilder,org.pitest.mutationtest.engine.gregor.mutators.NegateConditionalsMutator,appendDecimal,405,SURVIVED,none
DateTimeFormatterBuilder.java,org.joda.time.format.DateTimeFormatterBuilder,org.pitest.mutationtest.engine.gregor.mutators.NonVoidMethodCallMutator,appendDecimal,406,KILLED,RegressionTest3.test1870(RegressionTest3)
DateTimeFormatterBuilder.java,org.joda.time.format.DateTimeFormatterBuilder,org.pitest.mutationtest.engine.gregor.mutators.NonVoidMethodCallMutator,appendDecimal,408,KILLED,RegressionTest3.test1870(RegressionTest3)
DateTimeFormatterBuilder.java,org.joda.time.format.DateTimeFormatterBuilder,org.pitest.mutationtest.engine.gregor.mutators.NullReturnValsMutator,appendDecimal,406,KILLED,RegressionTest3.test1870(RegressionTest3)
DateTimeFormatterBuilder.java,org.joda.time.format.DateTimeFormatterBuilder,org.pitest.mutationtest.engine.gregor.mutators.NullReturnValsMutator,appendDecimal,408,KILLED,RegressionTest3.test1870(RegressionTest3)
DateTimeFormatterBuilder.java,org.joda.time.format.DateTimeFormatterBuilder,org.pitest.mutationtest.engine.gregor.mutators.RemoveConditionalMutator_EQUAL_ELSE,appendDecimal,396,KILLED,RegressionTest1.test0735(RegressionTest1)
DateTimeFormatterBuilder.java,org.joda.time.format.DateTimeFormatterBuilder,org.pitest.mutationtest.engine.gregor.mutators.RemoveConditionalMutator_EQUAL_IF,appendDecimal,396,KILLED,RegressionTest3.test1870(RegressionTest3)
DateTimeFormatterBuilder.java,org.joda.time.format.DateTimeFormatterBuilder,org.pitest.mutationtest.engine.gregor.mutators.RemoveConditionalMutator_ORDER_ELSE,appendDecimal,399,KILLED,RegressionTest1.test0860(RegressionTest1)
DateTimeFormatterBuilder.java,org.joda.time.format.DateTimeFormatterBuilder,org.pitest.mutationtest.engine.gregor.mutators.RemoveConditionalMutator_ORDER_ELSE,appendDecimal,402,KILLED,RegressionTest3.test1870(RegressionTest3)
DateTimeFormatterBuilder.java,org.joda.time.format.DateTimeFormatterBuilder,org.pitest.mutationtest.engine.gregor.mutators.RemoveConditionalMutator_ORDER_ELSE,appendDecimal,402,KILLED,RegressionTest0.test0112(RegressionTest0)
DateTimeFormatterBuilder.java,org.joda.time.format.DateTimeFormatterBuilder,org.pitest.mutationtest.engine.gregor.mutators.RemoveConditionalMutator_ORDER_ELSE,appendDecimal,405,SURVIVED,none
DateTimeFormatterBuilder.java,org.joda.time.format.DateTimeFormatterBuilder,org.pitest.mutationtest.engine.gregor.mutators.RemoveConditionalMutator_ORDER_IF,appendDecimal,399,KILLED,RegressionTest3.test1870(RegressionTest3)
DateTimeFormatterBuilder.java,org.joda.time.format.DateTimeFormatterBuilder,org.pitest.mutationtest.engine.gregor.mutators.RemoveConditionalMutator_ORDER_IF,appendDecimal,402,KILLED,RegressionTest1.test0964(RegressionTest1)
DateTimeFormatterBuilder.java,org.joda.time.format.DateTimeFormatterBuilder,org.pitest.mutationtest.engine.gregor.mutators.RemoveConditionalMutator_ORDER_IF,appendDecimal,402,KILLED,RegressionTest3.test1870(RegressionTest3)
DateTimeFormatterBuilder.java,org.joda.time.format.DateTimeFormatterBuilder,org.pitest.mutationtest.engine.gregor.mutators.RemoveConditionalMutator_ORDER_IF,appendDecimal,405,SURVIVED,none
DateTimeFormatterBuilder.java,org.joda.time.format.DateTimeFormatterBuilder,org.pitest.mutationtest.engine.gregor.mutators.ReturnValsMutator,appendDecimal,406,KILLED,RegressionTest3.test1870(RegressionTest3)
DateTimeFormatterBuilder.java,org.joda.time.format.DateTimeFormatterBuilder,org.pitest.mutationtest.engine.gregor.mutators.ReturnValsMutator,appendDecimal,408,KILLED,RegressionTest3.test1870(RegressionTest3)
DateTimeFormatterBuilder.java,org.joda.time.format.DateTimeFormatterBuilder,org.pitest.mutationtest.engine.gregor.mutators.experimental.NakedReceiverMutator,appendDecimal,406,SURVIVED,none
DateTimeFormatterBuilder.java,org.joda.time.format.DateTimeFormatterBuilder,org.pitest.mutationtest.engine.gregor.mutators.experimental.NakedReceiverMutator,appendDecimal,408,SURVIVED,none
DateTimeFormatterBuilder.java,org.joda.time.format.DateTimeFormatterBuilder,org.pitest.mutationtest.engine.gregor.mutators.NonVoidMethodCallMutator,appendEraText,969,KILLED,RegressionTest1.test0928(RegressionTest1)
DateTimeFormatterBuilder.java,org.joda.time.format.DateTimeFormatterBuilder,org.pitest.mutationtest.engine.gregor.mutators.NonVoidMethodCallMutator,appendEraText,969,KILLED,RegressionTest1.test0928(RegressionTest1)
DateTimeFormatterBuilder.java,org.joda.time.format.DateTimeFormatterBuilder,org.pitest.mutationtest.engine.gregor.mutators.NullReturnValsMutator,appendEraText,969,KILLED,RegressionTest1.test0928(RegressionTest1)
DateTimeFormatterBuilder.java,org.joda.time.format.DateTimeFormatterBuilder,org.pitest.mutationtest.engine.gregor.mutators.ReturnValsMutator,appendEraText,969,KILLED,RegressionTest1.test0928(RegressionTest1)
DateTimeFormatterBuilder.java,org.joda.time.format.DateTimeFormatterBuilder,org.pitest.mutationtest.engine.gregor.mutators.experimental.NakedReceiverMutator,appendEraText,969,SURVIVED,none
DateTimeFormatterBuilder.java,org.joda.time.format.DateTimeFormatterBuilder,org.pitest.mutationtest.engine.gregor.mutators.ConditionalsBoundaryMutator,appendFixedDecimal,429,NO_COVERAGE,none
DateTimeFormatterBuilder.java,org.joda.time.format.DateTimeFormatterBuilder,org.pitest.mutationtest.engine.gregor.mutators.ConstructorCallMutator,appendFixedDecimal,427,KILLED,RegressionTest2.test1411(RegressionTest2)
DateTimeFormatterBuilder.java,org.joda.time.format.DateTimeFormatterBuilder,org.pitest.mutationtest.engine.gregor.mutators.ConstructorCallMutator,appendFixedDecimal,430,NO_COVERAGE,none
DateTimeFormatterBuilder.java,org.joda.time.format.DateTimeFormatterBuilder,org.pitest.mutationtest.engine.gregor.mutators.ConstructorCallMutator,appendFixedDecimal,430,NO_COVERAGE,none
DateTimeFormatterBuilder.java,org.joda.time.format.DateTimeFormatterBuilder,org.pitest.mutationtest.engine.gregor.mutators.ConstructorCallMutator,appendFixedDecimal,432,NO_COVERAGE,none
DateTimeFormatterBuilder.java,org.joda.time.format.DateTimeFormatterBuilder,org.pitest.mutationtest.engine.gregor.mutators.InlineConstantMutator,appendFixedDecimal,432,NO_COVERAGE,none
DateTimeFormatterBuilder.java,org.joda.time.format.DateTimeFormatterBuilder,org.pitest.mutationtest.engine.gregor.mutators.NegateConditionalsMutator,appendFixedDecimal,426,KILLED,RegressionTest2.test1411(RegressionTest2)
DateTimeFormatterBuilder.java,org.joda.time.format.DateTimeFormatterBuilder,org.pitest.mutationtest.engine.gregor.mutators.NegateConditionalsMutator,appendFixedDecimal,429,NO_COVERAGE,none
DateTimeFormatterBuilder.java,org.joda.time.format.DateTimeFormatterBuilder,org.pitest.mutationtest.engine.gregor.mutators.NonVoidMethodCallMutator,appendFixedDecimal,430,NO_COVERAGE,none
DateTimeFormatterBuilder.java,org.joda.time.format.DateTimeFormatterBuilder,org.pitest.mutationtest.engine.gregor.mutators.NonVoidMethodCallMutator,appendFixedDecimal,430,NO_COVERAGE,none
DateTimeFormatterBuilder.java,org.joda.time.format.DateTimeFormatterBuilder,org.pitest.mutationtest.engine.gregor.mutators.NonVoidMethodCallMutator,appendFixedDecimal,430,NO_COVERAGE,none
DateTimeFormatterBuilder.java,org.joda.time.format.DateTimeFormatterBuilder,org.pitest.mutationtest.engine.gregor.mutators.NonVoidMethodCallMutator,appendFixedDecimal,432,NO_COVERAGE,none
DateTimeFormatterBuilder.java,org.joda.time.format.DateTimeFormatterBuilder,org.pitest.mutationtest.engine.gregor.mutators.NullReturnValsMutator,appendFixedDecimal,432,NO_COVERAGE,none
DateTimeFormatterBuilder.java,org.joda.time.format.DateTimeFormatterBuilder,org.pitest.mutationtest.engine.gregor.mutators.RemoveConditionalMutator_EQUAL_ELSE,appendFixedDecimal,426,KILLED,RegressionTest2.test1411(RegressionTest2)
DateTimeFormatterBuilder.java,org.joda.time.format.DateTimeFormatterBuilder,org.pitest.mutationtest.engine.gregor.mutators.RemoveConditionalMutator_EQUAL_IF,appendFixedDecimal,426,SURVIVED,none
DateTimeFormatterBuilder.java,org.joda.time.format.DateTimeFormatterBuilder,org.pitest.mutationtest.engine.gregor.mutators.RemoveConditionalMutator_ORDER_ELSE,appendFixedDecimal,429,NO_COVERAGE,none
DateTimeFormatterBuilder.java,org.joda.time.format.DateTimeFormatterBuilder,org.pitest.mutationtest.engine.gregor.mutators.RemoveConditionalMutator_ORDER_IF,appendFixedDecimal,429,NO_COVERAGE,none
DateTimeFormatterBuilder.java,org.joda.time.format.DateTimeFormatterBuilder,org.pitest.mutationtest.engine.gregor.mutators.ReturnValsMutator,appendFixedDecimal,432,NO_COVERAGE,none
DateTimeFormatterBuilder.java,org.joda.time.format.DateTimeFormatterBuilder,org.pitest.mutationtest.engine.gregor.mutators.experimental.NakedReceiverMutator,appendFixedDecimal,430,NO_COVERAGE,none
DateTimeFormatterBuilder.java,org.joda.time.format.DateTimeFormatterBuilder,org.pitest.mutationtest.engine.gregor.mutators.experimental.NakedReceiverMutator,appendFixedDecimal,430,NO_COVERAGE,none
DateTimeFormatterBuilder.java,org.joda.time.format.DateTimeFormatterBuilder,org.pitest.mutationtest.engine.gregor.mutators.experimental.NakedReceiverMutator,appendFixedDecimal,432,NO_COVERAGE,none
DateTimeFormatterBuilder.java,org.joda.time.format.DateTimeFormatterBuilder,org.pitest.mutationtest.engine.gregor.mutators.ConditionalsBoundaryMutator,appendFixedSignedDecimal,481,NO_COVERAGE,none
DateTimeFormatterBuilder.java,org.joda.time.format.DateTimeFormatterBuilder,org.pitest.mutationtest.engine.gregor.mutators.ConstructorCallMutator,appendFixedSignedDecimal,479,KILLED,RegressionTest2.test1061(RegressionTest2)
DateTimeFormatterBuilder.java,org.joda.time.format.DateTimeFormatterBuilder,org.pitest.mutationtest.engine.gregor.mutators.ConstructorCallMutator,appendFixedSignedDecimal,482,NO_COVERAGE,none
DateTimeFormatterBuilder.java,org.joda.time.format.DateTimeFormatterBuilder,org.pitest.mutationtest.engine.gregor.mutators.ConstructorCallMutator,appendFixedSignedDecimal,482,NO_COVERAGE,none
DateTimeFormatterBuilder.java,org.joda.time.format.DateTimeFormatterBuilder,org.pitest.mutationtest.engine.gregor.mutators.ConstructorCallMutator,appendFixedSignedDecimal,484,NO_COVERAGE,none
DateTimeFormatterBuilder.java,org.joda.time.format.DateTimeFormatterBuilder,org.pitest.mutationtest.engine.gregor.mutators.InlineConstantMutator,appendFixedSignedDecimal,484,NO_COVERAGE,none
DateTimeFormatterBuilder.java,org.joda.time.format.DateTimeFormatterBuilder,org.pitest.mutationtest.engine.gregor.mutators.NegateConditionalsMutator,appendFixedSignedDecimal,478,KILLED,RegressionTest2.test1061(RegressionTest2)
DateTimeFormatterBuilder.java,org.joda.time.format.DateTimeFormatterBuilder,org.pitest.mutationtest.engine.gregor.mutators.NegateConditionalsMutator,appendFixedSignedDecimal,481,NO_COVERAGE,none
DateTimeFormatterBuilder.java,org.joda.time.format.DateTimeFormatterBuilder,org.pitest.mutationtest.engine.gregor.mutators.NonVoidMethodCallMutator,appendFixedSignedDecimal,482,NO_COVERAGE,none
DateTimeFormatterBuilder.java,org.joda.time.format.DateTimeFormatterBuilder,org.pitest.mutationtest.engine.gregor.mutators.NonVoidMethodCallMutator,appendFixedSignedDecimal,482,NO_COVERAGE,none
DateTimeFormatterBuilder.java,org.joda.time.format.DateTimeFormatterBuilder,org.pitest.mutationtest.engine.gregor.mutators.NonVoidMethodCallMutator,appendFixedSignedDecimal,482,NO_COVERAGE,none
DateTimeFormatterBuilder.java,org.joda.time.format.DateTimeFormatterBuilder,org.pitest.mutationtest.engine.gregor.mutators.NonVoidMethodCallMutator,appendFixedSignedDecimal,484,NO_COVERAGE,none
DateTimeFormatterBuilder.java,org.joda.time.format.DateTimeFormatterBuilder,org.pitest.mutationtest.engine.gregor.mutators.NullReturnValsMutator,appendFixedSignedDecimal,484,NO_COVERAGE,none
DateTimeFormatterBuilder.java,org.joda.time.format.DateTimeFormatterBuilder,org.pitest.mutationtest.engine.gregor.mutators.RemoveConditionalMutator_EQUAL_ELSE,appendFixedSignedDecimal,478,KILLED,RegressionTest2.test1061(RegressionTest2)
DateTimeFormatterBuilder.java,org.joda.time.format.DateTimeFormatterBuilder,org.pitest.mutationtest.engine.gregor.mutators.RemoveConditionalMutator_EQUAL_IF,appendFixedSignedDecimal,478,SURVIVED,none
DateTimeFormatterBuilder.java,org.joda.time.format.DateTimeFormatterBuilder,org.pitest.mutationtest.engine.gregor.mutators.RemoveConditionalMutator_ORDER_ELSE,appendFixedSignedDecimal,481,NO_COVERAGE,none
DateTimeFormatterBuilder.java,org.joda.time.format.DateTimeFormatterBuilder,org.pitest.mutationtest.engine.gregor.mutators.RemoveConditionalMutator_ORDER_IF,appendFixedSignedDecimal,481,NO_COVERAGE,none
DateTimeFormatterBuilder.java,org.joda.time.format.DateTimeFormatterBuilder,org.pitest.mutationtest.engine.gregor.mutators.ReturnValsMutator,appendFixedSignedDecimal,484,NO_COVERAGE,none
DateTimeFormatterBuilder.java,org.joda.time.format.DateTimeFormatterBuilder,org.pitest.mutationtest.engine.gregor.mutators.experimental.NakedReceiverMutator,appendFixedSignedDecimal,482,NO_COVERAGE,none
DateTimeFormatterBuilder.java,org.joda.time.format.DateTimeFormatterBuilder,org.pitest.mutationtest.engine.gregor.mutators.experimental.NakedReceiverMutator,appendFixedSignedDecimal,482,NO_COVERAGE,none
DateTimeFormatterBuilder.java,org.joda.time.format.DateTimeFormatterBuilder,org.pitest.mutationtest.engine.gregor.mutators.experimental.NakedReceiverMutator,appendFixedSignedDecimal,484,NO_COVERAGE,none
DateTimeFormatterBuilder.java,org.joda.time.format.DateTimeFormatterBuilder,org.pitest.mutationtest.engine.gregor.mutators.ConditionalsBoundaryMutator,appendFraction,535,SURVIVED,none
DateTimeFormatterBuilder.java,org.joda.time.format.DateTimeFormatterBuilder,org.pitest.mutationtest.engine.gregor.mutators.ConditionalsBoundaryMutator,appendFraction,538,KILLED,RegressionTest3.test1805(RegressionTest3)
DateTimeFormatterBuilder.java,org.joda.time.format.DateTimeFormatterBuilder,org.pitest.mutationtest.engine.gregor.mutators.ConditionalsBoundaryMutator,appendFraction,538,KILLED,RegressionTest2.test1053(RegressionTest2)
DateTimeFormatterBuilder.java,org.joda.time.format.DateTimeFormatterBuilder,org.pitest.mutationtest.engine.gregor.mutators.ConstructorCallMutator,appendFraction,533,KILLED,RegressionTest0.test0298(RegressionTest0)
DateTimeFormatterBuilder.java,org.joda.time.format.DateTimeFormatterBuilder,org.pitest.mutationtest.engine.gregor.mutators.ConstructorCallMutator,appendFraction,539,KILLED,RegressionTest2.test1053(RegressionTest2)
DateTimeFormatterBuilder.java,org.joda.time.format.DateTimeFormatterBuilder,org.pitest.mutationtest.engine.gregor.mutators.ConstructorCallMutator,appendFraction,541,KILLED,RegressionTest3.test1841(RegressionTest3)
DateTimeFormatterBuilder.java,org.joda.time.format.DateTimeFormatterBuilder,org.pitest.mutationtest.engine.gregor.mutators.NegateConditionalsMutator,appendFraction,532,KILLED,RegressionTest2.test1167(RegressionTest2)
DateTimeFormatterBuilder.java,org.joda.time.format.DateTimeFormatterBuilder,org.pitest.mutationtest.engine.gregor.mutators.NegateConditionalsMutator,appendFraction,535,KILLED,RegressionTest3.test1870(RegressionTest3)
DateTimeFormatterBuilder.java,org.joda.time.format.DateTimeFormatterBuilder,org.pitest.mutationtest.engine.gregor.mutators.NegateConditionalsMutator,appendFraction,538,KILLED,RegressionTest2.test1167(RegressionTest2)
DateTimeFormatterBuilder.java,org.joda.time.format.DateTimeFormatterBuilder,org.pitest.mutationtest.engine.gregor.mutators.NegateConditionalsMutator,appendFraction,538,KILLED,RegressionTest2.test1167(RegressionTest2)
DateTimeFormatterBuilder.java,org.joda.time.format.DateTimeFormatterBuilder,org.pitest.mutationtest.engine.gregor.mutators.NonVoidMethodCallMutator,appendFraction,541,KILLED,RegressionTest2.test1167(RegressionTest2)
DateTimeFormatterBuilder.java,org.joda.time.format.DateTimeFormatterBuilder,org.pitest.mutationtest.engine.gregor.mutators.NullReturnValsMutator,appendFraction,541,KILLED,RegressionTest2.test1167(RegressionTest2)
DateTimeFormatterBuilder.java,org.joda.time.format.DateTimeFormatterBuilder,org.pitest.mutationtest.engine.gregor.mutators.RemoveConditionalMutator_EQUAL_ELSE,appendFraction,532,KILLED,RegressionTest0.test0298(RegressionTest0)
DateTimeFormatterBuilder.java,org.joda.time.format.DateTimeFormatterBuilder,org.pitest.mutationtest.engine.gregor.mutators.RemoveConditionalMutator_EQUAL_IF,appendFraction,532,KILLED,RegressionTest2.test1167(RegressionTest2)
DateTimeFormatterBuilder.java,org.joda.time.format.DateTimeFormatterBuilder,org.pitest.mutationtest.engine.gregor.mutators.RemoveConditionalMutator_ORDER_ELSE,appendFraction,535,KILLED,RegressionTest3.test1870(RegressionTest3)
DateTimeFormatterBuilder.java,org.joda.time.format.DateTimeFormatterBuilder,org.pitest.mutationtest.engine.gregor.mutators.RemoveConditionalMutator_ORDER_ELSE,appendFraction,538,KILLED,RegressionTest2.test1167(RegressionTest2)
DateTimeFormatterBuilder.java,org.joda.time.format.DateTimeFormatterBuilder,org.pitest.mutationtest.engine.gregor.mutators.RemoveConditionalMutator_ORDER_ELSE,appendFraction,538,KILLED,RegressionTest2.test1053(RegressionTest2)
DateTimeFormatterBuilder.java,org.joda.time.format.DateTimeFormatterBuilder,org.pitest.mutationtest.engine.gregor.mutators.RemoveConditionalMutator_ORDER_IF,appendFraction,535,KILLED,RegressionTest3.test1805(RegressionTest3)
DateTimeFormatterBuilder.java,org.joda.time.format.DateTimeFormatterBuilder,org.pitest.mutationtest.engine.gregor.mutators.RemoveConditionalMutator_ORDER_IF,appendFraction,538,KILLED,RegressionTest1.test0679(RegressionTest1)
DateTimeFormatterBuilder.java,org.joda.time.format.DateTimeFormatterBuilder,org.pitest.mutationtest.engine.gregor.mutators.RemoveConditionalMutator_ORDER_IF,appendFraction,538,KILLED,RegressionTest2.test1167(RegressionTest2)
DateTimeFormatterBuilder.java,org.joda.time.format.DateTimeFormatterBuilder,org.pitest.mutationtest.engine.gregor.mutators.ReturnValsMutator,appendFraction,541,KILLED,RegressionTest2.test1167(RegressionTest2)
DateTimeFormatterBuilder.java,org.joda.time.format.DateTimeFormatterBuilder,org.pitest.mutationtest.engine.gregor.mutators.experimental.NakedReceiverMutator,appendFraction,541,KILLED,RegressionTest3.test1841(RegressionTest3)
DateTimeFormatterBuilder.java,org.joda.time.format.DateTimeFormatterBuilder,org.pitest.mutationtest.engine.gregor.mutators.NonVoidMethodCallMutator,appendFractionOfDay,610,KILLED,RegressionTest0.test0444(RegressionTest0)
DateTimeFormatterBuilder.java,org.joda.time.format.DateTimeFormatterBuilder,org.pitest.mutationtest.engine.gregor.mutators.NonVoidMethodCallMutator,appendFractionOfDay,610,KILLED,RegressionTest0.test0444(RegressionTest0)
DateTimeFormatterBuilder.java,org.joda.time.format.DateTimeFormatterBuilder,org.pitest.mutationtest.engine.gregor.mutators.NullReturnValsMutator,appendFractionOfDay,610,KILLED,RegressionTest0.test0444(RegressionTest0)
DateTimeFormatterBuilder.java,org.joda.time.format.DateTimeFormatterBuilder,org.pitest.mutationtest.engine.gregor.mutators.ReturnValsMutator,appendFractionOfDay,610,KILLED,RegressionTest0.test0444(RegressionTest0)
DateTimeFormatterBuilder.java,org.joda.time.format.DateTimeFormatterBuilder,org.pitest.mutationtest.engine.gregor.mutators.experimental.NakedReceiverMutator,appendFractionOfDay,610,KILLED,RegressionTest1.test0679(RegressionTest1)
DateTimeFormatterBuilder.java,org.joda.time.format.DateTimeFormatterBuilder,org.pitest.mutationtest.engine.gregor.mutators.NonVoidMethodCallMutator,appendFractionOfHour,593,KILLED,RegressionTest3.test1870(RegressionTest3)
DateTimeFormatterBuilder.java,org.joda.time.format.DateTimeFormatterBuilder,org.pitest.mutationtest.engine.gregor.mutators.NonVoidMethodCallMutator,appendFractionOfHour,593,KILLED,RegressionTest3.test1870(RegressionTest3)
DateTimeFormatterBuilder.java,org.joda.time.format.DateTimeFormatterBuilder,org.pitest.mutationtest.engine.gregor.mutators.NullReturnValsMutator,appendFractionOfHour,593,KILLED,RegressionTest3.test1870(RegressionTest3)
DateTimeFormatterBuilder.java,org.joda.time.format.DateTimeFormatterBuilder,org.pitest.mutationtest.engine.gregor.mutators.ReturnValsMutator,appendFractionOfHour,593,KILLED,RegressionTest3.test1870(RegressionTest3)
DateTimeFormatterBuilder.java,org.joda.time.format.DateTimeFormatterBuilder,org.pitest.mutationtest.engine.gregor.mutators.experimental.NakedReceiverMutator,appendFractionOfHour,593,KILLED,RegressionTest3.test1856(RegressionTest3)
DateTimeFormatterBuilder.java,org.joda.time.format.DateTimeFormatterBuilder,org.pitest.mutationtest.engine.gregor.mutators.NonVoidMethodCallMutator,appendFractionOfMinute,576,KILLED,RegressionTest1.test0637(RegressionTest1)
DateTimeFormatterBuilder.java,org.joda.time.format.DateTimeFormatterBuilder,org.pitest.mutationtest.engine.gregor.mutators.NonVoidMethodCallMutator,appendFractionOfMinute,576,KILLED,RegressionTest0.test0388(RegressionTest0)
DateTimeFormatterBuilder.java,org.joda.time.format.DateTimeFormatterBuilder,org.pitest.mutationtest.engine.gregor.mutators.NullReturnValsMutator,appendFractionOfMinute,576,KILLED,RegressionTest1.test0637(RegressionTest1)
DateTimeFormatterBuilder.java,org.joda.time.format.DateTimeFormatterBuilder,org.pitest.mutationtest.engine.gregor.mutators.ReturnValsMutator,appendFractionOfMinute,576,KILLED,RegressionTest1.test0637(RegressionTest1)
DateTimeFormatterBuilder.java,org.joda.time.format.DateTimeFormatterBuilder,org.pitest.mutationtest.engine.gregor.mutators.experimental.NakedReceiverMutator,appendFractionOfMinute,576,KILLED,RegressionTest0.test0388(RegressionTest0)
DateTimeFormatterBuilder.java,org.joda.time.format.DateTimeFormatterBuilder,org.pitest.mutationtest.engine.gregor.mutators.NonVoidMethodCallMutator,appendFractionOfSecond,559,KILLED,RegressionTest2.test1167(RegressionTest2)
DateTimeFormatterBuilder.java,org.joda.time.format.DateTimeFormatterBuilder,org.pitest.mutationtest.engine.gregor.mutators.NonVoidMethodCallMutator,appendFractionOfSecond,559,KILLED,RegressionTest2.test1167(RegressionTest2)
DateTimeFormatterBuilder.java,org.joda.time.format.DateTimeFormatterBuilder,org.pitest.mutationtest.engine.gregor.mutators.NullReturnValsMutator,appendFractionOfSecond,559,KILLED,RegressionTest2.test1167(RegressionTest2)
DateTimeFormatterBuilder.java,org.joda.time.format.DateTimeFormatterBuilder,org.pitest.mutationtest.engine.gregor.mutators.ReturnValsMutator,appendFractionOfSecond,559,KILLED,RegressionTest2.test1167(RegressionTest2)
DateTimeFormatterBuilder.java,org.joda.time.format.DateTimeFormatterBuilder,org.pitest.mutationtest.engine.gregor.mutators.experimental.NakedReceiverMutator,appendFractionOfSecond,559,KILLED,RegressionTest2.test1053(RegressionTest2)
DateTimeFormatterBuilder.java,org.joda.time.format.DateTimeFormatterBuilder,org.pitest.mutationtest.engine.gregor.mutators.NonVoidMethodCallMutator,appendHalfdayOfDayText,917,KILLED,RegressionTest1.test0909(RegressionTest1)
DateTimeFormatterBuilder.java,org.joda.time.format.DateTimeFormatterBuilder,org.pitest.mutationtest.engine.gregor.mutators.NonVoidMethodCallMutator,appendHalfdayOfDayText,917,KILLED,RegressionTest1.test0909(RegressionTest1)
DateTimeFormatterBuilder.java,org.joda.time.format.DateTimeFormatterBuilder,org.pitest.mutationtest.engine.gregor.mutators.NullReturnValsMutator,appendHalfdayOfDayText,917,KILLED,RegressionTest1.test0909(RegressionTest1)
DateTimeFormatterBuilder.java,org.joda.time.format.DateTimeFormatterBuilder,org.pitest.mutationtest.engine.gregor.mutators.ReturnValsMutator,appendHalfdayOfDayText,917,KILLED,RegressionTest1.test0909(RegressionTest1)
DateTimeFormatterBuilder.java,org.joda.time.format.DateTimeFormatterBuilder,org.pitest.mutationtest.engine.gregor.mutators.experimental.NakedReceiverMutator,appendHalfdayOfDayText,917,SURVIVED,none
DateTimeFormatterBuilder.java,org.joda.time.format.DateTimeFormatterBuilder,org.pitest.mutationtest.engine.gregor.mutators.InlineConstantMutator,appendHourOfDay,687,SURVIVED,none
DateTimeFormatterBuilder.java,org.joda.time.format.DateTimeFormatterBuilder,org.pitest.mutationtest.engine.gregor.mutators.NonVoidMethodCallMutator,appendHourOfDay,687,KILLED,RegressionTest3.test1507(RegressionTest3)
DateTimeFormatterBuilder.java,org.joda.time.format.DateTimeFormatterBuilder,org.pitest.mutationtest.engine.gregor.mutators.NonVoidMethodCallMutator,appendHourOfDay,687,KILLED,RegressionTest3.test1507(RegressionTest3)
DateTimeFormatterBuilder.java,org.joda.time.format.DateTimeFormatterBuilder,org.pitest.mutationtest.engine.gregor.mutators.NullReturnValsMutator,appendHourOfDay,687,KILLED,RegressionTest3.test1507(RegressionTest3)
DateTimeFormatterBuilder.java,org.joda.time.format.DateTimeFormatterBuilder,org.pitest.mutationtest.engine.gregor.mutators.ReturnValsMutator,appendHourOfDay,687,KILLED,RegressionTest3.test1507(RegressionTest3)
DateTimeFormatterBuilder.java,org.joda.time.format.DateTimeFormatterBuilder,org.pitest.mutationtest.engine.gregor.mutators.experimental.NakedReceiverMutator,appendHourOfDay,687,KILLED,RegressionTest0.test0469(RegressionTest0)
DateTimeFormatterBuilder.java,org.joda.time.format.DateTimeFormatterBuilder,org.pitest.mutationtest.engine.gregor.mutators.InlineConstantMutator,appendHourOfHalfday,707,SURVIVED,none
DateTimeFormatterBuilder.java,org.joda.time.format.DateTimeFormatterBuilder,org.pitest.mutationtest.engine.gregor.mutators.NonVoidMethodCallMutator,appendHourOfHalfday,707,KILLED,RegressionTest3.test1591(RegressionTest3)
DateTimeFormatterBuilder.java,org.joda.time.format.DateTimeFormatterBuilder,org.pitest.mutationtest.engine.gregor.mutators.NonVoidMethodCallMutator,appendHourOfHalfday,707,KILLED,RegressionTest3.test1591(RegressionTest3)
DateTimeFormatterBuilder.java,org.joda.time.format.DateTimeFormatterBuilder,org.pitest.mutationtest.engine.gregor.mutators.NullReturnValsMutator,appendHourOfHalfday,707,KILLED,RegressionTest3.test1591(RegressionTest3)
DateTimeFormatterBuilder.java,org.joda.time.format.DateTimeFormatterBuilder,org.pitest.mutationtest.engine.gregor.mutators.ReturnValsMutator,appendHourOfHalfday,707,KILLED,RegressionTest3.test1591(RegressionTest3)
DateTimeFormatterBuilder.java,org.joda.time.format.DateTimeFormatterBuilder,org.pitest.mutationtest.engine.gregor.mutators.experimental.NakedReceiverMutator,appendHourOfHalfday,707,KILLED,RegressionTest0.test0339(RegressionTest0)
DateTimeFormatterBuilder.java,org.joda.time.format.DateTimeFormatterBuilder,org.pitest.mutationtest.engine.gregor.mutators.ConstructorCallMutator,appendLiteral,359,SURVIVED,none
DateTimeFormatterBuilder.java,org.joda.time.format.DateTimeFormatterBuilder,org.pitest.mutationtest.engine.gregor.mutators.NonVoidMethodCallMutator,appendLiteral,359,KILLED,RegressionTest2.test1485(RegressionTest2)
DateTimeFormatterBuilder.java,org.joda.time.format.DateTimeFormatterBuilder,org.pitest.mutationtest.engine.gregor.mutators.NullReturnValsMutator,appendLiteral,359,KILLED,RegressionTest2.test1485(RegressionTest2)
DateTimeFormatterBuilder.java,org.joda.time.format.DateTimeFormatterBuilder,org.pitest.mutationtest.engine.gregor.mutators.ReturnValsMutator,appendLiteral,359,KILLED,RegressionTest2.test1485(RegressionTest2)
DateTimeFormatterBuilder.java,org.joda.time.format.DateTimeFormatterBuilder,org.pitest.mutationtest.engine.gregor.mutators.experimental.NakedReceiverMutator,appendLiteral,359,SURVIVED,none
DateTimeFormatterBuilder.java,org.joda.time.format.DateTimeFormatterBuilder,org.pitest.mutationtest.engine.gregor.mutators.ConstructorCallMutator,appendLiteral,371,NO_COVERAGE,none
DateTimeFormatterBuilder.java,org.joda.time.format.DateTimeFormatterBuilder,org.pitest.mutationtest.engine.gregor.mutators.ConstructorCallMutator,appendLiteral,377,NO_COVERAGE,none
DateTimeFormatterBuilder.java,org.joda.time.format.DateTimeFormatterBuilder,org.pitest.mutationtest.engine.gregor.mutators.ConstructorCallMutator,appendLiteral,379,SURVIVED,none
DateTimeFormatterBuilder.java,org.joda.time.format.DateTimeFormatterBuilder,org.pitest.mutationtest.engine.gregor.mutators.InlineConstantMutator,appendLiteral,377,NO_COVERAGE,none
DateTimeFormatterBuilder.java,org.joda.time.format.DateTimeFormatterBuilder,org.pitest.mutationtest.engine.gregor.mutators.NegateConditionalsMutator,appendLiteral,370,KILLED,RegressionTest3.test1835(RegressionTest3)
DateTimeFormatterBuilder.java,org.joda.time.format.DateTimeFormatterBuilder,org.pitest.mutationtest.engine.gregor.mutators.NonVoidMethodCallMutator,appendLiteral,373,SURVIVED,none
DateTimeFormatterBuilder.java,org.joda.time.format.DateTimeFormatterBuilder,org.pitest.mutationtest.engine.gregor.mutators.NonVoidMethodCallMutator,appendLiteral,377,NO_COVERAGE,none
DateTimeFormatterBuilder.java,org.joda.time.format.DateTimeFormatterBuilder,org.pitest.mutationtest.engine.gregor.mutators.NonVoidMethodCallMutator,appendLiteral,377,NO_COVERAGE,none
DateTimeFormatterBuilder.java,org.joda.time.format.DateTimeFormatterBuilder,org.pitest.mutationtest.engine.gregor.mutators.NonVoidMethodCallMutator,appendLiteral,379,KILLED,RegressionTest1.test0895(RegressionTest1)
DateTimeFormatterBuilder.java,org.joda.time.format.DateTimeFormatterBuilder,org.pitest.mutationtest.engine.gregor.mutators.NullReturnValsMutator,appendLiteral,375,KILLED,RegressionTest3.test1835(RegressionTest3)
DateTimeFormatterBuilder.java,org.joda.time.format.DateTimeFormatterBuilder,org.pitest.mutationtest.engine.gregor.mutators.NullReturnValsMutator,appendLiteral,377,NO_COVERAGE,none
DateTimeFormatterBuilder.java,org.joda.time.format.DateTimeFormatterBuilder,org.pitest.mutationtest.engine.gregor.mutators.NullReturnValsMutator,appendLiteral,379,KILLED,RegressionTest1.test0895(RegressionTest1)
DateTimeFormatterBuilder.java,org.joda.time.format.DateTimeFormatterBuilder,org.pitest.mutationtest.engine.gregor.mutators.RemoveConditionalMutator_EQUAL_ELSE,appendLiteral,370,SURVIVED,none
DateTimeFormatterBuilder.java,org.joda.time.format.DateTimeFormatterBuilder,org.pitest.mutationtest.engine.gregor.mutators.RemoveConditionalMutator_EQUAL_IF,appendLiteral,370,KILLED,RegressionTest3.test1835(RegressionTest3)
DateTimeFormatterBuilder.java,org.joda.time.format.DateTimeFormatterBuilder,org.pitest.mutationtest.engine.gregor.mutators.ReturnValsMutator,appendLiteral,375,KILLED,RegressionTest3.test1835(RegressionTest3)
DateTimeFormatterBuilder.java,org.joda.time.format.DateTimeFormatterBuilder,org.pitest.mutationtest.engine.gregor.mutators.ReturnValsMutator,appendLiteral,377,NO_COVERAGE,none
DateTimeFormatterBuilder.java,org.joda.time.format.DateTimeFormatterBuilder,org.pitest.mutationtest.engine.gregor.mutators.ReturnValsMutator,appendLiteral,379,KILLED,RegressionTest1.test0895(RegressionTest1)
DateTimeFormatterBuilder.java,org.joda.time.format.DateTimeFormatterBuilder,org.pitest.mutationtest.engine.gregor.mutators.experimental.NakedReceiverMutator,appendLiteral,377,NO_COVERAGE,none
DateTimeFormatterBuilder.java,org.joda.time.format.DateTimeFormatterBuilder,org.pitest.mutationtest.engine.gregor.mutators.experimental.NakedReceiverMutator,appendLiteral,379,SURVIVED,none
DateTimeFormatterBuilder.java,org.joda.time.format.DateTimeFormatterBuilder,org.pitest.mutationtest.engine.gregor.mutators.experimental.RemoveSwitchMutator_0,appendLiteral,373,KILLED,RegressionTest1.test0713(RegressionTest1)
DateTimeFormatterBuilder.java,org.joda.time.format.DateTimeFormatterBuilder,org.pitest.mutationtest.engine.gregor.mutators.experimental.RemoveSwitchMutator_1,appendLiteral,373,SURVIVED,none
DateTimeFormatterBuilder.java,org.joda.time.format.DateTimeFormatterBuilder,org.pitest.mutationtest.engine.gregor.mutators.experimental.SwitchMutator,appendLiteral,373,KILLED,RegressionTest1.test0713(RegressionTest1)
DateTimeFormatterBuilder.java,org.joda.time.format.DateTimeFormatterBuilder,org.pitest.mutationtest.engine.gregor.mutators.InlineConstantMutator,appendMillisOfDay,637,SURVIVED,none
DateTimeFormatterBuilder.java,org.joda.time.format.DateTimeFormatterBuilder,org.pitest.mutationtest.engine.gregor.mutators.NonVoidMethodCallMutator,appendMillisOfDay,637,KILLED,RegressionTest3.test1663(RegressionTest3)
DateTimeFormatterBuilder.java,org.joda.time.format.DateTimeFormatterBuilder,org.pitest.mutationtest.engine.gregor.mutators.NonVoidMethodCallMutator,appendMillisOfDay,637,KILLED,RegressionTest1.test0661(RegressionTest1)
DateTimeFormatterBuilder.java,org.joda.time.format.DateTimeFormatterBuilder,org.pitest.mutationtest.engine.gregor.mutators.NullReturnValsMutator,appendMillisOfDay,637,KILLED,RegressionTest3.test1663(RegressionTest3)
DateTimeFormatterBuilder.java,org.joda.time.format.DateTimeFormatterBuilder,org.pitest.mutationtest.engine.gregor.mutators.ReturnValsMutator,appendMillisOfDay,637,KILLED,RegressionTest3.test1663(RegressionTest3)
DateTimeFormatterBuilder.java,org.joda.time.format.DateTimeFormatterBuilder,org.pitest.mutationtest.engine.gregor.mutators.experimental.NakedReceiverMutator,appendMillisOfDay,637,KILLED,RegressionTest1.test0661(RegressionTest1)
DateTimeFormatterBuilder.java,org.joda.time.format.DateTimeFormatterBuilder,org.pitest.mutationtest.engine.gregor.mutators.InlineConstantMutator,appendMillisOfSecond,627,SURVIVED,none
DateTimeFormatterBuilder.java,org.joda.time.format.DateTimeFormatterBuilder,org.pitest.mutationtest.engine.gregor.mutators.NonVoidMethodCallMutator,appendMillisOfSecond,627,KILLED,RegressionTest2.test1076(RegressionTest2)
DateTimeFormatterBuilder.java,org.joda.time.format.DateTimeFormatterBuilder,org.pitest.mutationtest.engine.gregor.mutators.NonVoidMethodCallMutator,appendMillisOfSecond,627,KILLED,RegressionTest2.test1076(RegressionTest2)
DateTimeFormatterBuilder.java,org.joda.time.format.DateTimeFormatterBuilder,org.pitest.mutationtest.engine.gregor.mutators.NullReturnValsMutator,appendMillisOfSecond,627,KILLED,RegressionTest2.test1076(RegressionTest2)
DateTimeFormatterBuilder.java,org.joda.time.format.DateTimeFormatterBuilder,org.pitest.mutationtest.engine.gregor.mutators.ReturnValsMutator,appendMillisOfSecond,627,KILLED,RegressionTest2.test1076(RegressionTest2)
DateTimeFormatterBuilder.java,org.joda.time.format.DateTimeFormatterBuilder,org.pitest.mutationtest.engine.gregor.mutators.experimental.NakedReceiverMutator,appendMillisOfSecond,627,KILLED,RegressionTest0.test0032(RegressionTest0)
DateTimeFormatterBuilder.java,org.joda.time.format.DateTimeFormatterBuilder,org.pitest.mutationtest.engine.gregor.mutators.InlineConstantMutator,appendMinuteOfDay,677,SURVIVED,none
DateTimeFormatterBuilder.java,org.joda.time.format.DateTimeFormatterBuilder,org.pitest.mutationtest.engine.gregor.mutators.NonVoidMethodCallMutator,appendMinuteOfDay,677,KILLED,RegressionTest3.test1870(RegressionTest3)
DateTimeFormatterBuilder.java,org.joda.time.format.DateTimeFormatterBuilder,org.pitest.mutationtest.engine.gregor.mutators.NonVoidMethodCallMutator,appendMinuteOfDay,677,KILLED,RegressionTest3.test1870(RegressionTest3)
DateTimeFormatterBuilder.java,org.joda.time.format.DateTimeFormatterBuilder,org.pitest.mutationtest.engine.gregor.mutators.NullReturnValsMutator,appendMinuteOfDay,677,KILLED,RegressionTest3.test1870(RegressionTest3)
DateTimeFormatterBuilder.java,org.joda.time.format.DateTimeFormatterBuilder,org.pitest.mutationtest.engine.gregor.mutators.ReturnValsMutator,appendMinuteOfDay,677,KILLED,RegressionTest3.test1870(RegressionTest3)
DateTimeFormatterBuilder.java,org.joda.time.format.DateTimeFormatterBuilder,org.pitest.mutationtest.engine.gregor.mutators.experimental.NakedReceiverMutator,appendMinuteOfDay,677,KILLED,RegressionTest1.test0710(RegressionTest1)
DateTimeFormatterBuilder.java,org.joda.time.format.DateTimeFormatterBuilder,org.pitest.mutationtest.engine.gregor.mutators.InlineConstantMutator,appendMinuteOfHour,667,SURVIVED,none
DateTimeFormatterBuilder.java,org.joda.time.format.DateTimeFormatterBuilder,org.pitest.mutationtest.engine.gregor.mutators.NonVoidMethodCallMutator,appendMinuteOfHour,667,KILLED,RegressionTest2.test1053(RegressionTest2)
DateTimeFormatterBuilder.java,org.joda.time.format.DateTimeFormatterBuilder,org.pitest.mutationtest.engine.gregor.mutators.NonVoidMethodCallMutator,appendMinuteOfHour,667,KILLED,RegressionTest2.test1053(RegressionTest2)
DateTimeFormatterBuilder.java,org.joda.time.format.DateTimeFormatterBuilder,org.pitest.mutationtest.engine.gregor.mutators.NullReturnValsMutator,appendMinuteOfHour,667,KILLED,RegressionTest2.test1053(RegressionTest2)
DateTimeFormatterBuilder.java,org.joda.time.format.DateTimeFormatterBuilder,org.pitest.mutationtest.engine.gregor.mutators.ReturnValsMutator,appendMinuteOfHour,667,KILLED,RegressionTest2.test1053(RegressionTest2)
DateTimeFormatterBuilder.java,org.joda.time.format.DateTimeFormatterBuilder,org.pitest.mutationtest.engine.gregor.mutators.experimental.NakedReceiverMutator,appendMinuteOfHour,667,KILLED,RegressionTest1.test0613(RegressionTest1)
DateTimeFormatterBuilder.java,org.joda.time.format.DateTimeFormatterBuilder,org.pitest.mutationtest.engine.gregor.mutators.InlineConstantMutator,appendMonthOfYear,779,SURVIVED,none
DateTimeFormatterBuilder.java,org.joda.time.format.DateTimeFormatterBuilder,org.pitest.mutationtest.engine.gregor.mutators.NonVoidMethodCallMutator,appendMonthOfYear,779,KILLED,RegressionTest1.test0666(RegressionTest1)
DateTimeFormatterBuilder.java,org.joda.time.format.DateTimeFormatterBuilder,org.pitest.mutationtest.engine.gregor.mutators.NonVoidMethodCallMutator,appendMonthOfYear,779,KILLED,RegressionTest1.test0666(RegressionTest1)
DateTimeFormatterBuilder.java,org.joda.time.format.DateTimeFormatterBuilder,org.pitest.mutationtest.engine.gregor.mutators.NullReturnValsMutator,appendMonthOfYear,779,KILLED,RegressionTest1.test0666(RegressionTest1)
DateTimeFormatterBuilder.java,org.joda.time.format.DateTimeFormatterBuilder,org.pitest.mutationtest.engine.gregor.mutators.ReturnValsMutator,appendMonthOfYear,779,KILLED,RegressionTest1.test0666(RegressionTest1)
DateTimeFormatterBuilder.java,org.joda.time.format.DateTimeFormatterBuilder,org.pitest.mutationtest.engine.gregor.mutators.experimental.NakedReceiverMutator,appendMonthOfYear,779,KILLED,RegressionTest0.test0274(RegressionTest0)
DateTimeFormatterBuilder.java,org.joda.time.format.DateTimeFormatterBuilder,org.pitest.mutationtest.engine.gregor.mutators.NonVoidMethodCallMutator,appendMonthOfYearShortText,959,KILLED,RegressionTest1.test0869(RegressionTest1)
DateTimeFormatterBuilder.java,org.joda.time.format.DateTimeFormatterBuilder,org.pitest.mutationtest.engine.gregor.mutators.NonVoidMethodCallMutator,appendMonthOfYearShortText,959,KILLED,RegressionTest1.test0869(RegressionTest1)
DateTimeFormatterBuilder.java,org.joda.time.format.DateTimeFormatterBuilder,org.pitest.mutationtest.engine.gregor.mutators.NullReturnValsMutator,appendMonthOfYearShortText,959,KILLED,RegressionTest1.test0869(RegressionTest1)
DateTimeFormatterBuilder.java,org.joda.time.format.DateTimeFormatterBuilder,org.pitest.mutationtest.engine.gregor.mutators.ReturnValsMutator,appendMonthOfYearShortText,959,KILLED,RegressionTest1.test0869(RegressionTest1)
DateTimeFormatterBuilder.java,org.joda.time.format.DateTimeFormatterBuilder,org.pitest.mutationtest.engine.gregor.mutators.experimental.NakedReceiverMutator,appendMonthOfYearShortText,959,SURVIVED,none
DateTimeFormatterBuilder.java,org.joda.time.format.DateTimeFormatterBuilder,org.pitest.mutationtest.engine.gregor.mutators.NonVoidMethodCallMutator,appendMonthOfYearText,949,KILLED,RegressionTest1.test0928(RegressionTest1)
DateTimeFormatterBuilder.java,org.joda.time.format.DateTimeFormatterBuilder,org.pitest.mutationtest.engine.gregor.mutators.NonVoidMethodCallMutator,appendMonthOfYearText,949,KILLED,RegressionTest1.test0928(RegressionTest1)
DateTimeFormatterBuilder.java,org.joda.time.format.DateTimeFormatterBuilder,org.pitest.mutationtest.engine.gregor.mutators.NullReturnValsMutator,appendMonthOfYearText,949,KILLED,RegressionTest1.test0928(RegressionTest1)
DateTimeFormatterBuilder.java,org.joda.time.format.DateTimeFormatterBuilder,org.pitest.mutationtest.engine.gregor.mutators.ReturnValsMutator,appendMonthOfYearText,949,KILLED,RegressionTest1.test0928(RegressionTest1)
DateTimeFormatterBuilder.java,org.joda.time.format.DateTimeFormatterBuilder,org.pitest.mutationtest.engine.gregor.mutators.experimental.NakedReceiverMutator,appendMonthOfYearText,949,KILLED,RegressionTest1.test0714(RegressionTest1)
DateTimeFormatterBuilder.java,org.joda.time.format.DateTimeFormatterBuilder,org.pitest.mutationtest.engine.gregor.mutators.ConstructorCallMutator,appendOptional,309,SURVIVED,none
DateTimeFormatterBuilder.java,org.joda.time.format.DateTimeFormatterBuilder,org.pitest.mutationtest.engine.gregor.mutators.InlineConstantMutator,appendOptional,308,SURVIVED,none
DateTimeFormatterBuilder.java,org.joda.time.format.DateTimeFormatterBuilder,org.pitest.mutationtest.engine.gregor.mutators.InlineConstantMutator,appendOptional,308,SURVIVED,none
DateTimeFormatterBuilder.java,org.joda.time.format.DateTimeFormatterBuilder,org.pitest.mutationtest.engine.gregor.mutators.InlineConstantMutator,appendOptional,308,SURVIVED,none
DateTimeFormatterBuilder.java,org.joda.time.format.DateTimeFormatterBuilder,org.pitest.mutationtest.engine.gregor.mutators.NonVoidMethodCallMutator,appendOptional,309,KILLED,RegressionTest3.test1728(RegressionTest3)
DateTimeFormatterBuilder.java,org.joda.time.format.DateTimeFormatterBuilder,org.pitest.mutationtest.engine.gregor.mutators.NullReturnValsMutator,appendOptional,309,KILLED,RegressionTest3.test1728(RegressionTest3)
DateTimeFormatterBuilder.java,org.joda.time.format.DateTimeFormatterBuilder,org.pitest.mutationtest.engine.gregor.mutators.ReturnValsMutator,appendOptional,309,KILLED,RegressionTest3.test1728(RegressionTest3)
DateTimeFormatterBuilder.java,org.joda.time.format.DateTimeFormatterBuilder,org.pitest.mutationtest.engine.gregor.mutators.VoidMethodCallMutator,appendOptional,307,KILLED,RegressionTest0.test0260(RegressionTest0)
DateTimeFormatterBuilder.java,org.joda.time.format.DateTimeFormatterBuilder,org.pitest.mutationtest.engine.gregor.mutators.experimental.NakedReceiverMutator,appendOptional,309,SURVIVED,none
DateTimeFormatterBuilder.java,org.joda.time.format.DateTimeFormatterBuilder,org.pitest.mutationtest.engine.gregor.mutators.NullReturnValsMutator,appendPattern,1095,KILLED,RegressionTest3.test1558(RegressionTest3)
DateTimeFormatterBuilder.java,org.joda.time.format.DateTimeFormatterBuilder,org.pitest.mutationtest.engine.gregor.mutators.ReturnValsMutator,appendPattern,1095,KILLED,RegressionTest3.test1558(RegressionTest3)
DateTimeFormatterBuilder.java,org.joda.time.format.DateTimeFormatterBuilder,org.pitest.mutationtest.engine.gregor.mutators.VoidMethodCallMutator,appendPattern,1094,KILLED,RegressionTest0.test0455(RegressionTest0)
DateTimeFormatterBuilder.java,org.joda.time.format.DateTimeFormatterBuilder,org.pitest.mutationtest.engine.gregor.mutators.InlineConstantMutator,appendSecondOfDay,657,SURVIVED,none
DateTimeFormatterBuilder.java,org.joda.time.format.DateTimeFormatterBuilder,org.pitest.mutationtest.engine.gregor.mutators.NonVoidMethodCallMutator,appendSecondOfDay,657,KILLED,RegressionTest3.test1805(RegressionTest3)
DateTimeFormatterBuilder.java,org.joda.time.format.DateTimeFormatterBuilder,org.pitest.mutationtest.engine.gregor.mutators.NonVoidMethodCallMutator,appendSecondOfDay,657,KILLED,RegressionTest3.test1805(RegressionTest3)
DateTimeFormatterBuilder.java,org.joda.time.format.DateTimeFormatterBuilder,org.pitest.mutationtest.engine.gregor.mutators.NullReturnValsMutator,appendSecondOfDay,657,KILLED,RegressionTest3.test1805(RegressionTest3)
DateTimeFormatterBuilder.java,org.joda.time.format.DateTimeFormatterBuilder,org.pitest.mutationtest.engine.gregor.mutators.ReturnValsMutator,appendSecondOfDay,657,KILLED,RegressionTest3.test1805(RegressionTest3)
DateTimeFormatterBuilder.java,org.joda.time.format.DateTimeFormatterBuilder,org.pitest.mutationtest.engine.gregor.mutators.experimental.NakedReceiverMutator,appendSecondOfDay,657,KILLED,RegressionTest1.test0689(RegressionTest1)
DateTimeFormatterBuilder.java,org.joda.time.format.DateTimeFormatterBuilder,org.pitest.mutationtest.engine.gregor.mutators.InlineConstantMutator,appendSecondOfMinute,647,SURVIVED,none
DateTimeFormatterBuilder.java,org.joda.time.format.DateTimeFormatterBuilder,org.pitest.mutationtest.engine.gregor.mutators.NonVoidMethodCallMutator,appendSecondOfMinute,647,KILLED,RegressionTest2.test1069(RegressionTest2)
DateTimeFormatterBuilder.java,org.joda.time.format.DateTimeFormatterBuilder,org.pitest.mutationtest.engine.gregor.mutators.NonVoidMethodCallMutator,appendSecondOfMinute,647,KILLED,RegressionTest2.test1069(RegressionTest2)
DateTimeFormatterBuilder.java,org.joda.time.format.DateTimeFormatterBuilder,org.pitest.mutationtest.engine.gregor.mutators.NullReturnValsMutator,appendSecondOfMinute,647,KILLED,RegressionTest2.test1069(RegressionTest2)
DateTimeFormatterBuilder.java,org.joda.time.format.DateTimeFormatterBuilder,org.pitest.mutationtest.engine.gregor.mutators.ReturnValsMutator,appendSecondOfMinute,647,KILLED,RegressionTest2.test1069(RegressionTest2)
DateTimeFormatterBuilder.java,org.joda.time.format.DateTimeFormatterBuilder,org.pitest.mutationtest.engine.gregor.mutators.experimental.NakedReceiverMutator,appendSecondOfMinute,647,KILLED,RegressionTest3.test1525(RegressionTest3)
DateTimeFormatterBuilder.java,org.joda.time.format.DateTimeFormatterBuilder,org.pitest.mutationtest.engine.gregor.mutators.ConstructorCallMutator,appendShortText,512,KILLED,RegressionTest0.test0056(RegressionTest0)
DateTimeFormatterBuilder.java,org.joda.time.format.DateTimeFormatterBuilder,org.pitest.mutationtest.engine.gregor.mutators.ConstructorCallMutator,appendShortText,514,SURVIVED,none
DateTimeFormatterBuilder.java,org.joda.time.format.DateTimeFormatterBuilder,org.pitest.mutationtest.engine.gregor.mutators.InlineConstantMutator,appendShortText,514,SURVIVED,none
DateTimeFormatterBuilder.java,org.joda.time.format.DateTimeFormatterBuilder,org.pitest.mutationtest.engine.gregor.mutators.NegateConditionalsMutator,appendShortText,511,KILLED,RegressionTest3.test1870(RegressionTest3)
DateTimeFormatterBuilder.java,org.joda.time.format.DateTimeFormatterBuilder,org.pitest.mutationtest.engine.gregor.mutators.NonVoidMethodCallMutator,appendShortText,514,KILLED,RegressionTest3.test1870(RegressionTest3)
DateTimeFormatterBuilder.java,org.joda.time.format.DateTimeFormatterBuilder,org.pitest.mutationtest.engine.gregor.mutators.NullReturnValsMutator,appendShortText,514,KILLED,RegressionTest3.test1870(RegressionTest3)
DateTimeFormatterBuilder.java,org.joda.time.format.DateTimeFormatterBuilder,org.pitest.mutationtest.engine.gregor.mutators.RemoveConditionalMutator_EQUAL_ELSE,appendShortText,511,KILLED,RegressionTest0.test0056(RegressionTest0)
DateTimeFormatterBuilder.java,org.joda.time.format.DateTimeFormatterBuilder,org.pitest.mutationtest.engine.gregor.mutators.RemoveConditionalMutator_EQUAL_IF,appendShortText,511,KILLED,RegressionTest3.test1870(RegressionTest3)
DateTimeFormatterBuilder.java,org.joda.time.format.DateTimeFormatterBuilder,org.pitest.mutationtest.engine.gregor.mutators.ReturnValsMutator,appendShortText,514,KILLED,RegressionTest3.test1870(RegressionTest3)
DateTimeFormatterBuilder.java,org.joda.time.format.DateTimeFormatterBuilder,org.pitest.mutationtest.engine.gregor.mutators.experimental.NakedReceiverMutator,appendShortText,514,SURVIVED,none
DateTimeFormatterBuilder.java,org.joda.time.format.DateTimeFormatterBuilder,org.pitest.mutationtest.engine.gregor.mutators.ConditionalsBoundaryMutator,appendSignedDecimal,451,SURVIVED,none
DateTimeFormatterBuilder.java,org.joda.time.format.DateTimeFormatterBuilder,org.pitest.mutationtest.engine.gregor.mutators.ConditionalsBoundaryMutator,appendSignedDecimal,454,KILLED,RegressionTest1.test0868(RegressionTest1)
DateTimeFormatterBuilder.java,org.joda.time.format.DateTimeFormatterBuilder,org.pitest.mutationtest.engine.gregor.mutators.ConditionalsBoundaryMutator,appendSignedDecimal,454,KILLED,RegressionTest1.test0728(RegressionTest1)
DateTimeFormatterBuilder.java,org.joda.time.format.DateTimeFormatterBuilder,org.pitest.mutationtest.engine.gregor.mutators.ConditionalsBoundaryMutator,appendSignedDecimal,457,SURVIVED,none
DateTimeFormatterBuilder.java,org.joda.time.format.DateTimeFormatterBuilder,org.pitest.mutationtest.engine.gregor.mutators.ConstructorCallMutator,appendSignedDecimal,449,KILLED,RegressionTest2.test1485(RegressionTest2)
DateTimeFormatterBuilder.java,org.joda.time.format.DateTimeFormatterBuilder,org.pitest.mutationtest.engine.gregor.mutators.ConstructorCallMutator,appendSignedDecimal,455,KILLED,RegressionTest1.test0728(RegressionTest1)
DateTimeFormatterBuilder.java,org.joda.time.format.DateTimeFormatterBuilder,org.pitest.mutationtest.engine.gregor.mutators.ConstructorCallMutator,appendSignedDecimal,458,SURVIVED,none
DateTimeFormatterBuilder.java,org.joda.time.format.DateTimeFormatterBuilder,org.pitest.mutationtest.engine.gregor.mutators.ConstructorCallMutator,appendSignedDecimal,460,KILLED,RegressionTest0.test0409(RegressionTest0)
DateTimeFormatterBuilder.java,org.joda.time.format.DateTimeFormatterBuilder,org.pitest.mutationtest.engine.gregor.mutators.InlineConstantMutator,appendSignedDecimal,457,SURVIVED,none
DateTimeFormatterBuilder.java,org.joda.time.format.DateTimeFormatterBuilder,org.pitest.mutationtest.engine.gregor.mutators.InlineConstantMutator,appendSignedDecimal,458,SURVIVED,none
DateTimeFormatterBuilder.java,org.joda.time.format.DateTimeFormatterBuilder,org.pitest.mutationtest.engine.gregor.mutators.InlineConstantMutator,appendSignedDecimal,460,SURVIVED,none
DateTimeFormatterBuilder.java,org.joda.time.format.DateTimeFormatterBuilder,org.pitest.mutationtest.engine.gregor.mutators.NegateConditionalsMutator,appendSignedDecimal,448,KILLED,RegressionTest2.test1485(RegressionTest2)
DateTimeFormatterBuilder.java,org.joda.time.format.DateTimeFormatterBuilder,org.pitest.mutationtest.engine.gregor.mutators.NegateConditionalsMutator,appendSignedDecimal,451,KILLED,RegressionTest1.test0869(RegressionTest1)
DateTimeFormatterBuilder.java,org.joda.time.format.DateTimeFormatterBuilder,org.pitest.mutationtest.engine.gregor.mutators.NegateConditionalsMutator,appendSignedDecimal,454,KILLED,RegressionTest1.test0895(RegressionTest1)
DateTimeFormatterBuilder.java,org.joda.time.format.DateTimeFormatterBuilder,org.pitest.mutationtest.engine.gregor.mutators.NegateConditionalsMutator,appendSignedDecimal,454,KILLED,RegressionTest1.test0895(RegressionTest1)
DateTimeFormatterBuilder.java,org.joda.time.format.DateTimeFormatterBuilder,org.pitest.mutationtest.engine.gregor.mutators.NegateConditionalsMutator,appendSignedDecimal,457,SURVIVED,none
DateTimeFormatterBuilder.java,org.joda.time.format.DateTimeFormatterBuilder,org.pitest.mutationtest.engine.gregor.mutators.NonVoidMethodCallMutator,appendSignedDecimal,458,KILLED,RegressionTest1.test0895(RegressionTest1)
DateTimeFormatterBuilder.java,org.joda.time.format.DateTimeFormatterBuilder,org.pitest.mutationtest.engine.gregor.mutators.NonVoidMethodCallMutator,appendSignedDecimal,460,KILLED,RegressionTest1.test0869(RegressionTest1)
DateTimeFormatterBuilder.java,org.joda.time.format.DateTimeFormatterBuilder,org.pitest.mutationtest.engine.gregor.mutators.NullReturnValsMutator,appendSignedDecimal,458,KILLED,RegressionTest1.test0895(RegressionTest1)
DateTimeFormatterBuilder.java,org.joda.time.format.DateTimeFormatterBuilder,org.pitest.mutationtest.engine.gregor.mutators.NullReturnValsMutator,appendSignedDecimal,460,KILLED,RegressionTest1.test0869(RegressionTest1)
DateTimeFormatterBuilder.java,org.joda.time.format.DateTimeFormatterBuilder,org.pitest.mutationtest.engine.gregor.mutators.RemoveConditionalMutator_EQUAL_ELSE,appendSignedDecimal,448,KILLED,RegressionTest2.test1485(RegressionTest2)
DateTimeFormatterBuilder.java,org.joda.time.format.DateTimeFormatterBuilder,org.pitest.mutationtest.engine.gregor.mutators.RemoveConditionalMutator_EQUAL_IF,appendSignedDecimal,448,KILLED,RegressionTest1.test0895(RegressionTest1)
DateTimeFormatterBuilder.java,org.joda.time.format.DateTimeFormatterBuilder,org.pitest.mutationtest.engine.gregor.mutators.RemoveConditionalMutator_ORDER_ELSE,appendSignedDecimal,451,KILLED,RegressionTest1.test0869(RegressionTest1)
DateTimeFormatterBuilder.java,org.joda.time.format.DateTimeFormatterBuilder,org.pitest.mutationtest.engine.gregor.mutators.RemoveConditionalMutator_ORDER_ELSE,appendSignedDecimal,454,KILLED,RegressionTest1.test0895(RegressionTest1)
DateTimeFormatterBuilder.java,org.joda.time.format.DateTimeFormatterBuilder,org.pitest.mutationtest.engine.gregor.mutators.RemoveConditionalMutator_ORDER_ELSE,appendSignedDecimal,454,KILLED,RegressionTest1.test0728(RegressionTest1)
DateTimeFormatterBuilder.java,org.joda.time.format.DateTimeFormatterBuilder,org.pitest.mutationtest.engine.gregor.mutators.RemoveConditionalMutator_ORDER_ELSE,appendSignedDecimal,457,SURVIVED,none
DateTimeFormatterBuilder.java,org.joda.time.format.DateTimeFormatterBuilder,org.pitest.mutationtest.engine.gregor.mutators.RemoveConditionalMutator_ORDER_IF,appendSignedDecimal,451,KILLED,RegressionTest1.test0868(RegressionTest1)
DateTimeFormatterBuilder.java,org.joda.time.format.DateTimeFormatterBuilder,org.pitest.mutationtest.engine.gregor.mutators.RemoveConditionalMutator_ORDER_IF,appendSignedDecimal,454,KILLED,RegressionTest1.test0886(RegressionTest1)
DateTimeFormatterBuilder.java,org.joda.time.format.DateTimeFormatterBuilder,org.pitest.mutationtest.engine.gregor.mutators.RemoveConditionalMutator_ORDER_IF,appendSignedDecimal,454,KILLED,RegressionTest1.test0895(RegressionTest1)
DateTimeFormatterBuilder.java,org.joda.time.format.DateTimeFormatterBuilder,org.pitest.mutationtest.engine.gregor.mutators.RemoveConditionalMutator_ORDER_IF,appendSignedDecimal,457,SURVIVED,none
DateTimeFormatterBuilder.java,org.joda.time.format.DateTimeFormatterBuilder,org.pitest.mutationtest.engine.gregor.mutators.ReturnValsMutator,appendSignedDecimal,458,KILLED,RegressionTest1.test0895(RegressionTest1)
DateTimeFormatterBuilder.java,org.joda.time.format.DateTimeFormatterBuilder,org.pitest.mutationtest.engine.gregor.mutators.ReturnValsMutator,appendSignedDecimal,460,KILLED,RegressionTest1.test0869(RegressionTest1)
DateTimeFormatterBuilder.java,org.joda.time.format.DateTimeFormatterBuilder,org.pitest.mutationtest.engine.gregor.mutators.experimental.NakedReceiverMutator,appendSignedDecimal,458,SURVIVED,none
DateTimeFormatterBuilder.java,org.joda.time.format.DateTimeFormatterBuilder,org.pitest.mutationtest.engine.gregor.mutators.experimental.NakedReceiverMutator,appendSignedDecimal,460,KILLED,RegressionTest0.test0409(RegressionTest0)
DateTimeFormatterBuilder.java,org.joda.time.format.DateTimeFormatterBuilder,org.pitest.mutationtest.engine.gregor.mutators.ConstructorCallMutator,appendText,497,KILLED,RegressionTest2.test1085(RegressionTest2)
DateTimeFormatterBuilder.java,org.joda.time.format.DateTimeFormatterBuilder,org.pitest.mutationtest.engine.gregor.mutators.ConstructorCallMutator,appendText,499,KILLED,RegressionTest1.test0512(RegressionTest1)
DateTimeFormatterBuilder.java,org.joda.time.format.DateTimeFormatterBuilder,org.pitest.mutationtest.engine.gregor.mutators.InlineConstantMutator,appendText,499,SURVIVED,none
DateTimeFormatterBuilder.java,org.joda.time.format.DateTimeFormatterBuilder,org.pitest.mutationtest.engine.gregor.mutators.NegateConditionalsMutator,appendText,496,KILLED,RegressionTest1.test0909(RegressionTest1)
DateTimeFormatterBuilder.java,org.joda.time.format.DateTimeFormatterBuilder,org.pitest.mutationtest.engine.gregor.mutators.NonVoidMethodCallMutator,appendText,499,KILLED,RegressionTest1.test0909(RegressionTest1)
DateTimeFormatterBuilder.java,org.joda.time.format.DateTimeFormatterBuilder,org.pitest.mutationtest.engine.gregor.mutators.NullReturnValsMutator,appendText,499,KILLED,RegressionTest1.test0909(RegressionTest1)
DateTimeFormatterBuilder.java,org.joda.time.format.DateTimeFormatterBuilder,org.pitest.mutationtest.engine.gregor.mutators.RemoveConditionalMutator_EQUAL_ELSE,appendText,496,KILLED,RegressionTest2.test1085(RegressionTest2)
DateTimeFormatterBuilder.java,org.joda.time.format.DateTimeFormatterBuilder,org.pitest.mutationtest.engine.gregor.mutators.RemoveConditionalMutator_EQUAL_IF,appendText,496,KILLED,RegressionTest1.test0909(RegressionTest1)
DateTimeFormatterBuilder.java,org.joda.time.format.DateTimeFormatterBuilder,org.pitest.mutationtest.engine.gregor.mutators.ReturnValsMutator,appendText,499,KILLED,RegressionTest1.test0909(RegressionTest1)
DateTimeFormatterBuilder.java,org.joda.time.format.DateTimeFormatterBuilder,org.pitest.mutationtest.engine.gregor.mutators.experimental.NakedReceiverMutator,appendText,499,KILLED,RegressionTest1.test0714(RegressionTest1)
DateTimeFormatterBuilder.java,org.joda.time.format.DateTimeFormatterBuilder,org.pitest.mutationtest.engine.gregor.mutators.NonVoidMethodCallMutator,appendTimeZoneId,1030,KILLED,RegressionTest2.test1167(RegressionTest2)
DateTimeFormatterBuilder.java,org.joda.time.format.DateTimeFormatterBuilder,org.pitest.mutationtest.engine.gregor.mutators.NullReturnValsMutator,appendTimeZoneId,1030,KILLED,RegressionTest2.test1167(RegressionTest2)
DateTimeFormatterBuilder.java,org.joda.time.format.DateTimeFormatterBuilder,org.pitest.mutationtest.engine.gregor.mutators.ReturnValsMutator,appendTimeZoneId,1030,KILLED,RegressionTest2.test1167(RegressionTest2)
DateTimeFormatterBuilder.java,org.joda.time.format.DateTimeFormatterBuilder,org.pitest.mutationtest.engine.gregor.mutators.experimental.NakedReceiverMutator,appendTimeZoneId,1030,KILLED,RegressionTest3.test1514(RegressionTest3)
DateTimeFormatterBuilder.java,org.joda.time.format.DateTimeFormatterBuilder,org.pitest.mutationtest.engine.gregor.mutators.ConstructorCallMutator,appendTimeZoneName,980,SURVIVED,none
DateTimeFormatterBuilder.java,org.joda.time.format.DateTimeFormatterBuilder,org.pitest.mutationtest.engine.gregor.mutators.InlineConstantMutator,appendTimeZoneName,980,SURVIVED,none
DateTimeFormatterBuilder.java,org.joda.time.format.DateTimeFormatterBuilder,org.pitest.mutationtest.engine.gregor.mutators.NonVoidMethodCallMutator,appendTimeZoneName,980,KILLED,RegressionTest3.test1804(RegressionTest3)
DateTimeFormatterBuilder.java,org.joda.time.format.DateTimeFormatterBuilder,org.pitest.mutationtest.engine.gregor.mutators.NullReturnValsMutator,appendTimeZoneName,980,KILLED,RegressionTest3.test1804(RegressionTest3)
DateTimeFormatterBuilder.java,org.joda.time.format.DateTimeFormatterBuilder,org.pitest.mutationtest.engine.gregor.mutators.ReturnValsMutator,appendTimeZoneName,980,KILLED,RegressionTest3.test1804(RegressionTest3)
DateTimeFormatterBuilder.java,org.joda.time.format.DateTimeFormatterBuilder,org.pitest.mutationtest.engine.gregor.mutators.experimental.NakedReceiverMutator,appendTimeZoneName,980,SURVIVED,none
DateTimeFormatterBuilder.java,org.joda.time.format.DateTimeFormatterBuilder,org.pitest.mutationtest.engine.gregor.mutators.ConstructorCallMutator,appendTimeZoneName,993,KILLED,RegressionTest2.test1342(RegressionTest2)
DateTimeFormatterBuilder.java,org.joda.time.format.DateTimeFormatterBuilder,org.pitest.mutationtest.engine.gregor.mutators.InlineConstantMutator,appendTimeZoneName,993,SURVIVED,none
DateTimeFormatterBuilder.java,org.joda.time.format.DateTimeFormatterBuilder,org.pitest.mutationtest.engine.gregor.mutators.NonVoidMethodCallMutator,appendTimeZoneName,994,KILLED,RegressionTest1.test0909(RegressionTest1)
DateTimeFormatterBuilder.java,org.joda.time.format.DateTimeFormatterBuilder,org.pitest.mutationtest.engine.gregor.mutators.NullReturnValsMutator,appendTimeZoneName,994,KILLED,RegressionTest1.test0909(RegressionTest1)
DateTimeFormatterBuilder.java,org.joda.time.format.DateTimeFormatterBuilder,org.pitest.mutationtest.engine.gregor.mutators.ReturnValsMutator,appendTimeZoneName,994,KILLED,RegressionTest1.test0909(RegressionTest1)
DateTimeFormatterBuilder.java,org.joda.time.format.DateTimeFormatterBuilder,org.pitest.mutationtest.engine.gregor.mutators.experimental.NakedReceiverMutator,appendTimeZoneName,994,KILLED,RegressionTest2.test1342(RegressionTest2)
DateTimeFormatterBuilder.java,org.joda.time.format.DateTimeFormatterBuilder,org.pitest.mutationtest.engine.gregor.mutators.ConstructorCallMutator,appendTimeZoneOffset,1080,KILLED,RegressionTest1.test0928(RegressionTest1)
DateTimeFormatterBuilder.java,org.joda.time.format.DateTimeFormatterBuilder,org.pitest.mutationtest.engine.gregor.mutators.NonVoidMethodCallMutator,appendTimeZoneOffset,1080,KILLED,RegressionTest3.test1537(RegressionTest3)
DateTimeFormatterBuilder.java,org.joda.time.format.DateTimeFormatterBuilder,org.pitest.mutationtest.engine.gregor.mutators.NullReturnValsMutator,appendTimeZoneOffset,1080,KILLED,RegressionTest3.test1537(RegressionTest3)
DateTimeFormatterBuilder.java,org.joda.time.format.DateTimeFormatterBuilder,org.pitest.mutationtest.engine.gregor.mutators.ReturnValsMutator,appendTimeZoneOffset,1080,KILLED,RegressionTest3.test1537(RegressionTest3)
DateTimeFormatterBuilder.java,org.joda.time.format.DateTimeFormatterBuilder,org.pitest.mutationtest.engine.gregor.mutators.experimental.NakedReceiverMutator,appendTimeZoneOffset,1080,SURVIVED,none
DateTimeFormatterBuilder.java,org.joda.time.format.DateTimeFormatterBuilder,org.pitest.mutationtest.engine.gregor.mutators.ConstructorCallMutator,appendTimeZoneOffset,1053,KILLED,RegressionTest2.test1167(RegressionTest2)
DateTimeFormatterBuilder.java,org.joda.time.format.DateTimeFormatterBuilder,org.pitest.mutationtest.engine.gregor.mutators.NonVoidMethodCallMutator,appendTimeZoneOffset,1053,KILLED,RegressionTest3.test1640(RegressionTest3)
DateTimeFormatterBuilder.java,org.joda.time.format.DateTimeFormatterBuilder,org.pitest.mutationtest.engine.gregor.mutators.NullReturnValsMutator,appendTimeZoneOffset,1053,KILLED,RegressionTest3.test1640(RegressionTest3)
DateTimeFormatterBuilder.java,org.joda.time.format.DateTimeFormatterBuilder,org.pitest.mutationtest.engine.gregor.mutators.ReturnValsMutator,appendTimeZoneOffset,1053,KILLED,RegressionTest3.test1640(RegressionTest3)
DateTimeFormatterBuilder.java,org.joda.time.format.DateTimeFormatterBuilder,org.pitest.mutationtest.engine.gregor.mutators.experimental.NakedReceiverMutator,appendTimeZoneOffset,1053,SURVIVED,none
DateTimeFormatterBuilder.java,org.joda.time.format.DateTimeFormatterBuilder,org.pitest.mutationtest.engine.gregor.mutators.ConstructorCallMutator,appendTimeZoneShortName,1005,SURVIVED,none
DateTimeFormatterBuilder.java,org.joda.time.format.DateTimeFormatterBuilder,org.pitest.mutationtest.engine.gregor.mutators.InlineConstantMutator,appendTimeZoneShortName,1005,SURVIVED,none
DateTimeFormatterBuilder.java,org.joda.time.format.DateTimeFormatterBuilder,org.pitest.mutationtest.engine.gregor.mutators.NonVoidMethodCallMutator,appendTimeZoneShortName,1005,KILLED,RegressionTest3.test1618(RegressionTest3)
DateTimeFormatterBuilder.java,org.joda.time.format.DateTimeFormatterBuilder,org.pitest.mutationtest.engine.gregor.mutators.NullReturnValsMutator,appendTimeZoneShortName,1005,KILLED,RegressionTest3.test1618(RegressionTest3)
DateTimeFormatterBuilder.java,org.joda.time.format.DateTimeFormatterBuilder,org.pitest.mutationtest.engine.gregor.mutators.ReturnValsMutator,appendTimeZoneShortName,1005,KILLED,RegressionTest3.test1618(RegressionTest3)
DateTimeFormatterBuilder.java,org.joda.time.format.DateTimeFormatterBuilder,org.pitest.mutationtest.engine.gregor.mutators.experimental.NakedReceiverMutator,appendTimeZoneShortName,1005,SURVIVED,none
DateTimeFormatterBuilder.java,org.joda.time.format.DateTimeFormatterBuilder,org.pitest.mutationtest.engine.gregor.mutators.ConstructorCallMutator,appendTimeZoneShortName,1019,SURVIVED,none
DateTimeFormatterBuilder.java,org.joda.time.format.DateTimeFormatterBuilder,org.pitest.mutationtest.engine.gregor.mutators.InlineConstantMutator,appendTimeZoneShortName,1019,SURVIVED,none
DateTimeFormatterBuilder.java,org.joda.time.format.DateTimeFormatterBuilder,org.pitest.mutationtest.engine.gregor.mutators.NonVoidMethodCallMutator,appendTimeZoneShortName,1020,KILLED,RegressionTest3.test1805(RegressionTest3)
DateTimeFormatterBuilder.java,org.joda.time.format.DateTimeFormatterBuilder,org.pitest.mutationtest.engine.gregor.mutators.NullReturnValsMutator,appendTimeZoneShortName,1020,KILLED,RegressionTest3.test1805(RegressionTest3)
DateTimeFormatterBuilder.java,org.joda.time.format.DateTimeFormatterBuilder,org.pitest.mutationtest.engine.gregor.mutators.ReturnValsMutator,appendTimeZoneShortName,1020,KILLED,RegressionTest3.test1805(RegressionTest3)
DateTimeFormatterBuilder.java,org.joda.time.format.DateTimeFormatterBuilder,org.pitest.mutationtest.engine.gregor.mutators.experimental.NakedReceiverMutator,appendTimeZoneShortName,1020,SURVIVED,none
DateTimeFormatterBuilder.java,org.joda.time.format.DateTimeFormatterBuilder,org.pitest.mutationtest.engine.gregor.mutators.InlineConstantMutator,appendTwoDigitWeekyear,853,SURVIVED,none
DateTimeFormatterBuilder.java,org.joda.time.format.DateTimeFormatterBuilder,org.pitest.mutationtest.engine.gregor.mutators.NonVoidMethodCallMutator,appendTwoDigitWeekyear,853,KILLED,RegressionTest2.test1485(RegressionTest2)
DateTimeFormatterBuilder.java,org.joda.time.format.DateTimeFormatterBuilder,org.pitest.mutationtest.engine.gregor.mutators.NullReturnValsMutator,appendTwoDigitWeekyear,853,KILLED,RegressionTest2.test1485(RegressionTest2)
DateTimeFormatterBuilder.java,org.joda.time.format.DateTimeFormatterBuilder,org.pitest.mutationtest.engine.gregor.mutators.ReturnValsMutator,appendTwoDigitWeekyear,853,KILLED,RegressionTest2.test1485(RegressionTest2)
DateTimeFormatterBuilder.java,org.joda.time.format.DateTimeFormatterBuilder,org.pitest.mutationtest.engine.gregor.mutators.experimental.NakedReceiverMutator,appendTwoDigitWeekyear,853,KILLED,RegressionTest2.test1088(RegressionTest2)
DateTimeFormatterBuilder.java,org.joda.time.format.DateTimeFormatterBuilder,org.pitest.mutationtest.engine.gregor.mutators.ConstructorCallMutator,appendTwoDigitWeekyear,871,KILLED,RegressionTest2.test1088(RegressionTest2)
DateTimeFormatterBuilder.java,org.joda.time.format.DateTimeFormatterBuilder,org.pitest.mutationtest.engine.gregor.mutators.NonVoidMethodCallMutator,appendTwoDigitWeekyear,871,SURVIVED,none
DateTimeFormatterBuilder.java,org.joda.time.format.DateTimeFormatterBuilder,org.pitest.mutationtest.engine.gregor.mutators.NonVoidMethodCallMutator,appendTwoDigitWeekyear,871,KILLED,RegressionTest2.test1485(RegressionTest2)
DateTimeFormatterBuilder.java,org.joda.time.format.DateTimeFormatterBuilder,org.pitest.mutationtest.engine.gregor.mutators.NullReturnValsMutator,appendTwoDigitWeekyear,871,KILLED,RegressionTest2.test1485(RegressionTest2)
DateTimeFormatterBuilder.java,org.joda.time.format.DateTimeFormatterBuilder,org.pitest.mutationtest.engine.gregor.mutators.ReturnValsMutator,appendTwoDigitWeekyear,871,KILLED,RegressionTest2.test1485(RegressionTest2)
DateTimeFormatterBuilder.java,org.joda.time.format.DateTimeFormatterBuilder,org.pitest.mutationtest.engine.gregor.mutators.experimental.NakedReceiverMutator,appendTwoDigitWeekyear,871,KILLED,RegressionTest2.test1088(RegressionTest2)
DateTimeFormatterBuilder.java,org.joda.time.format.DateTimeFormatterBuilder,org.pitest.mutationtest.engine.gregor.mutators.InlineConstantMutator,appendTwoDigitYear,813,SURVIVED,none
DateTimeFormatterBuilder.java,org.joda.time.format.DateTimeFormatterBuilder,org.pitest.mutationtest.engine.gregor.mutators.NonVoidMethodCallMutator,appendTwoDigitYear,813,KILLED,RegressionTest3.test1835(RegressionTest3)
DateTimeFormatterBuilder.java,org.joda.time.format.DateTimeFormatterBuilder,org.pitest.mutationtest.engine.gregor.mutators.NullReturnValsMutator,appendTwoDigitYear,813,KILLED,RegressionTest3.test1835(RegressionTest3)
DateTimeFormatterBuilder.java,org.joda.time.format.DateTimeFormatterBuilder,org.pitest.mutationtest.engine.gregor.mutators.ReturnValsMutator,appendTwoDigitYear,813,KILLED,RegressionTest3.test1835(RegressionTest3)
DateTimeFormatterBuilder.java,org.joda.time.format.DateTimeFormatterBuilder,org.pitest.mutationtest.engine.gregor.mutators.experimental.NakedReceiverMutator,appendTwoDigitYear,813,SURVIVED,none
DateTimeFormatterBuilder.java,org.joda.time.format.DateTimeFormatterBuilder,org.pitest.mutationtest.engine.gregor.mutators.ConstructorCallMutator,appendTwoDigitYear,831,SURVIVED,none
DateTimeFormatterBuilder.java,org.joda.time.format.DateTimeFormatterBuilder,org.pitest.mutationtest.engine.gregor.mutators.NonVoidMethodCallMutator,appendTwoDigitYear,831,SURVIVED,none
DateTimeFormatterBuilder.java,org.joda.time.format.DateTimeFormatterBuilder,org.pitest.mutationtest.engine.gregor.mutators.NonVoidMethodCallMutator,appendTwoDigitYear,831,KILLED,RegressionTest3.test1835(RegressionTest3)
DateTimeFormatterBuilder.java,org.joda.time.format.DateTimeFormatterBuilder,org.pitest.mutationtest.engine.gregor.mutators.NullReturnValsMutator,appendTwoDigitYear,831,KILLED,RegressionTest3.test1835(RegressionTest3)
DateTimeFormatterBuilder.java,org.joda.time.format.DateTimeFormatterBuilder,org.pitest.mutationtest.engine.gregor.mutators.ReturnValsMutator,appendTwoDigitYear,831,KILLED,RegressionTest3.test1835(RegressionTest3)
DateTimeFormatterBuilder.java,org.joda.time.format.DateTimeFormatterBuilder,org.pitest.mutationtest.engine.gregor.mutators.experimental.NakedReceiverMutator,appendTwoDigitYear,831,SURVIVED,none
DateTimeFormatterBuilder.java,org.joda.time.format.DateTimeFormatterBuilder,org.pitest.mutationtest.engine.gregor.mutators.ConditionalsBoundaryMutator,appendUnknownString,1151,NO_COVERAGE,none
DateTimeFormatterBuilder.java,org.joda.time.format.DateTimeFormatterBuilder,org.pitest.mutationtest.engine.gregor.mutators.IncrementsMutator,appendUnknownString,1151,NO_COVERAGE,none
DateTimeFormatterBuilder.java,org.joda.time.format.DateTimeFormatterBuilder,org.pitest.mutationtest.engine.gregor.mutators.InlineConstantMutator,appendUnknownString,1152,NO_COVERAGE,none
DateTimeFormatterBuilder.java,org.joda.time.format.DateTimeFormatterBuilder,org.pitest.mutationtest.engine.gregor.mutators.NegateConditionalsMutator,appendUnknownString,1151,NO_COVERAGE,none
DateTimeFormatterBuilder.java,org.joda.time.format.DateTimeFormatterBuilder,org.pitest.mutationtest.engine.gregor.mutators.NonVoidMethodCallMutator,appendUnknownString,1152,NO_COVERAGE,none
DateTimeFormatterBuilder.java,org.joda.time.format.DateTimeFormatterBuilder,org.pitest.mutationtest.engine.gregor.mutators.RemoveConditionalMutator_ORDER_ELSE,appendUnknownString,1151,NO_COVERAGE,none
DateTimeFormatterBuilder.java,org.joda.time.format.DateTimeFormatterBuilder,org.pitest.mutationtest.engine.gregor.mutators.RemoveConditionalMutator_ORDER_IF,appendUnknownString,1151,NO_COVERAGE,none
DateTimeFormatterBuilder.java,org.joda.time.format.DateTimeFormatterBuilder,org.pitest.mutationtest.engine.gregor.mutators.experimental.NakedReceiverMutator,appendUnknownString,1152,NO_COVERAGE,none
DateTimeFormatterBuilder.java,org.joda.time.format.DateTimeFormatterBuilder,org.pitest.mutationtest.engine.gregor.mutators.experimental.RemoveIncrementsMutator,appendUnknownString,1151,NO_COVERAGE,none
DateTimeFormatterBuilder.java,org.joda.time.format.DateTimeFormatterBuilder,org.pitest.mutationtest.engine.gregor.mutators.InlineConstantMutator,appendWeekOfWeekyear,757,SURVIVED,none
DateTimeFormatterBuilder.java,org.joda.time.format.DateTimeFormatterBuilder,org.pitest.mutationtest.engine.gregor.mutators.NonVoidMethodCallMutator,appendWeekOfWeekyear,757,KILLED,RegressionTest3.test1619(RegressionTest3)
DateTimeFormatterBuilder.java,org.joda.time.format.DateTimeFormatterBuilder,org.pitest.mutationtest.engine.gregor.mutators.NonVoidMethodCallMutator,appendWeekOfWeekyear,757,KILLED,RegressionTest3.test1619(RegressionTest3)
DateTimeFormatterBuilder.java,org.joda.time.format.DateTimeFormatterBuilder,org.pitest.mutationtest.engine.gregor.mutators.NullReturnValsMutator,appendWeekOfWeekyear,757,KILLED,RegressionTest3.test1619(RegressionTest3)
DateTimeFormatterBuilder.java,org.joda.time.format.DateTimeFormatterBuilder,org.pitest.mutationtest.engine.gregor.mutators.ReturnValsMutator,appendWeekOfWeekyear,757,KILLED,RegressionTest3.test1619(RegressionTest3)
DateTimeFormatterBuilder.java,org.joda.time.format.DateTimeFormatterBuilder,org.pitest.mutationtest.engine.gregor.mutators.experimental.NakedReceiverMutator,appendWeekOfWeekyear,757,KILLED,RegressionTest0.test0099(RegressionTest0)
DateTimeFormatterBuilder.java,org.joda.time.format.DateTimeFormatterBuilder,org.pitest.mutationtest.engine.gregor.mutators.NonVoidMethodCallMutator,appendWeekyear,769,KILLED,RegressionTest1.test0869(RegressionTest1)
DateTimeFormatterBuilder.java,org.joda.time.format.DateTimeFormatterBuilder,org.pitest.mutationtest.engine.gregor.mutators.NonVoidMethodCallMutator,appendWeekyear,769,KILLED,RegressionTest1.test0869(RegressionTest1)
DateTimeFormatterBuilder.java,org.joda.time.format.DateTimeFormatterBuilder,org.pitest.mutationtest.engine.gregor.mutators.NullReturnValsMutator,appendWeekyear,769,KILLED,RegressionTest1.test0869(RegressionTest1)
DateTimeFormatterBuilder.java,org.joda.time.format.DateTimeFormatterBuilder,org.pitest.mutationtest.engine.gregor.mutators.ReturnValsMutator,appendWeekyear,769,KILLED,RegressionTest1.test0869(RegressionTest1)
DateTimeFormatterBuilder.java,org.joda.time.format.DateTimeFormatterBuilder,org.pitest.mutationtest.engine.gregor.mutators.experimental.NakedReceiverMutator,appendWeekyear,769,KILLED,RegressionTest0.test0409(RegressionTest0)
DateTimeFormatterBuilder.java,org.joda.time.format.DateTimeFormatterBuilder,org.pitest.mutationtest.engine.gregor.mutators.NonVoidMethodCallMutator,appendYear,791,KILLED,RegressionTest3.test1659(RegressionTest3)
DateTimeFormatterBuilder.java,org.joda.time.format.DateTimeFormatterBuilder,org.pitest.mutationtest.engine.gregor.mutators.NonVoidMethodCallMutator,appendYear,791,KILLED,RegressionTest3.test1659(RegressionTest3)
DateTimeFormatterBuilder.java,org.joda.time.format.DateTimeFormatterBuilder,org.pitest.mutationtest.engine.gregor.mutators.NullReturnValsMutator,appendYear,791,KILLED,RegressionTest3.test1659(RegressionTest3)
DateTimeFormatterBuilder.java,org.joda.time.format.DateTimeFormatterBuilder,org.pitest.mutationtest.engine.gregor.mutators.ReturnValsMutator,appendYear,791,KILLED,RegressionTest3.test1659(RegressionTest3)
DateTimeFormatterBuilder.java,org.joda.time.format.DateTimeFormatterBuilder,org.pitest.mutationtest.engine.gregor.mutators.experimental.NakedReceiverMutator,appendYear,791,KILLED,RegressionTest2.test1054(RegressionTest2)
DateTimeFormatterBuilder.java,org.joda.time.format.DateTimeFormatterBuilder,org.pitest.mutationtest.engine.gregor.mutators.NonVoidMethodCallMutator,appendYearOfCentury,895,KILLED,RegressionTest2.test1188(RegressionTest2)
DateTimeFormatterBuilder.java,org.joda.time.format.DateTimeFormatterBuilder,org.pitest.mutationtest.engine.gregor.mutators.NonVoidMethodCallMutator,appendYearOfCentury,895,KILLED,RegressionTest0.test0112(RegressionTest0)
DateTimeFormatterBuilder.java,org.joda.time.format.DateTimeFormatterBuilder,org.pitest.mutationtest.engine.gregor.mutators.NullReturnValsMutator,appendYearOfCentury,895,KILLED,RegressionTest2.test1188(RegressionTest2)
DateTimeFormatterBuilder.java,org.joda.time.format.DateTimeFormatterBuilder,org.pitest.mutationtest.engine.gregor.mutators.ReturnValsMutator,appendYearOfCentury,895,KILLED,RegressionTest2.test1188(RegressionTest2)
DateTimeFormatterBuilder.java,org.joda.time.format.DateTimeFormatterBuilder,org.pitest.mutationtest.engine.gregor.mutators.experimental.NakedReceiverMutator,appendYearOfCentury,895,KILLED,RegressionTest0.test0112(RegressionTest0)
DateTimeFormatterBuilder.java,org.joda.time.format.DateTimeFormatterBuilder,org.pitest.mutationtest.engine.gregor.mutators.NonVoidMethodCallMutator,appendYearOfEra,883,KILLED,RegressionTest3.test1507(RegressionTest3)
DateTimeFormatterBuilder.java,org.joda.time.format.DateTimeFormatterBuilder,org.pitest.mutationtest.engine.gregor.mutators.NonVoidMethodCallMutator,appendYearOfEra,883,KILLED,RegressionTest3.test1507(RegressionTest3)
DateTimeFormatterBuilder.java,org.joda.time.format.DateTimeFormatterBuilder,org.pitest.mutationtest.engine.gregor.mutators.NullReturnValsMutator,appendYearOfEra,883,KILLED,RegressionTest3.test1507(RegressionTest3)
DateTimeFormatterBuilder.java,org.joda.time.format.DateTimeFormatterBuilder,org.pitest.mutationtest.engine.gregor.mutators.ReturnValsMutator,appendYearOfEra,883,KILLED,RegressionTest3.test1507(RegressionTest3)
DateTimeFormatterBuilder.java,org.joda.time.format.DateTimeFormatterBuilder,org.pitest.mutationtest.engine.gregor.mutators.experimental.NakedReceiverMutator,appendYearOfEra,883,KILLED,RegressionTest1.test0880(RegressionTest1)
DateTimeFormatterBuilder.java,org.joda.time.format.DateTimeFormatterBuilder,org.pitest.mutationtest.engine.gregor.mutators.BooleanFalseReturnValsMutator,canBuildFormatter,167,KILLED,RegressionTest1.test0861(RegressionTest1)
DateTimeFormatterBuilder.java,org.joda.time.format.DateTimeFormatterBuilder,org.pitest.mutationtest.engine.gregor.mutators.BooleanTrueReturnValsMutator,canBuildFormatter,167,KILLED,RegressionTest1.test0713(RegressionTest1)
DateTimeFormatterBuilder.java,org.joda.time.format.DateTimeFormatterBuilder,org.pitest.mutationtest.engine.gregor.mutators.NonVoidMethodCallMutator,canBuildFormatter,167,KILLED,RegressionTest1.test0861(RegressionTest1)
DateTimeFormatterBuilder.java,org.joda.time.format.DateTimeFormatterBuilder,org.pitest.mutationtest.engine.gregor.mutators.NonVoidMethodCallMutator,canBuildFormatter,167,KILLED,RegressionTest1.test0861(RegressionTest1)
DateTimeFormatterBuilder.java,org.joda.time.format.DateTimeFormatterBuilder,org.pitest.mutationtest.engine.gregor.mutators.ReturnValsMutator,canBuildFormatter,167,KILLED,RegressionTest1.test0713(RegressionTest1)
DateTimeFormatterBuilder.java,org.joda.time.format.DateTimeFormatterBuilder,org.pitest.mutationtest.engine.gregor.mutators.BooleanFalseReturnValsMutator,canBuildParser,187,KILLED,RegressionTest3.test1868(RegressionTest3)
DateTimeFormatterBuilder.java,org.joda.time.format.DateTimeFormatterBuilder,org.pitest.mutationtest.engine.gregor.mutators.BooleanTrueReturnValsMutator,canBuildParser,187,SURVIVED,none
DateTimeFormatterBuilder.java,org.joda.time.format.DateTimeFormatterBuilder,org.pitest.mutationtest.engine.gregor.mutators.NonVoidMethodCallMutator,canBuildParser,187,KILLED,RegressionTest3.test1868(RegressionTest3)
DateTimeFormatterBuilder.java,org.joda.time.format.DateTimeFormatterBuilder,org.pitest.mutationtest.engine.gregor.mutators.NonVoidMethodCallMutator,canBuildParser,187,KILLED,RegressionTest3.test1868(RegressionTest3)
DateTimeFormatterBuilder.java,org.joda.time.format.DateTimeFormatterBuilder,org.pitest.mutationtest.engine.gregor.mutators.ReturnValsMutator,canBuildParser,187,KILLED,RegressionTest3.test1868(RegressionTest3)
DateTimeFormatterBuilder.java,org.joda.time.format.DateTimeFormatterBuilder,org.pitest.mutationtest.engine.gregor.mutators.BooleanFalseReturnValsMutator,canBuildPrinter,177,KILLED,RegressionTest3.test1849(RegressionTest3)
DateTimeFormatterBuilder.java,org.joda.time.format.DateTimeFormatterBuilder,org.pitest.mutationtest.engine.gregor.mutators.BooleanTrueReturnValsMutator,canBuildPrinter,177,SURVIVED,none
DateTimeFormatterBuilder.java,org.joda.time.format.DateTimeFormatterBuilder,org.pitest.mutationtest.engine.gregor.mutators.NonVoidMethodCallMutator,canBuildPrinter,177,KILLED,RegressionTest3.test1849(RegressionTest3)
DateTimeFormatterBuilder.java,org.joda.time.format.DateTimeFormatterBuilder,org.pitest.mutationtest.engine.gregor.mutators.NonVoidMethodCallMutator,canBuildPrinter,177,KILLED,RegressionTest3.test1849(RegressionTest3)
DateTimeFormatterBuilder.java,org.joda.time.format.DateTimeFormatterBuilder,org.pitest.mutationtest.engine.gregor.mutators.ReturnValsMutator,canBuildPrinter,177,KILLED,RegressionTest3.test1849(RegressionTest3)
DateTimeFormatterBuilder.java,org.joda.time.format.DateTimeFormatterBuilder,org.pitest.mutationtest.engine.gregor.mutators.ConstructorCallMutator,checkParser,320,KILLED,RegressionTest0.test0260(RegressionTest0)
DateTimeFormatterBuilder.java,org.joda.time.format.DateTimeFormatterBuilder,org.pitest.mutationtest.engine.gregor.mutators.NegateConditionalsMutator,checkParser,319,KILLED,RegressionTest3.test1728(RegressionTest3)
DateTimeFormatterBuilder.java,org.joda.time.format.DateTimeFormatterBuilder,org.pitest.mutationtest.engine.gregor.mutators.RemoveConditionalMutator_EQUAL_ELSE,checkParser,319,KILLED,RegressionTest0.test0260(RegressionTest0)
DateTimeFormatterBuilder.java,org.joda.time.format.DateTimeFormatterBuilder,org.pitest.mutationtest.engine.gregor.mutators.RemoveConditionalMutator_EQUAL_IF,checkParser,319,KILLED,RegressionTest3.test1728(RegressionTest3)
DateTimeFormatterBuilder.java,org.joda.time.format.DateTimeFormatterBuilder,org.pitest.mutationtest.engine.gregor.mutators.ConstructorCallMutator,checkPrinter,331,KILLED,RegressionTest3.test1751(RegressionTest3)
DateTimeFormatterBuilder.java,org.joda.time.format.DateTimeFormatterBuilder,org.pitest.mutationtest.engine.gregor.mutators.NegateConditionalsMutator,checkPrinter,330,KILLED,RegressionTest3.test1534(RegressionTest3)
DateTimeFormatterBuilder.java,org.joda.time.format.DateTimeFormatterBuilder,org.pitest.mutationtest.engine.gregor.mutators.RemoveConditionalMutator_EQUAL_ELSE,checkPrinter,330,KILLED,RegressionTest3.test1751(RegressionTest3)
DateTimeFormatterBuilder.java,org.joda.time.format.DateTimeFormatterBuilder,org.pitest.mutationtest.engine.gregor.mutators.RemoveConditionalMutator_EQUAL_IF,checkPrinter,330,KILLED,RegressionTest3.test1534(RegressionTest3)
DateTimeFormatterBuilder.java,org.joda.time.format.DateTimeFormatterBuilder,org.pitest.mutationtest.engine.gregor.mutators.VoidMethodCallMutator,clear,197,KILLED,RegressionTest0.test0489(RegressionTest0)
DateTimeFormatterBuilder.java,org.joda.time.format.DateTimeFormatterBuilder,org.pitest.mutationtest.engine.gregor.mutators.experimental.MemberVariableMutator,clear,196,SURVIVED,none
DateTimeFormatterBuilder.java,org.joda.time.format.DateTimeFormatterBuilder,org.pitest.mutationtest.engine.gregor.mutators.ConstructorCallMutator,getFormatter,1117,KILLED,RegressionTest0.test0114(RegressionTest0)
DateTimeFormatterBuilder.java,org.joda.time.format.DateTimeFormatterBuilder,org.pitest.mutationtest.engine.gregor.mutators.InlineConstantMutator,getFormatter,1103,SURVIVED,none
DateTimeFormatterBuilder.java,org.joda.time.format.DateTimeFormatterBuilder,org.pitest.mutationtest.engine.gregor.mutators.InlineConstantMutator,getFormatter,1104,SURVIVED,none
DateTimeFormatterBuilder.java,org.joda.time.format.DateTimeFormatterBuilder,org.pitest.mutationtest.engine.gregor.mutators.InlineConstantMutator,getFormatter,1105,SURVIVED,none
DateTimeFormatterBuilder.java,org.joda.time.format.DateTimeFormatterBuilder,org.pitest.mutationtest.engine.gregor.mutators.NegateConditionalsMutator,getFormatter,1102,KILLED,RegressionTest0.test0114(RegressionTest0)
DateTimeFormatterBuilder.java,org.joda.time.format.DateTimeFormatterBuilder,org.pitest.mutationtest.engine.gregor.mutators.NegateConditionalsMutator,getFormatter,1103,KILLED,RegressionTest1.test0713(RegressionTest1)
DateTimeFormatterBuilder.java,org.joda.time.format.DateTimeFormatterBuilder,org.pitest.mutationtest.engine.gregor.mutators.NegateConditionalsMutator,getFormatter,1107,SURVIVED,none
DateTimeFormatterBuilder.java,org.joda.time.format.DateTimeFormatterBuilder,org.pitest.mutationtest.engine.gregor.mutators.NegateConditionalsMutator,getFormatter,1108,SURVIVED,none
DateTimeFormatterBuilder.java,org.joda.time.format.DateTimeFormatterBuilder,org.pitest.mutationtest.engine.gregor.mutators.NegateConditionalsMutator,getFormatter,1108,SURVIVED,none
DateTimeFormatterBuilder.java,org.joda.time.format.DateTimeFormatterBuilder,org.pitest.mutationtest.engine.gregor.mutators.NegateConditionalsMutator,getFormatter,1116,KILLED,RegressionTest0.test0114(RegressionTest0)
DateTimeFormatterBuilder.java,org.joda.time.format.DateTimeFormatterBuilder,org.pitest.mutationtest.engine.gregor.mutators.NonVoidMethodCallMutator,getFormatter,1103,SURVIVED,none
DateTimeFormatterBuilder.java,org.joda.time.format.DateTimeFormatterBuilder,org.pitest.mutationtest.engine.gregor.mutators.NonVoidMethodCallMutator,getFormatter,1104,SURVIVED,none
DateTimeFormatterBuilder.java,org.joda.time.format.DateTimeFormatterBuilder,org.pitest.mutationtest.engine.gregor.mutators.NonVoidMethodCallMutator,getFormatter,1105,SURVIVED,none
DateTimeFormatterBuilder.java,org.joda.time.format.DateTimeFormatterBuilder,org.pitest.mutationtest.engine.gregor.mutators.NullReturnValsMutator,getFormatter,1123,KILLED,RegressionTest0.test0114(RegressionTest0)
DateTimeFormatterBuilder.java,org.joda.time.format.DateTimeFormatterBuilder,org.pitest.mutationtest.engine.gregor.mutators.RemoveConditionalMutator_EQUAL_ELSE,getFormatter,1102,KILLED,RegressionTest0.test0114(RegressionTest0)
DateTimeFormatterBuilder.java,org.joda.time.format.DateTimeFormatterBuilder,org.pitest.mutationtest.engine.gregor.mutators.RemoveConditionalMutator_EQUAL_ELSE,getFormatter,1103,SURVIVED,none
DateTimeFormatterBuilder.java,org.joda.time.format.DateTimeFormatterBuilder,org.pitest.mutationtest.engine.gregor.mutators.RemoveConditionalMutator_EQUAL_ELSE,getFormatter,1107,SURVIVED,none
DateTimeFormatterBuilder.java,org.joda.time.format.DateTimeFormatterBuilder,org.pitest.mutationtest.engine.gregor.mutators.RemoveConditionalMutator_EQUAL_ELSE,getFormatter,1108,SURVIVED,none
DateTimeFormatterBuilder.java,org.joda.time.format.DateTimeFormatterBuilder,org.pitest.mutationtest.engine.gregor.mutators.RemoveConditionalMutator_EQUAL_ELSE,getFormatter,1108,SURVIVED,none
DateTimeFormatterBuilder.java,org.joda.time.format.DateTimeFormatterBuilder,org.pitest.mutationtest.engine.gregor.mutators.RemoveConditionalMutator_EQUAL_ELSE,getFormatter,1116,KILLED,RegressionTest0.test0114(RegressionTest0)
DateTimeFormatterBuilder.java,org.joda.time.format.DateTimeFormatterBuilder,org.pitest.mutationtest.engine.gregor.mutators.RemoveConditionalMutator_EQUAL_IF,getFormatter,1102,SURVIVED,none
DateTimeFormatterBuilder.java,org.joda.time.format.DateTimeFormatterBuilder,org.pitest.mutationtest.engine.gregor.mutators.RemoveConditionalMutator_EQUAL_IF,getFormatter,1103,KILLED,RegressionTest1.test0713(RegressionTest1)
DateTimeFormatterBuilder.java,org.joda.time.format.DateTimeFormatterBuilder,org.pitest.mutationtest.engine.gregor.mutators.RemoveConditionalMutator_EQUAL_IF,getFormatter,1107,SURVIVED,none
DateTimeFormatterBuilder.java,org.joda.time.format.DateTimeFormatterBuilder,org.pitest.mutationtest.engine.gregor.mutators.RemoveConditionalMutator_EQUAL_IF,getFormatter,1108,SURVIVED,none
DateTimeFormatterBuilder.java,org.joda.time.format.DateTimeFormatterBuilder,org.pitest.mutationtest.engine.gregor.mutators.RemoveConditionalMutator_EQUAL_IF,getFormatter,1108,SURVIVED,none
DateTimeFormatterBuilder.java,org.joda.time.format.DateTimeFormatterBuilder,org.pitest.mutationtest.engine.gregor.mutators.RemoveConditionalMutator_EQUAL_IF,getFormatter,1116,SURVIVED,none
DateTimeFormatterBuilder.java,org.joda.time.format.DateTimeFormatterBuilder,org.pitest.mutationtest.engine.gregor.mutators.ReturnValsMutator,getFormatter,1123,KILLED,RegressionTest0.test0114(RegressionTest0)
DateTimeFormatterBuilder.java,org.joda.time.format.DateTimeFormatterBuilder,org.pitest.mutationtest.engine.gregor.mutators.experimental.MemberVariableMutator,getFormatter,1120,SURVIVED,none
DateTimeFormatterBuilder.java,org.joda.time.format.DateTimeFormatterBuilder,org.pitest.mutationtest.engine.gregor.mutators.BooleanTrueReturnValsMutator,isFormatter,1147,KILLED,RegressionTest1.test0713(RegressionTest1)
DateTimeFormatterBuilder.java,org.joda.time.format.DateTimeFormatterBuilder,org.pitest.mutationtest.engine.gregor.mutators.InlineConstantMutator,isFormatter,1147,KILLED,RegressionTest1.test0861(RegressionTest1)
DateTimeFormatterBuilder.java,org.joda.time.format.DateTimeFormatterBuilder,org.pitest.mutationtest.engine.gregor.mutators.InlineConstantMutator,isFormatter,1147,KILLED,RegressionTest1.test0713(RegressionTest1)
DateTimeFormatterBuilder.java,org.joda.time.format.DateTimeFormatterBuilder,org.pitest.mutationtest.engine.gregor.mutators.NegateConditionalsMutator,isFormatter,1147,KILLED,RegressionTest1.test0713(RegressionTest1)
DateTimeFormatterBuilder.java,org.joda.time.format.DateTimeFormatterBuilder,org.pitest.mutationtest.engine.gregor.mutators.NegateConditionalsMutator,isFormatter,1147,KILLED,RegressionTest1.test0713(RegressionTest1)
DateTimeFormatterBuilder.java,org.joda.time.format.DateTimeFormatterBuilder,org.pitest.mutationtest.engine.gregor.mutators.NonVoidMethodCallMutator,isFormatter,1147,SURVIVED,none
DateTimeFormatterBuilder.java,org.joda.time.format.DateTimeFormatterBuilder,org.pitest.mutationtest.engine.gregor.mutators.NonVoidMethodCallMutator,isFormatter,1147,SURVIVED,none
DateTimeFormatterBuilder.java,org.joda.time.format.DateTimeFormatterBuilder,org.pitest.mutationtest.engine.gregor.mutators.RemoveConditionalMutator_EQUAL_ELSE,isFormatter,1147,KILLED,RegressionTest1.test0713(RegressionTest1)
DateTimeFormatterBuilder.java,org.joda.time.format.DateTimeFormatterBuilder,org.pitest.mutationtest.engine.gregor.mutators.RemoveConditionalMutator_EQUAL_ELSE,isFormatter,1147,SURVIVED,none
DateTimeFormatterBuilder.java,org.joda.time.format.DateTimeFormatterBuilder,org.pitest.mutationtest.engine.gregor.mutators.RemoveConditionalMutator_EQUAL_IF,isFormatter,1147,SURVIVED,none
DateTimeFormatterBuilder.java,org.joda.time.format.DateTimeFormatterBuilder,org.pitest.mutationtest.engine.gregor.mutators.RemoveConditionalMutator_EQUAL_IF,isFormatter,1147,KILLED,RegressionTest1.test0713(RegressionTest1)
DateTimeFormatterBuilder.java,org.joda.time.format.DateTimeFormatterBuilder,org.pitest.mutationtest.engine.gregor.mutators.ReturnValsMutator,isFormatter,1147,KILLED,RegressionTest1.test0713(RegressionTest1)
DateTimeFormatterBuilder.java,org.joda.time.format.DateTimeFormatterBuilder,org.pitest.mutationtest.engine.gregor.mutators.BooleanFalseReturnValsMutator,isParser,1139,KILLED,RegressionTest3.test1868(RegressionTest3)
DateTimeFormatterBuilder.java,org.joda.time.format.DateTimeFormatterBuilder,org.pitest.mutationtest.engine.gregor.mutators.BooleanFalseReturnValsMutator,isParser,1141,KILLED,RegressionTest2.test1342(RegressionTest2)
DateTimeFormatterBuilder.java,org.joda.time.format.DateTimeFormatterBuilder,org.pitest.mutationtest.engine.gregor.mutators.BooleanTrueReturnValsMutator,isParser,1139,KILLED,RegressionTest1.test0713(RegressionTest1)
DateTimeFormatterBuilder.java,org.joda.time.format.DateTimeFormatterBuilder,org.pitest.mutationtest.engine.gregor.mutators.BooleanTrueReturnValsMutator,isParser,1143,NO_COVERAGE,none
DateTimeFormatterBuilder.java,org.joda.time.format.DateTimeFormatterBuilder,org.pitest.mutationtest.engine.gregor.mutators.InlineConstantMutator,isParser,1141,KILLED,RegressionTest2.test1342(RegressionTest2)
DateTimeFormatterBuilder.java,org.joda.time.format.DateTimeFormatterBuilder,org.pitest.mutationtest.engine.gregor.mutators.InlineConstantMutator,isParser,1143,NO_COVERAGE,none
DateTimeFormatterBuilder.java,org.joda.time.format.DateTimeFormatterBuilder,org.pitest.mutationtest.engine.gregor.mutators.NegateConditionalsMutator,isParser,1137,KILLED,RegressionTest3.test1868(RegressionTest3)
DateTimeFormatterBuilder.java,org.joda.time.format.DateTimeFormatterBuilder,org.pitest.mutationtest.engine.gregor.mutators.NegateConditionalsMutator,isParser,1138,KILLED,RegressionTest1.test0713(RegressionTest1)
DateTimeFormatterBuilder.java,org.joda.time.format.DateTimeFormatterBuilder,org.pitest.mutationtest.engine.gregor.mutators.NonVoidMethodCallMutator,isParser,1139,KILLED,RegressionTest3.test1868(RegressionTest3)
DateTimeFormatterBuilder.java,org.joda.time.format.DateTimeFormatterBuilder,org.pitest.mutationtest.engine.gregor.mutators.RemoveConditionalMutator_EQUAL_ELSE,isParser,1137,KILLED,RegressionTest3.test1868(RegressionTest3)
DateTimeFormatterBuilder.java,org.joda.time.format.DateTimeFormatterBuilder,org.pitest.mutationtest.engine.gregor.mutators.RemoveConditionalMutator_EQUAL_ELSE,isParser,1138,KILLED,RegressionTest1.test0713(RegressionTest1)
DateTimeFormatterBuilder.java,org.joda.time.format.DateTimeFormatterBuilder,org.pitest.mutationtest.engine.gregor.mutators.RemoveConditionalMutator_EQUAL_IF,isParser,1137,SURVIVED,none
DateTimeFormatterBuilder.java,org.joda.time.format.DateTimeFormatterBuilder,org.pitest.mutationtest.engine.gregor.mutators.RemoveConditionalMutator_EQUAL_IF,isParser,1138,KILLED,RegressionTest3.test1841(RegressionTest3)
DateTimeFormatterBuilder.java,org.joda.time.format.DateTimeFormatterBuilder,org.pitest.mutationtest.engine.gregor.mutators.ReturnValsMutator,isParser,1139,KILLED,RegressionTest1.test0713(RegressionTest1)
DateTimeFormatterBuilder.java,org.joda.time.format.DateTimeFormatterBuilder,org.pitest.mutationtest.engine.gregor.mutators.ReturnValsMutator,isParser,1141,KILLED,RegressionTest2.test1342(RegressionTest2)
DateTimeFormatterBuilder.java,org.joda.time.format.DateTimeFormatterBuilder,org.pitest.mutationtest.engine.gregor.mutators.ReturnValsMutator,isParser,1143,NO_COVERAGE,none
DateTimeFormatterBuilder.java,org.joda.time.format.DateTimeFormatterBuilder,org.pitest.mutationtest.engine.gregor.mutators.BooleanFalseReturnValsMutator,isPrinter,1129,KILLED,RegressionTest0.test0114(RegressionTest0)
DateTimeFormatterBuilder.java,org.joda.time.format.DateTimeFormatterBuilder,org.pitest.mutationtest.engine.gregor.mutators.BooleanFalseReturnValsMutator,isPrinter,1131,KILLED,RegressionTest3.test1692(RegressionTest3)
DateTimeFormatterBuilder.java,org.joda.time.format.DateTimeFormatterBuilder,org.pitest.mutationtest.engine.gregor.mutators.BooleanTrueReturnValsMutator,isPrinter,1129,KILLED,RegressionTest1.test0713(RegressionTest1)
DateTimeFormatterBuilder.java,org.joda.time.format.DateTimeFormatterBuilder,org.pitest.mutationtest.engine.gregor.mutators.BooleanTrueReturnValsMutator,isPrinter,1133,NO_COVERAGE,none
DateTimeFormatterBuilder.java,org.joda.time.format.DateTimeFormatterBuilder,org.pitest.mutationtest.engine.gregor.mutators.InlineConstantMutator,isPrinter,1131,KILLED,RegressionTest3.test1692(RegressionTest3)
DateTimeFormatterBuilder.java,org.joda.time.format.DateTimeFormatterBuilder,org.pitest.mutationtest.engine.gregor.mutators.InlineConstantMutator,isPrinter,1133,NO_COVERAGE,none
DateTimeFormatterBuilder.java,org.joda.time.format.DateTimeFormatterBuilder,org.pitest.mutationtest.engine.gregor.mutators.NegateConditionalsMutator,isPrinter,1127,KILLED,RegressionTest0.test0114(RegressionTest0)
DateTimeFormatterBuilder.java,org.joda.time.format.DateTimeFormatterBuilder,org.pitest.mutationtest.engine.gregor.mutators.NegateConditionalsMutator,isPrinter,1128,KILLED,RegressionTest1.test0713(RegressionTest1)
DateTimeFormatterBuilder.java,org.joda.time.format.DateTimeFormatterBuilder,org.pitest.mutationtest.engine.gregor.mutators.NonVoidMethodCallMutator,isPrinter,1129,KILLED,RegressionTest0.test0114(RegressionTest0)
DateTimeFormatterBuilder.java,org.joda.time.format.DateTimeFormatterBuilder,org.pitest.mutationtest.engine.gregor.mutators.RemoveConditionalMutator_EQUAL_ELSE,isPrinter,1127,KILLED,RegressionTest0.test0114(RegressionTest0)
DateTimeFormatterBuilder.java,org.joda.time.format.DateTimeFormatterBuilder,org.pitest.mutationtest.engine.gregor.mutators.RemoveConditionalMutator_EQUAL_ELSE,isPrinter,1128,KILLED,RegressionTest1.test0713(RegressionTest1)
DateTimeFormatterBuilder.java,org.joda.time.format.DateTimeFormatterBuilder,org.pitest.mutationtest.engine.gregor.mutators.RemoveConditionalMutator_EQUAL_IF,isPrinter,1127,SURVIVED,none
DateTimeFormatterBuilder.java,org.joda.time.format.DateTimeFormatterBuilder,org.pitest.mutationtest.engine.gregor.mutators.RemoveConditionalMutator_EQUAL_IF,isPrinter,1128,KILLED,RegressionTest3.test1841(RegressionTest3)
DateTimeFormatterBuilder.java,org.joda.time.format.DateTimeFormatterBuilder,org.pitest.mutationtest.engine.gregor.mutators.ReturnValsMutator,isPrinter,1129,KILLED,RegressionTest0.test0114(RegressionTest0)
DateTimeFormatterBuilder.java,org.joda.time.format.DateTimeFormatterBuilder,org.pitest.mutationtest.engine.gregor.mutators.ReturnValsMutator,isPrinter,1131,KILLED,RegressionTest3.test1692(RegressionTest3)
DateTimeFormatterBuilder.java,org.joda.time.format.DateTimeFormatterBuilder,org.pitest.mutationtest.engine.gregor.mutators.ReturnValsMutator,isPrinter,1133,NO_COVERAGE,none
DateTimeFormatterBuilder.java,org.joda.time.format.DateTimeFormatterBuilder,org.pitest.mutationtest.engine.gregor.mutators.ConditionalsBoundaryMutator,printUnknownString,1157,NO_COVERAGE,none
DateTimeFormatterBuilder.java,org.joda.time.format.DateTimeFormatterBuilder,org.pitest.mutationtest.engine.gregor.mutators.IncrementsMutator,printUnknownString,1157,NO_COVERAGE,none
DateTimeFormatterBuilder.java,org.joda.time.format.DateTimeFormatterBuilder,org.pitest.mutationtest.engine.gregor.mutators.InlineConstantMutator,printUnknownString,1158,NO_COVERAGE,none
DateTimeFormatterBuilder.java,org.joda.time.format.DateTimeFormatterBuilder,org.pitest.mutationtest.engine.gregor.mutators.NegateConditionalsMutator,printUnknownString,1157,NO_COVERAGE,none
DateTimeFormatterBuilder.java,org.joda.time.format.DateTimeFormatterBuilder,org.pitest.mutationtest.engine.gregor.mutators.RemoveConditionalMutator_ORDER_ELSE,printUnknownString,1157,NO_COVERAGE,none
DateTimeFormatterBuilder.java,org.joda.time.format.DateTimeFormatterBuilder,org.pitest.mutationtest.engine.gregor.mutators.RemoveConditionalMutator_ORDER_IF,printUnknownString,1157,NO_COVERAGE,none
DateTimeFormatterBuilder.java,org.joda.time.format.DateTimeFormatterBuilder,org.pitest.mutationtest.engine.gregor.mutators.VoidMethodCallMutator,printUnknownString,1158,NO_COVERAGE,none
DateTimeFormatterBuilder.java,org.joda.time.format.DateTimeFormatterBuilder,org.pitest.mutationtest.engine.gregor.mutators.experimental.RemoveIncrementsMutator,printUnknownString,1157,NO_COVERAGE,none
DateTimeFormatterBuilder.java,org.joda.time.format.DateTimeFormatterBuilder,org.pitest.mutationtest.engine.gregor.mutators.ConstructorCallMutator,toFormatter,114,KILLED,RegressionTest3.test1841(RegressionTest3)
DateTimeFormatterBuilder.java,org.joda.time.format.DateTimeFormatterBuilder,org.pitest.mutationtest.engine.gregor.mutators.ConstructorCallMutator,toFormatter,116,KILLED,RegressionTest0.test0489(RegressionTest0)
DateTimeFormatterBuilder.java,org.joda.time.format.DateTimeFormatterBuilder,org.pitest.mutationtest.engine.gregor.mutators.NegateConditionalsMutator,toFormatter,106,KILLED,RegressionTest0.test0489(RegressionTest0)
DateTimeFormatterBuilder.java,org.joda.time.format.DateTimeFormatterBuilder,org.pitest.mutationtest.engine.gregor.mutators.NegateConditionalsMutator,toFormatter,110,KILLED,RegressionTest0.test0489(RegressionTest0)
DateTimeFormatterBuilder.java,org.joda.time.format.DateTimeFormatterBuilder,org.pitest.mutationtest.engine.gregor.mutators.NegateConditionalsMutator,toFormatter,113,KILLED,RegressionTest0.test0489(RegressionTest0)
DateTimeFormatterBuilder.java,org.joda.time.format.DateTimeFormatterBuilder,org.pitest.mutationtest.engine.gregor.mutators.NegateConditionalsMutator,toFormatter,113,KILLED,RegressionTest0.test0489(RegressionTest0)
DateTimeFormatterBuilder.java,org.joda.time.format.DateTimeFormatterBuilder,org.pitest.mutationtest.engine.gregor.mutators.NonVoidMethodCallMutator,toFormatter,104,KILLED,RegressionTest3.test1841(RegressionTest3)
DateTimeFormatterBuilder.java,org.joda.time.format.DateTimeFormatterBuilder,org.pitest.mutationtest.engine.gregor.mutators.NonVoidMethodCallMutator,toFormatter,106,SURVIVED,none
DateTimeFormatterBuilder.java,org.joda.time.format.DateTimeFormatterBuilder,org.pitest.mutationtest.engine.gregor.mutators.NonVoidMethodCallMutator,toFormatter,110,SURVIVED,none
DateTimeFormatterBuilder.java,org.joda.time.format.DateTimeFormatterBuilder,org.pitest.mutationtest.engine.gregor.mutators.NullReturnValsMutator,toFormatter,114,KILLED,RegressionTest3.test1841(RegressionTest3)
DateTimeFormatterBuilder.java,org.joda.time.format.DateTimeFormatterBuilder,org.pitest.mutationtest.engine.gregor.mutators.RemoveConditionalMutator_EQUAL_ELSE,toFormatter,106,SURVIVED,none
DateTimeFormatterBuilder.java,org.joda.time.format.DateTimeFormatterBuilder,org.pitest.mutationtest.engine.gregor.mutators.RemoveConditionalMutator_EQUAL_ELSE,toFormatter,110,SURVIVED,none
DateTimeFormatterBuilder.java,org.joda.time.format.DateTimeFormatterBuilder,org.pitest.mutationtest.engine.gregor.mutators.RemoveConditionalMutator_EQUAL_ELSE,toFormatter,113,KILLED,RegressionTest0.test0489(RegressionTest0)
DateTimeFormatterBuilder.java,org.joda.time.format.DateTimeFormatterBuilder,org.pitest.mutationtest.engine.gregor.mutators.RemoveConditionalMutator_EQUAL_ELSE,toFormatter,113,SURVIVED,none
DateTimeFormatterBuilder.java,org.joda.time.format.DateTimeFormatterBuilder,org.pitest.mutationtest.engine.gregor.mutators.RemoveConditionalMutator_EQUAL_IF,toFormatter,106,KILLED,RegressionTest0.test0489(RegressionTest0)
DateTimeFormatterBuilder.java,org.joda.time.format.DateTimeFormatterBuilder,org.pitest.mutationtest.engine.gregor.mutators.RemoveConditionalMutator_EQUAL_IF,toFormatter,110,KILLED,RegressionTest0.test0489(RegressionTest0)
DateTimeFormatterBuilder.java,org.joda.time.format.DateTimeFormatterBuilder,org.pitest.mutationtest.engine.gregor.mutators.RemoveConditionalMutator_EQUAL_IF,toFormatter,113,SURVIVED,none
DateTimeFormatterBuilder.java,org.joda.time.format.DateTimeFormatterBuilder,org.pitest.mutationtest.engine.gregor.mutators.RemoveConditionalMutator_EQUAL_IF,toFormatter,113,KILLED,RegressionTest0.test0489(RegressionTest0)
DateTimeFormatterBuilder.java,org.joda.time.format.DateTimeFormatterBuilder,org.pitest.mutationtest.engine.gregor.mutators.ReturnValsMutator,toFormatter,114,KILLED,RegressionTest3.test1841(RegressionTest3)
DateTimeFormatterBuilder.java,org.joda.time.format.DateTimeFormatterBuilder,org.pitest.mutationtest.engine.gregor.mutators.ConstructorCallMutator,toParser,156,KILLED,RegressionTest0.test0310(RegressionTest0)
DateTimeFormatterBuilder.java,org.joda.time.format.DateTimeFormatterBuilder,org.pitest.mutationtest.engine.gregor.mutators.NegateConditionalsMutator,toParser,153,KILLED,RegressionTest1.test0617(RegressionTest1)
DateTimeFormatterBuilder.java,org.joda.time.format.DateTimeFormatterBuilder,org.pitest.mutationtest.engine.gregor.mutators.NonVoidMethodCallMutator,toParser,152,KILLED,RegressionTest1.test0617(RegressionTest1)
DateTimeFormatterBuilder.java,org.joda.time.format.DateTimeFormatterBuilder,org.pitest.mutationtest.engine.gregor.mutators.NonVoidMethodCallMutator,toParser,153,KILLED,RegressionTest1.test0617(RegressionTest1)
DateTimeFormatterBuilder.java,org.joda.time.format.DateTimeFormatterBuilder,org.pitest.mutationtest.engine.gregor.mutators.NullReturnValsMutator,toParser,154,KILLED,RegressionTest1.test0617(RegressionTest1)
DateTimeFormatterBuilder.java,org.joda.time.format.DateTimeFormatterBuilder,org.pitest.mutationtest.engine.gregor.mutators.RemoveConditionalMutator_EQUAL_ELSE,toParser,153,KILLED,RegressionTest1.test0617(RegressionTest1)
DateTimeFormatterBuilder.java,org.joda.time.format.DateTimeFormatterBuilder,org.pitest.mutationtest.engine.gregor.mutators.RemoveConditionalMutator_EQUAL_IF,toParser,153,KILLED,RegressionTest0.test0310(RegressionTest0)
DateTimeFormatterBuilder.java,org.joda.time.format.DateTimeFormatterBuilder,org.pitest.mutationtest.engine.gregor.mutators.ReturnValsMutator,toParser,154,KILLED,RegressionTest1.test0617(RegressionTest1)
DateTimeFormatterBuilder.java,org.joda.time.format.DateTimeFormatterBuilder,org.pitest.mutationtest.engine.gregor.mutators.ConstructorCallMutator,toPrinter,136,KILLED,RegressionTest0.test0003(RegressionTest0)
DateTimeFormatterBuilder.java,org.joda.time.format.DateTimeFormatterBuilder,org.pitest.mutationtest.engine.gregor.mutators.NegateConditionalsMutator,toPrinter,133,KILLED,RegressionTest0.test0114(RegressionTest0)
DateTimeFormatterBuilder.java,org.joda.time.format.DateTimeFormatterBuilder,org.pitest.mutationtest.engine.gregor.mutators.NonVoidMethodCallMutator,toPrinter,132,KILLED,RegressionTest0.test0114(RegressionTest0)
DateTimeFormatterBuilder.java,org.joda.time.format.DateTimeFormatterBuilder,org.pitest.mutationtest.engine.gregor.mutators.NonVoidMethodCallMutator,toPrinter,133,KILLED,RegressionTest0.test0114(RegressionTest0)
DateTimeFormatterBuilder.java,org.joda.time.format.DateTimeFormatterBuilder,org.pitest.mutationtest.engine.gregor.mutators.NullReturnValsMutator,toPrinter,134,KILLED,RegressionTest0.test0114(RegressionTest0)
DateTimeFormatterBuilder.java,org.joda.time.format.DateTimeFormatterBuilder,org.pitest.mutationtest.engine.gregor.mutators.RemoveConditionalMutator_EQUAL_ELSE,toPrinter,133,KILLED,RegressionTest0.test0114(RegressionTest0)
DateTimeFormatterBuilder.java,org.joda.time.format.DateTimeFormatterBuilder,org.pitest.mutationtest.engine.gregor.mutators.RemoveConditionalMutator_EQUAL_IF,toPrinter,133,KILLED,RegressionTest0.test0003(RegressionTest0)
DateTimeFormatterBuilder.java,org.joda.time.format.DateTimeFormatterBuilder,org.pitest.mutationtest.engine.gregor.mutators.ReturnValsMutator,toPrinter,134,KILLED,RegressionTest0.test0114(RegressionTest0)
