Decompiler.java,com.google.javascript.rhino.head.Decompiler,org.pitest.mutationtest.engine.gregor.mutators.InlineConstantMutator,<init>,915,SURVIVED,none
Decompiler.java,com.google.javascript.rhino.head.Decompiler,org.pitest.mutationtest.engine.gregor.mutators.experimental.MemberVariableMutator,<init>,915,KILLED,com.google.javascript.rhino.head.Decompiler_ESTest.test131
Decompiler.java,com.google.javascript.rhino.head.Decompiler,org.pitest.mutationtest.engine.gregor.mutators.ConditionalsBoundaryMutator,addEOL,146,SURVIVED,none
Decompiler.java,com.google.javascript.rhino.head.Decompiler,org.pitest.mutationtest.engine.gregor.mutators.ConditionalsBoundaryMutator,addEOL,146,SURVIVED,none
Decompiler.java,com.google.javascript.rhino.head.Decompiler,org.pitest.mutationtest.engine.gregor.mutators.ConstructorCallMutator,addEOL,147,KILLED,com.google.javascript.rhino.head.Decompiler_ESTest.test130
Decompiler.java,com.google.javascript.rhino.head.Decompiler,org.pitest.mutationtest.engine.gregor.mutators.InlineConstantMutator,addEOL,146,SURVIVED,none
Decompiler.java,com.google.javascript.rhino.head.Decompiler,org.pitest.mutationtest.engine.gregor.mutators.InlineConstantMutator,addEOL,146,SURVIVED,none
Decompiler.java,com.google.javascript.rhino.head.Decompiler,org.pitest.mutationtest.engine.gregor.mutators.InlineConstantMutator,addEOL,150,SURVIVED,none
Decompiler.java,com.google.javascript.rhino.head.Decompiler,org.pitest.mutationtest.engine.gregor.mutators.NegateConditionalsMutator,addEOL,146,KILLED,com.google.javascript.rhino.head.Decompiler_ESTest.test131
Decompiler.java,com.google.javascript.rhino.head.Decompiler,org.pitest.mutationtest.engine.gregor.mutators.NegateConditionalsMutator,addEOL,146,KILLED,com.google.javascript.rhino.head.Decompiler_ESTest.test130
Decompiler.java,com.google.javascript.rhino.head.Decompiler,org.pitest.mutationtest.engine.gregor.mutators.RemoveConditionalMutator_ORDER_ELSE,addEOL,146,KILLED,com.google.javascript.rhino.head.Decompiler_ESTest.test131
Decompiler.java,com.google.javascript.rhino.head.Decompiler,org.pitest.mutationtest.engine.gregor.mutators.RemoveConditionalMutator_ORDER_ELSE,addEOL,146,KILLED,com.google.javascript.rhino.head.Decompiler_ESTest.test130
Decompiler.java,com.google.javascript.rhino.head.Decompiler,org.pitest.mutationtest.engine.gregor.mutators.RemoveConditionalMutator_ORDER_IF,addEOL,146,KILLED,com.google.javascript.rhino.head.Decompiler_ESTest.test132
Decompiler.java,com.google.javascript.rhino.head.Decompiler,org.pitest.mutationtest.engine.gregor.mutators.RemoveConditionalMutator_ORDER_IF,addEOL,146,KILLED,com.google.javascript.rhino.head.Decompiler_ESTest.test131
Decompiler.java,com.google.javascript.rhino.head.Decompiler,org.pitest.mutationtest.engine.gregor.mutators.VoidMethodCallMutator,addEOL,149,KILLED,com.google.javascript.rhino.head.IRFactory_ESTest.test40
Decompiler.java,com.google.javascript.rhino.head.Decompiler,org.pitest.mutationtest.engine.gregor.mutators.VoidMethodCallMutator,addEOL,150,KILLED,com.google.javascript.rhino.head.IRFactory_ESTest.test40
Decompiler.java,com.google.javascript.rhino.head.Decompiler,org.pitest.mutationtest.engine.gregor.mutators.InlineConstantMutator,addName,155,SURVIVED,none
Decompiler.java,com.google.javascript.rhino.head.Decompiler,org.pitest.mutationtest.engine.gregor.mutators.VoidMethodCallMutator,addName,155,KILLED,com.google.javascript.rhino.head.IRFactory_ESTest.test40
Decompiler.java,com.google.javascript.rhino.head.Decompiler,org.pitest.mutationtest.engine.gregor.mutators.VoidMethodCallMutator,addName,156,KILLED,com.google.javascript.rhino.head.IRFactory_ESTest.test29
Decompiler.java,com.google.javascript.rhino.head.Decompiler,org.pitest.mutationtest.engine.gregor.mutators.ConditionalsBoundaryMutator,addNumber,206,KILLED,com.google.javascript.rhino.head.IRFactory_ESTest.test85
Decompiler.java,com.google.javascript.rhino.head.Decompiler,org.pitest.mutationtest.engine.gregor.mutators.ConditionalsBoundaryMutator,addNumber,210,SURVIVED,none
Decompiler.java,com.google.javascript.rhino.head.Decompiler,org.pitest.mutationtest.engine.gregor.mutators.InlineConstantMutator,addNumber,173,SURVIVED,none
Decompiler.java,com.google.javascript.rhino.head.Decompiler,org.pitest.mutationtest.engine.gregor.mutators.InlineConstantMutator,addNumber,197,SURVIVED,none
Decompiler.java,com.google.javascript.rhino.head.Decompiler,org.pitest.mutationtest.engine.gregor.mutators.InlineConstantMutator,addNumber,198,SURVIVED,none
Decompiler.java,com.google.javascript.rhino.head.Decompiler,org.pitest.mutationtest.engine.gregor.mutators.InlineConstantMutator,addNumber,199,SURVIVED,none
Decompiler.java,com.google.javascript.rhino.head.Decompiler,org.pitest.mutationtest.engine.gregor.mutators.InlineConstantMutator,addNumber,200,SURVIVED,none
Decompiler.java,com.google.javascript.rhino.head.Decompiler,org.pitest.mutationtest.engine.gregor.mutators.InlineConstantMutator,addNumber,206,KILLED,com.google.javascript.rhino.head.IRFactory_ESTest.test85
Decompiler.java,com.google.javascript.rhino.head.Decompiler,org.pitest.mutationtest.engine.gregor.mutators.InlineConstantMutator,addNumber,210,SURVIVED,none
Decompiler.java,com.google.javascript.rhino.head.Decompiler,org.pitest.mutationtest.engine.gregor.mutators.InlineConstantMutator,addNumber,211,SURVIVED,none
Decompiler.java,com.google.javascript.rhino.head.Decompiler,org.pitest.mutationtest.engine.gregor.mutators.InlineConstantMutator,addNumber,215,SURVIVED,none
Decompiler.java,com.google.javascript.rhino.head.Decompiler,org.pitest.mutationtest.engine.gregor.mutators.InlineConstantMutator,addNumber,216,SURVIVED,none
Decompiler.java,com.google.javascript.rhino.head.Decompiler,org.pitest.mutationtest.engine.gregor.mutators.InlineConstantMutator,addNumber,217,SURVIVED,none
Decompiler.java,com.google.javascript.rhino.head.Decompiler,org.pitest.mutationtest.engine.gregor.mutators.InlineConstantMutator,addNumber,218,SURVIVED,none
Decompiler.java,com.google.javascript.rhino.head.Decompiler,org.pitest.mutationtest.engine.gregor.mutators.MathMutator,addNumber,198,SURVIVED,none
Decompiler.java,com.google.javascript.rhino.head.Decompiler,org.pitest.mutationtest.engine.gregor.mutators.MathMutator,addNumber,199,SURVIVED,none
Decompiler.java,com.google.javascript.rhino.head.Decompiler,org.pitest.mutationtest.engine.gregor.mutators.MathMutator,addNumber,200,SURVIVED,none
Decompiler.java,com.google.javascript.rhino.head.Decompiler,org.pitest.mutationtest.engine.gregor.mutators.MathMutator,addNumber,216,SURVIVED,none
Decompiler.java,com.google.javascript.rhino.head.Decompiler,org.pitest.mutationtest.engine.gregor.mutators.MathMutator,addNumber,217,SURVIVED,none
Decompiler.java,com.google.javascript.rhino.head.Decompiler,org.pitest.mutationtest.engine.gregor.mutators.MathMutator,addNumber,218,SURVIVED,none
Decompiler.java,com.google.javascript.rhino.head.Decompiler,org.pitest.mutationtest.engine.gregor.mutators.NegateConditionalsMutator,addNumber,193,KILLED,com.google.javascript.rhino.head.Decompiler_ESTest.test127
Decompiler.java,com.google.javascript.rhino.head.Decompiler,org.pitest.mutationtest.engine.gregor.mutators.NegateConditionalsMutator,addNumber,206,KILLED,com.google.javascript.rhino.head.Decompiler_ESTest.test126
Decompiler.java,com.google.javascript.rhino.head.Decompiler,org.pitest.mutationtest.engine.gregor.mutators.NegateConditionalsMutator,addNumber,210,SURVIVED,none
Decompiler.java,com.google.javascript.rhino.head.Decompiler,org.pitest.mutationtest.engine.gregor.mutators.NonVoidMethodCallMutator,addNumber,196,SURVIVED,none
Decompiler.java,com.google.javascript.rhino.head.Decompiler,org.pitest.mutationtest.engine.gregor.mutators.NonVoidMethodCallMutator,addNumber,206,KILLED,com.google.javascript.rhino.head.Decompiler_ESTest.test127
Decompiler.java,com.google.javascript.rhino.head.Decompiler,org.pitest.mutationtest.engine.gregor.mutators.RemoveConditionalMutator_EQUAL_ELSE,addNumber,193,SURVIVED,none
Decompiler.java,com.google.javascript.rhino.head.Decompiler,org.pitest.mutationtest.engine.gregor.mutators.RemoveConditionalMutator_EQUAL_IF,addNumber,193,KILLED,com.google.javascript.rhino.head.Decompiler_ESTest.test127
Decompiler.java,com.google.javascript.rhino.head.Decompiler,org.pitest.mutationtest.engine.gregor.mutators.RemoveConditionalMutator_ORDER_ELSE,addNumber,206,KILLED,com.google.javascript.rhino.head.Decompiler_ESTest.test127
Decompiler.java,com.google.javascript.rhino.head.Decompiler,org.pitest.mutationtest.engine.gregor.mutators.RemoveConditionalMutator_ORDER_ELSE,addNumber,210,SURVIVED,none
Decompiler.java,com.google.javascript.rhino.head.Decompiler,org.pitest.mutationtest.engine.gregor.mutators.RemoveConditionalMutator_ORDER_IF,addNumber,206,KILLED,com.google.javascript.rhino.head.Decompiler_ESTest.test126
Decompiler.java,com.google.javascript.rhino.head.Decompiler,org.pitest.mutationtest.engine.gregor.mutators.RemoveConditionalMutator_ORDER_IF,addNumber,210,SURVIVED,none
Decompiler.java,com.google.javascript.rhino.head.Decompiler,org.pitest.mutationtest.engine.gregor.mutators.VoidMethodCallMutator,addNumber,173,SURVIVED,none
Decompiler.java,com.google.javascript.rhino.head.Decompiler,org.pitest.mutationtest.engine.gregor.mutators.VoidMethodCallMutator,addNumber,197,SURVIVED,none
Decompiler.java,com.google.javascript.rhino.head.Decompiler,org.pitest.mutationtest.engine.gregor.mutators.VoidMethodCallMutator,addNumber,198,SURVIVED,none
Decompiler.java,com.google.javascript.rhino.head.Decompiler,org.pitest.mutationtest.engine.gregor.mutators.VoidMethodCallMutator,addNumber,199,SURVIVED,none
Decompiler.java,com.google.javascript.rhino.head.Decompiler,org.pitest.mutationtest.engine.gregor.mutators.VoidMethodCallMutator,addNumber,200,SURVIVED,none
Decompiler.java,com.google.javascript.rhino.head.Decompiler,org.pitest.mutationtest.engine.gregor.mutators.VoidMethodCallMutator,addNumber,201,SURVIVED,none
Decompiler.java,com.google.javascript.rhino.head.Decompiler,org.pitest.mutationtest.engine.gregor.mutators.VoidMethodCallMutator,addNumber,211,SURVIVED,none
Decompiler.java,com.google.javascript.rhino.head.Decompiler,org.pitest.mutationtest.engine.gregor.mutators.VoidMethodCallMutator,addNumber,212,SURVIVED,none
Decompiler.java,com.google.javascript.rhino.head.Decompiler,org.pitest.mutationtest.engine.gregor.mutators.VoidMethodCallMutator,addNumber,215,SURVIVED,none
Decompiler.java,com.google.javascript.rhino.head.Decompiler,org.pitest.mutationtest.engine.gregor.mutators.VoidMethodCallMutator,addNumber,216,SURVIVED,none
Decompiler.java,com.google.javascript.rhino.head.Decompiler,org.pitest.mutationtest.engine.gregor.mutators.VoidMethodCallMutator,addNumber,217,SURVIVED,none
Decompiler.java,com.google.javascript.rhino.head.Decompiler,org.pitest.mutationtest.engine.gregor.mutators.VoidMethodCallMutator,addNumber,218,SURVIVED,none
Decompiler.java,com.google.javascript.rhino.head.Decompiler,org.pitest.mutationtest.engine.gregor.mutators.VoidMethodCallMutator,addNumber,219,SURVIVED,none
Decompiler.java,com.google.javascript.rhino.head.Decompiler,org.pitest.mutationtest.engine.gregor.mutators.ConstructorCallMutator,addRegexp,168,KILLED,com.google.javascript.rhino.head.Decompiler_ESTest.test125
Decompiler.java,com.google.javascript.rhino.head.Decompiler,org.pitest.mutationtest.engine.gregor.mutators.InlineConstantMutator,addRegexp,167,SURVIVED,none
Decompiler.java,com.google.javascript.rhino.head.Decompiler,org.pitest.mutationtest.engine.gregor.mutators.InlineConstantMutator,addRegexp,168,SURVIVED,none
Decompiler.java,com.google.javascript.rhino.head.Decompiler,org.pitest.mutationtest.engine.gregor.mutators.InlineConstantMutator,addRegexp,168,SURVIVED,none
Decompiler.java,com.google.javascript.rhino.head.Decompiler,org.pitest.mutationtest.engine.gregor.mutators.NonVoidMethodCallMutator,addRegexp,168,KILLED,com.google.javascript.rhino.head.Decompiler_ESTest.test125
Decompiler.java,com.google.javascript.rhino.head.Decompiler,org.pitest.mutationtest.engine.gregor.mutators.NonVoidMethodCallMutator,addRegexp,168,KILLED,com.google.javascript.rhino.head.Decompiler_ESTest.test125
Decompiler.java,com.google.javascript.rhino.head.Decompiler,org.pitest.mutationtest.engine.gregor.mutators.NonVoidMethodCallMutator,addRegexp,168,KILLED,com.google.javascript.rhino.head.Decompiler_ESTest.test125
Decompiler.java,com.google.javascript.rhino.head.Decompiler,org.pitest.mutationtest.engine.gregor.mutators.NonVoidMethodCallMutator,addRegexp,168,KILLED,com.google.javascript.rhino.head.Decompiler_ESTest.test125
Decompiler.java,com.google.javascript.rhino.head.Decompiler,org.pitest.mutationtest.engine.gregor.mutators.NonVoidMethodCallMutator,addRegexp,168,KILLED,com.google.javascript.rhino.head.Decompiler_ESTest.test125
Decompiler.java,com.google.javascript.rhino.head.Decompiler,org.pitest.mutationtest.engine.gregor.mutators.VoidMethodCallMutator,addRegexp,167,KILLED,com.google.javascript.rhino.head.Decompiler_ESTest.test125
Decompiler.java,com.google.javascript.rhino.head.Decompiler,org.pitest.mutationtest.engine.gregor.mutators.VoidMethodCallMutator,addRegexp,168,KILLED,com.google.javascript.rhino.head.Decompiler_ESTest.test125
Decompiler.java,com.google.javascript.rhino.head.Decompiler,org.pitest.mutationtest.engine.gregor.mutators.experimental.NakedReceiverMutator,addRegexp,168,KILLED,com.google.javascript.rhino.head.Decompiler_ESTest.test125
Decompiler.java,com.google.javascript.rhino.head.Decompiler,org.pitest.mutationtest.engine.gregor.mutators.experimental.NakedReceiverMutator,addRegexp,168,KILLED,com.google.javascript.rhino.head.Decompiler_ESTest.test125
Decompiler.java,com.google.javascript.rhino.head.Decompiler,org.pitest.mutationtest.engine.gregor.mutators.experimental.NakedReceiverMutator,addRegexp,168,KILLED,com.google.javascript.rhino.head.Decompiler_ESTest.test125
Decompiler.java,com.google.javascript.rhino.head.Decompiler,org.pitest.mutationtest.engine.gregor.mutators.experimental.NakedReceiverMutator,addRegexp,168,KILLED,com.google.javascript.rhino.head.Decompiler_ESTest.test125
Decompiler.java,com.google.javascript.rhino.head.Decompiler,org.pitest.mutationtest.engine.gregor.mutators.InlineConstantMutator,addString,161,SURVIVED,none
Decompiler.java,com.google.javascript.rhino.head.Decompiler,org.pitest.mutationtest.engine.gregor.mutators.VoidMethodCallMutator,addString,161,SURVIVED,none
Decompiler.java,com.google.javascript.rhino.head.Decompiler,org.pitest.mutationtest.engine.gregor.mutators.VoidMethodCallMutator,addString,162,KILLED,com.google.javascript.rhino.head.IRFactory_ESTest.test76
Decompiler.java,com.google.javascript.rhino.head.Decompiler,org.pitest.mutationtest.engine.gregor.mutators.ConditionalsBoundaryMutator,addToken,138,SURVIVED,none
Decompiler.java,com.google.javascript.rhino.head.Decompiler,org.pitest.mutationtest.engine.gregor.mutators.ConditionalsBoundaryMutator,addToken,138,SURVIVED,none
Decompiler.java,com.google.javascript.rhino.head.Decompiler,org.pitest.mutationtest.engine.gregor.mutators.ConstructorCallMutator,addToken,139,KILLED,com.google.javascript.rhino.head.Decompiler_ESTest.test133
Decompiler.java,com.google.javascript.rhino.head.Decompiler,org.pitest.mutationtest.engine.gregor.mutators.InlineConstantMutator,addToken,138,SURVIVED,none
Decompiler.java,com.google.javascript.rhino.head.Decompiler,org.pitest.mutationtest.engine.gregor.mutators.InlineConstantMutator,addToken,138,SURVIVED,none
Decompiler.java,com.google.javascript.rhino.head.Decompiler,org.pitest.mutationtest.engine.gregor.mutators.NegateConditionalsMutator,addToken,138,KILLED,com.google.javascript.rhino.head.Decompiler_ESTest.test134
Decompiler.java,com.google.javascript.rhino.head.Decompiler,org.pitest.mutationtest.engine.gregor.mutators.NegateConditionalsMutator,addToken,138,KILLED,com.google.javascript.rhino.head.Decompiler_ESTest.test133
Decompiler.java,com.google.javascript.rhino.head.Decompiler,org.pitest.mutationtest.engine.gregor.mutators.RemoveConditionalMutator_ORDER_ELSE,addToken,138,KILLED,com.google.javascript.rhino.head.Decompiler_ESTest.test128
Decompiler.java,com.google.javascript.rhino.head.Decompiler,org.pitest.mutationtest.engine.gregor.mutators.RemoveConditionalMutator_ORDER_ELSE,addToken,138,KILLED,com.google.javascript.rhino.head.Decompiler_ESTest.test133
Decompiler.java,com.google.javascript.rhino.head.Decompiler,org.pitest.mutationtest.engine.gregor.mutators.RemoveConditionalMutator_ORDER_IF,addToken,138,KILLED,com.google.javascript.rhino.head.Decompiler_ESTest.test134
Decompiler.java,com.google.javascript.rhino.head.Decompiler,org.pitest.mutationtest.engine.gregor.mutators.RemoveConditionalMutator_ORDER_IF,addToken,138,KILLED,com.google.javascript.rhino.head.Decompiler_ESTest.test128
Decompiler.java,com.google.javascript.rhino.head.Decompiler,org.pitest.mutationtest.engine.gregor.mutators.VoidMethodCallMutator,addToken,141,KILLED,com.google.javascript.rhino.head.Decompiler_ESTest.test125
Decompiler.java,com.google.javascript.rhino.head.Decompiler,org.pitest.mutationtest.engine.gregor.mutators.InlineConstantMutator,append,250,KILLED,com.google.javascript.rhino.head.Decompiler_ESTest.test125
Decompiler.java,com.google.javascript.rhino.head.Decompiler,org.pitest.mutationtest.engine.gregor.mutators.InlineConstantMutator,append,253,KILLED,com.google.javascript.rhino.head.Decompiler_ESTest.test125
Decompiler.java,com.google.javascript.rhino.head.Decompiler,org.pitest.mutationtest.engine.gregor.mutators.MathMutator,append,250,KILLED,com.google.javascript.rhino.head.Decompiler_ESTest.test125
Decompiler.java,com.google.javascript.rhino.head.Decompiler,org.pitest.mutationtest.engine.gregor.mutators.MathMutator,append,253,KILLED,com.google.javascript.rhino.head.Decompiler_ESTest.test131
Decompiler.java,com.google.javascript.rhino.head.Decompiler,org.pitest.mutationtest.engine.gregor.mutators.NegateConditionalsMutator,append,249,KILLED,com.google.javascript.rhino.head.Decompiler_ESTest.test131
Decompiler.java,com.google.javascript.rhino.head.Decompiler,org.pitest.mutationtest.engine.gregor.mutators.RemoveConditionalMutator_EQUAL_ELSE,append,249,KILLED,com.google.javascript.rhino.head.Decompiler_ESTest.test125
Decompiler.java,com.google.javascript.rhino.head.Decompiler,org.pitest.mutationtest.engine.gregor.mutators.RemoveConditionalMutator_EQUAL_IF,append,249,KILLED,com.google.javascript.rhino.head.Decompiler_ESTest.test131
Decompiler.java,com.google.javascript.rhino.head.Decompiler,org.pitest.mutationtest.engine.gregor.mutators.VoidMethodCallMutator,append,250,KILLED,com.google.javascript.rhino.head.Decompiler_ESTest.test125
Decompiler.java,com.google.javascript.rhino.head.Decompiler,org.pitest.mutationtest.engine.gregor.mutators.experimental.MemberVariableMutator,append,253,KILLED,com.google.javascript.rhino.head.Decompiler_ESTest.test125
Decompiler.java,com.google.javascript.rhino.head.Decompiler,org.pitest.mutationtest.engine.gregor.mutators.ConditionalsBoundaryMutator,appendString,228,SURVIVED,none
Decompiler.java,com.google.javascript.rhino.head.Decompiler,org.pitest.mutationtest.engine.gregor.mutators.ConditionalsBoundaryMutator,appendString,232,SURVIVED,none
Decompiler.java,com.google.javascript.rhino.head.Decompiler,org.pitest.mutationtest.engine.gregor.mutators.ConditionalsBoundaryMutator,appendString,235,SURVIVED,none
Decompiler.java,com.google.javascript.rhino.head.Decompiler,org.pitest.mutationtest.engine.gregor.mutators.InlineConstantMutator,appendString,227,KILLED,com.google.javascript.rhino.head.Decompiler_ESTest.test125
Decompiler.java,com.google.javascript.rhino.head.Decompiler,org.pitest.mutationtest.engine.gregor.mutators.InlineConstantMutator,appendString,228,SURVIVED,none
Decompiler.java,com.google.javascript.rhino.head.Decompiler,org.pitest.mutationtest.engine.gregor.mutators.InlineConstantMutator,appendString,229,NO_COVERAGE,none
Decompiler.java,com.google.javascript.rhino.head.Decompiler,org.pitest.mutationtest.engine.gregor.mutators.InlineConstantMutator,appendString,235,SURVIVED,none
Decompiler.java,com.google.javascript.rhino.head.Decompiler,org.pitest.mutationtest.engine.gregor.mutators.InlineConstantMutator,appendString,238,NO_COVERAGE,none
Decompiler.java,com.google.javascript.rhino.head.Decompiler,org.pitest.mutationtest.engine.gregor.mutators.InlineConstantMutator,appendString,238,NO_COVERAGE,none
Decompiler.java,com.google.javascript.rhino.head.Decompiler,org.pitest.mutationtest.engine.gregor.mutators.InlineConstantMutator,appendString,239,NO_COVERAGE,none
Decompiler.java,com.google.javascript.rhino.head.Decompiler,org.pitest.mutationtest.engine.gregor.mutators.InlineConstantMutator,appendString,242,SURVIVED,none
Decompiler.java,com.google.javascript.rhino.head.Decompiler,org.pitest.mutationtest.engine.gregor.mutators.InlineConstantMutator,appendString,243,KILLED,com.google.javascript.rhino.head.IRFactory_ESTest.test13
Decompiler.java,com.google.javascript.rhino.head.Decompiler,org.pitest.mutationtest.engine.gregor.mutators.MathMutator,appendString,231,KILLED,com.google.javascript.rhino.head.Decompiler_ESTest.test125
Decompiler.java,com.google.javascript.rhino.head.Decompiler,org.pitest.mutationtest.engine.gregor.mutators.MathMutator,appendString,231,KILLED,com.google.javascript.rhino.head.Decompiler_ESTest.test125
Decompiler.java,com.google.javascript.rhino.head.Decompiler,org.pitest.mutationtest.engine.gregor.mutators.MathMutator,appendString,238,NO_COVERAGE,none
Decompiler.java,com.google.javascript.rhino.head.Decompiler,org.pitest.mutationtest.engine.gregor.mutators.MathMutator,appendString,238,NO_COVERAGE,none
Decompiler.java,com.google.javascript.rhino.head.Decompiler,org.pitest.mutationtest.engine.gregor.mutators.MathMutator,appendString,239,NO_COVERAGE,none
Decompiler.java,com.google.javascript.rhino.head.Decompiler,org.pitest.mutationtest.engine.gregor.mutators.MathMutator,appendString,242,SURVIVED,none
Decompiler.java,com.google.javascript.rhino.head.Decompiler,org.pitest.mutationtest.engine.gregor.mutators.NegateConditionalsMutator,appendString,228,KILLED,com.google.javascript.rhino.head.Decompiler_ESTest.test125
Decompiler.java,com.google.javascript.rhino.head.Decompiler,org.pitest.mutationtest.engine.gregor.mutators.NegateConditionalsMutator,appendString,232,KILLED,com.google.javascript.rhino.head.Decompiler_ESTest.test125
Decompiler.java,com.google.javascript.rhino.head.Decompiler,org.pitest.mutationtest.engine.gregor.mutators.NegateConditionalsMutator,appendString,235,KILLED,com.google.javascript.rhino.head.Decompiler_ESTest.test125
Decompiler.java,com.google.javascript.rhino.head.Decompiler,org.pitest.mutationtest.engine.gregor.mutators.NonVoidMethodCallMutator,appendString,226,KILLED,com.google.javascript.rhino.head.Decompiler_ESTest.test125
Decompiler.java,com.google.javascript.rhino.head.Decompiler,org.pitest.mutationtest.engine.gregor.mutators.RemoveConditionalMutator_ORDER_ELSE,appendString,228,SURVIVED,none
Decompiler.java,com.google.javascript.rhino.head.Decompiler,org.pitest.mutationtest.engine.gregor.mutators.RemoveConditionalMutator_ORDER_ELSE,appendString,232,KILLED,com.google.javascript.rhino.head.Decompiler_ESTest.test125
Decompiler.java,com.google.javascript.rhino.head.Decompiler,org.pitest.mutationtest.engine.gregor.mutators.RemoveConditionalMutator_ORDER_ELSE,appendString,235,SURVIVED,none
Decompiler.java,com.google.javascript.rhino.head.Decompiler,org.pitest.mutationtest.engine.gregor.mutators.RemoveConditionalMutator_ORDER_IF,appendString,228,KILLED,com.google.javascript.rhino.head.Decompiler_ESTest.test125
Decompiler.java,com.google.javascript.rhino.head.Decompiler,org.pitest.mutationtest.engine.gregor.mutators.RemoveConditionalMutator_ORDER_IF,appendString,232,KILLED,com.google.javascript.rhino.head.Decompiler_ESTest.test125
Decompiler.java,com.google.javascript.rhino.head.Decompiler,org.pitest.mutationtest.engine.gregor.mutators.RemoveConditionalMutator_ORDER_IF,appendString,235,KILLED,com.google.javascript.rhino.head.Decompiler_ESTest.test125
Decompiler.java,com.google.javascript.rhino.head.Decompiler,org.pitest.mutationtest.engine.gregor.mutators.VoidMethodCallMutator,appendString,233,KILLED,com.google.javascript.rhino.head.Decompiler_ESTest.test125
Decompiler.java,com.google.javascript.rhino.head.Decompiler,org.pitest.mutationtest.engine.gregor.mutators.VoidMethodCallMutator,appendString,243,SURVIVED,none
Decompiler.java,com.google.javascript.rhino.head.Decompiler,org.pitest.mutationtest.engine.gregor.mutators.experimental.MemberVariableMutator,appendString,239,NO_COVERAGE,none
Decompiler.java,com.google.javascript.rhino.head.Decompiler,org.pitest.mutationtest.engine.gregor.mutators.experimental.MemberVariableMutator,appendString,242,SURVIVED,none
Decompiler.java,com.google.javascript.rhino.head.Decompiler,org.pitest.mutationtest.engine.gregor.mutators.experimental.MemberVariableMutator,appendString,244,KILLED,com.google.javascript.rhino.head.Decompiler_ESTest.test125
Decompiler.java,com.google.javascript.rhino.head.Decompiler,org.pitest.mutationtest.engine.gregor.mutators.ArgumentPropagationMutator,decompile,297,KILLED,com.google.javascript.rhino.head.Decompiler_ESTest.test123
Decompiler.java,com.google.javascript.rhino.head.Decompiler,org.pitest.mutationtest.engine.gregor.mutators.ArgumentPropagationMutator,decompile,299,KILLED,com.google.javascript.rhino.head.Decompiler_ESTest.test122
Decompiler.java,com.google.javascript.rhino.head.Decompiler,org.pitest.mutationtest.engine.gregor.mutators.ArgumentPropagationMutator,decompile,301,KILLED,com.google.javascript.rhino.head.Decompiler_ESTest.test121
Decompiler.java,com.google.javascript.rhino.head.Decompiler,org.pitest.mutationtest.engine.gregor.mutators.ArgumentPropagationMutator,decompile,363,KILLED,com.google.javascript.rhino.head.Decompiler_ESTest.test023
Decompiler.java,com.google.javascript.rhino.head.Decompiler,org.pitest.mutationtest.engine.gregor.mutators.ArgumentPropagationMutator,decompile,370,KILLED,com.google.javascript.rhino.head.Decompiler_ESTest.test120
Decompiler.java,com.google.javascript.rhino.head.Decompiler,org.pitest.mutationtest.engine.gregor.mutators.ArgumentPropagationMutator,decompile,374,KILLED,com.google.javascript.rhino.head.Decompiler_ESTest.test081
Decompiler.java,com.google.javascript.rhino.head.Decompiler,org.pitest.mutationtest.engine.gregor.mutators.ArgumentPropagationMutator,decompile,378,KILLED,com.google.javascript.rhino.head.Decompiler_ESTest.test075
Decompiler.java,com.google.javascript.rhino.head.Decompiler,org.pitest.mutationtest.engine.gregor.mutators.ArgumentPropagationMutator,decompile,412,SURVIVED,none
Decompiler.java,com.google.javascript.rhino.head.Decompiler,org.pitest.mutationtest.engine.gregor.mutators.ArgumentPropagationMutator,decompile,427,SURVIVED,none
Decompiler.java,com.google.javascript.rhino.head.Decompiler,org.pitest.mutationtest.engine.gregor.mutators.ArgumentPropagationMutator,decompile,446,SURVIVED,none
Decompiler.java,com.google.javascript.rhino.head.Decompiler,org.pitest.mutationtest.engine.gregor.mutators.ArgumentPropagationMutator,decompile,495,SURVIVED,none
Decompiler.java,com.google.javascript.rhino.head.Decompiler,org.pitest.mutationtest.engine.gregor.mutators.ArgumentPropagationMutator,decompile,567,SURVIVED,none
Decompiler.java,com.google.javascript.rhino.head.Decompiler,org.pitest.mutationtest.engine.gregor.mutators.ArgumentPropagationMutator,decompile,573,SURVIVED,none
Decompiler.java,com.google.javascript.rhino.head.Decompiler,org.pitest.mutationtest.engine.gregor.mutators.ArgumentPropagationMutator,decompile,587,SURVIVED,none
Decompiler.java,com.google.javascript.rhino.head.Decompiler,org.pitest.mutationtest.engine.gregor.mutators.ArgumentPropagationMutator,decompile,601,KILLED,com.google.javascript.rhino.head.Decompiler_ESTest.test004
Decompiler.java,com.google.javascript.rhino.head.Decompiler,org.pitest.mutationtest.engine.gregor.mutators.ArgumentPropagationMutator,decompile,669,KILLED,com.google.javascript.rhino.head.Decompiler_ESTest.test003
Decompiler.java,com.google.javascript.rhino.head.Decompiler,org.pitest.mutationtest.engine.gregor.mutators.ConditionalsBoundaryMutator,decompile,298,KILLED,com.google.javascript.rhino.head.Decompiler_ESTest.test094
Decompiler.java,com.google.javascript.rhino.head.Decompiler,org.pitest.mutationtest.engine.gregor.mutators.ConditionalsBoundaryMutator,decompile,300,SURVIVED,none
Decompiler.java,com.google.javascript.rhino.head.Decompiler,org.pitest.mutationtest.engine.gregor.mutators.ConditionalsBoundaryMutator,decompile,302,SURVIVED,none
Decompiler.java,com.google.javascript.rhino.head.Decompiler,org.pitest.mutationtest.engine.gregor.mutators.ConditionalsBoundaryMutator,decompile,349,KILLED,com.google.javascript.rhino.head.Decompiler_ESTest.test092
Decompiler.java,com.google.javascript.rhino.head.Decompiler,org.pitest.mutationtest.engine.gregor.mutators.ConditionalsBoundaryMutator,decompile,357,KILLED,com.google.javascript.rhino.head.Decompiler_ESTest.test094
Decompiler.java,com.google.javascript.rhino.head.Decompiler,org.pitest.mutationtest.engine.gregor.mutators.ConditionalsBoundaryMutator,decompile,480,KILLED,com.google.javascript.rhino.head.Decompiler_ESTest.test098
Decompiler.java,com.google.javascript.rhino.head.Decompiler,org.pitest.mutationtest.engine.gregor.mutators.ConditionalsBoundaryMutator,decompile,500,KILLED,com.google.javascript.rhino.head.Decompiler_ESTest.test118
Decompiler.java,com.google.javascript.rhino.head.Decompiler,org.pitest.mutationtest.engine.gregor.mutators.ConstructorCallMutator,decompile,298,KILLED,com.google.javascript.rhino.head.Decompiler_ESTest.test123
Decompiler.java,com.google.javascript.rhino.head.Decompiler,org.pitest.mutationtest.engine.gregor.mutators.ConstructorCallMutator,decompile,300,KILLED,com.google.javascript.rhino.head.Decompiler_ESTest.test122
Decompiler.java,com.google.javascript.rhino.head.Decompiler,org.pitest.mutationtest.engine.gregor.mutators.ConstructorCallMutator,decompile,302,KILLED,com.google.javascript.rhino.head.Decompiler_ESTest.test121
Decompiler.java,com.google.javascript.rhino.head.Decompiler,org.pitest.mutationtest.engine.gregor.mutators.ConstructorCallMutator,decompile,304,KILLED,com.google.javascript.rhino.head.Decompiler_ESTest.test094
Decompiler.java,com.google.javascript.rhino.head.Decompiler,org.pitest.mutationtest.engine.gregor.mutators.ConstructorCallMutator,decompile,827,SURVIVED,none
Decompiler.java,com.google.javascript.rhino.head.Decompiler,org.pitest.mutationtest.engine.gregor.mutators.ConstructorCallMutator,decompile,827,SURVIVED,none
Decompiler.java,com.google.javascript.rhino.head.Decompiler,org.pitest.mutationtest.engine.gregor.mutators.EmptyObjectReturnValsMutator,decompile,843,KILLED,com.google.javascript.rhino.head.Decompiler_ESTest.test094
Decompiler.java,com.google.javascript.rhino.head.Decompiler,org.pitest.mutationtest.engine.gregor.mutators.IncrementsMutator,decompile,340,KILLED,com.google.javascript.rhino.head.Decompiler_ESTest.test119
Decompiler.java,com.google.javascript.rhino.head.Decompiler,org.pitest.mutationtest.engine.gregor.mutators.IncrementsMutator,decompile,349,TIMED_OUT,none
Decompiler.java,com.google.javascript.rhino.head.Decompiler,org.pitest.mutationtest.engine.gregor.mutators.IncrementsMutator,decompile,362,SURVIVED,none
Decompiler.java,com.google.javascript.rhino.head.Decompiler,org.pitest.mutationtest.engine.gregor.mutators.IncrementsMutator,decompile,365,SURVIVED,none
Decompiler.java,com.google.javascript.rhino.head.Decompiler,org.pitest.mutationtest.engine.gregor.mutators.IncrementsMutator,decompile,398,TIMED_OUT,none
Decompiler.java,com.google.javascript.rhino.head.Decompiler,org.pitest.mutationtest.engine.gregor.mutators.IncrementsMutator,decompile,411,SURVIVED,none
Decompiler.java,com.google.javascript.rhino.head.Decompiler,org.pitest.mutationtest.engine.gregor.mutators.IncrementsMutator,decompile,418,SURVIVED,none
Decompiler.java,com.google.javascript.rhino.head.Decompiler,org.pitest.mutationtest.engine.gregor.mutators.IncrementsMutator,decompile,500,TIMED_OUT,none
Decompiler.java,com.google.javascript.rhino.head.Decompiler,org.pitest.mutationtest.engine.gregor.mutators.IncrementsMutator,decompile,830,KILLED,com.google.javascript.rhino.head.Decompiler_ESTest.test094
Decompiler.java,com.google.javascript.rhino.head.Decompiler,org.pitest.mutationtest.engine.gregor.mutators.InlineConstantMutator,decompile,297,KILLED,com.google.javascript.rhino.head.Decompiler_ESTest.test123
Decompiler.java,com.google.javascript.rhino.head.Decompiler,org.pitest.mutationtest.engine.gregor.mutators.InlineConstantMutator,decompile,297,KILLED,com.google.javascript.rhino.head.Decompiler_ESTest.test092
Decompiler.java,com.google.javascript.rhino.head.Decompiler,org.pitest.mutationtest.engine.gregor.mutators.InlineConstantMutator,decompile,299,KILLED,com.google.javascript.rhino.head.Decompiler_ESTest.test122
Decompiler.java,com.google.javascript.rhino.head.Decompiler,org.pitest.mutationtest.engine.gregor.mutators.InlineConstantMutator,decompile,299,KILLED,com.google.javascript.rhino.head.Decompiler_ESTest.test118
Decompiler.java,com.google.javascript.rhino.head.Decompiler,org.pitest.mutationtest.engine.gregor.mutators.InlineConstantMutator,decompile,301,KILLED,com.google.javascript.rhino.head.Decompiler_ESTest.test121
Decompiler.java,com.google.javascript.rhino.head.Decompiler,org.pitest.mutationtest.engine.gregor.mutators.InlineConstantMutator,decompile,301,SURVIVED,none
Decompiler.java,com.google.javascript.rhino.head.Decompiler,org.pitest.mutationtest.engine.gregor.mutators.InlineConstantMutator,decompile,305,KILLED,com.google.javascript.rhino.head.Decompiler_ESTest.test098
Decompiler.java,com.google.javascript.rhino.head.Decompiler,org.pitest.mutationtest.engine.gregor.mutators.InlineConstantMutator,decompile,305,KILLED,com.google.javascript.rhino.head.Decompiler_ESTest.test098
Decompiler.java,com.google.javascript.rhino.head.Decompiler,org.pitest.mutationtest.engine.gregor.mutators.InlineConstantMutator,decompile,305,KILLED,com.google.javascript.rhino.head.Decompiler_ESTest.test098
Decompiler.java,com.google.javascript.rhino.head.Decompiler,org.pitest.mutationtest.engine.gregor.mutators.InlineConstantMutator,decompile,305,KILLED,com.google.javascript.rhino.head.Decompiler_ESTest.test092
Decompiler.java,com.google.javascript.rhino.head.Decompiler,org.pitest.mutationtest.engine.gregor.mutators.InlineConstantMutator,decompile,306,KILLED,com.google.javascript.rhino.head.Decompiler_ESTest.test098
Decompiler.java,com.google.javascript.rhino.head.Decompiler,org.pitest.mutationtest.engine.gregor.mutators.InlineConstantMutator,decompile,306,KILLED,com.google.javascript.rhino.head.Decompiler_ESTest.test098
Decompiler.java,com.google.javascript.rhino.head.Decompiler,org.pitest.mutationtest.engine.gregor.mutators.InlineConstantMutator,decompile,306,KILLED,com.google.javascript.rhino.head.Decompiler_ESTest.test094
Decompiler.java,com.google.javascript.rhino.head.Decompiler,org.pitest.mutationtest.engine.gregor.mutators.InlineConstantMutator,decompile,306,KILLED,com.google.javascript.rhino.head.Decompiler_ESTest.test098
Decompiler.java,com.google.javascript.rhino.head.Decompiler,org.pitest.mutationtest.engine.gregor.mutators.InlineConstantMutator,decompile,335,SURVIVED,none
Decompiler.java,com.google.javascript.rhino.head.Decompiler,org.pitest.mutationtest.engine.gregor.mutators.InlineConstantMutator,decompile,336,KILLED,com.google.javascript.rhino.head.Decompiler_ESTest.test098
Decompiler.java,com.google.javascript.rhino.head.Decompiler,org.pitest.mutationtest.engine.gregor.mutators.InlineConstantMutator,decompile,337,KILLED,com.google.javascript.rhino.head.Decompiler_ESTest.test094
Decompiler.java,com.google.javascript.rhino.head.Decompiler,org.pitest.mutationtest.engine.gregor.mutators.InlineConstantMutator,decompile,339,KILLED,com.google.javascript.rhino.head.Decompiler_ESTest.test119
Decompiler.java,com.google.javascript.rhino.head.Decompiler,org.pitest.mutationtest.engine.gregor.mutators.InlineConstantMutator,decompile,341,SURVIVED,none
Decompiler.java,com.google.javascript.rhino.head.Decompiler,org.pitest.mutationtest.engine.gregor.mutators.InlineConstantMutator,decompile,343,KILLED,com.google.javascript.rhino.head.Decompiler_ESTest.test117
Decompiler.java,com.google.javascript.rhino.head.Decompiler,org.pitest.mutationtest.engine.gregor.mutators.InlineConstantMutator,decompile,348,KILLED,com.google.javascript.rhino.head.Decompiler_ESTest.test092
Decompiler.java,com.google.javascript.rhino.head.Decompiler,org.pitest.mutationtest.engine.gregor.mutators.InlineConstantMutator,decompile,349,SURVIVED,none
Decompiler.java,com.google.javascript.rhino.head.Decompiler,org.pitest.mutationtest.engine.gregor.mutators.InlineConstantMutator,decompile,350,SURVIVED,none
Decompiler.java,com.google.javascript.rhino.head.Decompiler,org.pitest.mutationtest.engine.gregor.mutators.InlineConstantMutator,decompile,352,KILLED,com.google.javascript.rhino.head.Decompiler_ESTest.test117
Decompiler.java,com.google.javascript.rhino.head.Decompiler,org.pitest.mutationtest.engine.gregor.mutators.InlineConstantMutator,decompile,353,KILLED,com.google.javascript.rhino.head.Decompiler_ESTest.test117
Decompiler.java,com.google.javascript.rhino.head.Decompiler,org.pitest.mutationtest.engine.gregor.mutators.InlineConstantMutator,decompile,361,SURVIVED,none
Decompiler.java,com.google.javascript.rhino.head.Decompiler,org.pitest.mutationtest.engine.gregor.mutators.InlineConstantMutator,decompile,363,SURVIVED,none
Decompiler.java,com.google.javascript.rhino.head.Decompiler,org.pitest.mutationtest.engine.gregor.mutators.InlineConstantMutator,decompile,363,SURVIVED,none
Decompiler.java,com.google.javascript.rhino.head.Decompiler,org.pitest.mutationtest.engine.gregor.mutators.InlineConstantMutator,decompile,370,KILLED,com.google.javascript.rhino.head.Decompiler_ESTest.test038
Decompiler.java,com.google.javascript.rhino.head.Decompiler,org.pitest.mutationtest.engine.gregor.mutators.InlineConstantMutator,decompile,370,KILLED,com.google.javascript.rhino.head.Decompiler_ESTest.test120
Decompiler.java,com.google.javascript.rhino.head.Decompiler,org.pitest.mutationtest.engine.gregor.mutators.InlineConstantMutator,decompile,374,KILLED,com.google.javascript.rhino.head.Decompiler_ESTest.test081
Decompiler.java,com.google.javascript.rhino.head.Decompiler,org.pitest.mutationtest.engine.gregor.mutators.InlineConstantMutator,decompile,374,KILLED,com.google.javascript.rhino.head.Decompiler_ESTest.test081
Decompiler.java,com.google.javascript.rhino.head.Decompiler,org.pitest.mutationtest.engine.gregor.mutators.InlineConstantMutator,decompile,378,KILLED,com.google.javascript.rhino.head.Decompiler_ESTest.test075
Decompiler.java,com.google.javascript.rhino.head.Decompiler,org.pitest.mutationtest.engine.gregor.mutators.InlineConstantMutator,decompile,412,SURVIVED,none
Decompiler.java,com.google.javascript.rhino.head.Decompiler,org.pitest.mutationtest.engine.gregor.mutators.InlineConstantMutator,decompile,414,KILLED,com.google.javascript.rhino.head.Decompiler_ESTest.test049
Decompiler.java,com.google.javascript.rhino.head.Decompiler,org.pitest.mutationtest.engine.gregor.mutators.InlineConstantMutator,decompile,426,KILLED,com.google.javascript.rhino.head.Decompiler_ESTest.test007
Decompiler.java,com.google.javascript.rhino.head.Decompiler,org.pitest.mutationtest.engine.gregor.mutators.InlineConstantMutator,decompile,435,SURVIVED,none
Decompiler.java,com.google.javascript.rhino.head.Decompiler,org.pitest.mutationtest.engine.gregor.mutators.InlineConstantMutator,decompile,441,KILLED,com.google.javascript.rhino.head.Decompiler_ESTest.test049
Decompiler.java,com.google.javascript.rhino.head.Decompiler,org.pitest.mutationtest.engine.gregor.mutators.InlineConstantMutator,decompile,445,SURVIVED,none
Decompiler.java,com.google.javascript.rhino.head.Decompiler,org.pitest.mutationtest.engine.gregor.mutators.InlineConstantMutator,decompile,446,SURVIVED,none
Decompiler.java,com.google.javascript.rhino.head.Decompiler,org.pitest.mutationtest.engine.gregor.mutators.InlineConstantMutator,decompile,447,SURVIVED,none
Decompiler.java,com.google.javascript.rhino.head.Decompiler,org.pitest.mutationtest.engine.gregor.mutators.InlineConstantMutator,decompile,451,SURVIVED,none
Decompiler.java,com.google.javascript.rhino.head.Decompiler,org.pitest.mutationtest.engine.gregor.mutators.InlineConstantMutator,decompile,455,SURVIVED,none
Decompiler.java,com.google.javascript.rhino.head.Decompiler,org.pitest.mutationtest.engine.gregor.mutators.InlineConstantMutator,decompile,460,KILLED,com.google.javascript.rhino.head.Decompiler_ESTest.test092
Decompiler.java,com.google.javascript.rhino.head.Decompiler,org.pitest.mutationtest.engine.gregor.mutators.InlineConstantMutator,decompile,462,KILLED,com.google.javascript.rhino.head.Decompiler_ESTest.test118
Decompiler.java,com.google.javascript.rhino.head.Decompiler,org.pitest.mutationtest.engine.gregor.mutators.InlineConstantMutator,decompile,467,KILLED,com.google.javascript.rhino.head.Decompiler_ESTest.test098
Decompiler.java,com.google.javascript.rhino.head.Decompiler,org.pitest.mutationtest.engine.gregor.mutators.InlineConstantMutator,decompile,469,KILLED,com.google.javascript.rhino.head.Decompiler_ESTest.test098
Decompiler.java,com.google.javascript.rhino.head.Decompiler,org.pitest.mutationtest.engine.gregor.mutators.InlineConstantMutator,decompile,473,KILLED,com.google.javascript.rhino.head.Decompiler_ESTest.test092
Decompiler.java,com.google.javascript.rhino.head.Decompiler,org.pitest.mutationtest.engine.gregor.mutators.InlineConstantMutator,decompile,480,KILLED,com.google.javascript.rhino.head.Decompiler_ESTest.test098
Decompiler.java,com.google.javascript.rhino.head.Decompiler,org.pitest.mutationtest.engine.gregor.mutators.InlineConstantMutator,decompile,481,KILLED,com.google.javascript.rhino.head.Decompiler_ESTest.test118
Decompiler.java,com.google.javascript.rhino.head.Decompiler,org.pitest.mutationtest.engine.gregor.mutators.InlineConstantMutator,decompile,482,SURVIVED,none
Decompiler.java,com.google.javascript.rhino.head.Decompiler,org.pitest.mutationtest.engine.gregor.mutators.InlineConstantMutator,decompile,483,SURVIVED,none
Decompiler.java,com.google.javascript.rhino.head.Decompiler,org.pitest.mutationtest.engine.gregor.mutators.InlineConstantMutator,decompile,483,KILLED,com.google.javascript.rhino.head.Decompiler_ESTest.test118
Decompiler.java,com.google.javascript.rhino.head.Decompiler,org.pitest.mutationtest.engine.gregor.mutators.InlineConstantMutator,decompile,487,SURVIVED,none
Decompiler.java,com.google.javascript.rhino.head.Decompiler,org.pitest.mutationtest.engine.gregor.mutators.InlineConstantMutator,decompile,494,SURVIVED,none
Decompiler.java,com.google.javascript.rhino.head.Decompiler,org.pitest.mutationtest.engine.gregor.mutators.InlineConstantMutator,decompile,495,KILLED,com.google.javascript.rhino.head.Decompiler_ESTest.test136
Decompiler.java,com.google.javascript.rhino.head.Decompiler,org.pitest.mutationtest.engine.gregor.mutators.InlineConstantMutator,decompile,496,SURVIVED,none
Decompiler.java,com.google.javascript.rhino.head.Decompiler,org.pitest.mutationtest.engine.gregor.mutators.InlineConstantMutator,decompile,501,KILLED,com.google.javascript.rhino.head.Decompiler_ESTest.test118
Decompiler.java,com.google.javascript.rhino.head.Decompiler,org.pitest.mutationtest.engine.gregor.mutators.InlineConstantMutator,decompile,506,SURVIVED,none
Decompiler.java,com.google.javascript.rhino.head.Decompiler,org.pitest.mutationtest.engine.gregor.mutators.InlineConstantMutator,decompile,567,SURVIVED,none
Decompiler.java,com.google.javascript.rhino.head.Decompiler,org.pitest.mutationtest.engine.gregor.mutators.InlineConstantMutator,decompile,568,NO_COVERAGE,none
Decompiler.java,com.google.javascript.rhino.head.Decompiler,org.pitest.mutationtest.engine.gregor.mutators.InlineConstantMutator,decompile,573,SURVIVED,none
Decompiler.java,com.google.javascript.rhino.head.Decompiler,org.pitest.mutationtest.engine.gregor.mutators.InlineConstantMutator,decompile,574,SURVIVED,none
Decompiler.java,com.google.javascript.rhino.head.Decompiler,org.pitest.mutationtest.engine.gregor.mutators.InlineConstantMutator,decompile,587,SURVIVED,none
Decompiler.java,com.google.javascript.rhino.head.Decompiler,org.pitest.mutationtest.engine.gregor.mutators.InlineConstantMutator,decompile,588,KILLED,com.google.javascript.rhino.head.Decompiler_ESTest.test114
Decompiler.java,com.google.javascript.rhino.head.Decompiler,org.pitest.mutationtest.engine.gregor.mutators.InlineConstantMutator,decompile,600,KILLED,com.google.javascript.rhino.head.Decompiler_ESTest.test004
Decompiler.java,com.google.javascript.rhino.head.Decompiler,org.pitest.mutationtest.engine.gregor.mutators.InlineConstantMutator,decompile,601,KILLED,com.google.javascript.rhino.head.Decompiler_ESTest.test004
Decompiler.java,com.google.javascript.rhino.head.Decompiler,org.pitest.mutationtest.engine.gregor.mutators.InlineConstantMutator,decompile,603,SURVIVED,none
Decompiler.java,com.google.javascript.rhino.head.Decompiler,org.pitest.mutationtest.engine.gregor.mutators.InlineConstantMutator,decompile,665,SURVIVED,none
Decompiler.java,com.google.javascript.rhino.head.Decompiler,org.pitest.mutationtest.engine.gregor.mutators.InlineConstantMutator,decompile,669,KILLED,com.google.javascript.rhino.head.Decompiler_ESTest.test003
Decompiler.java,com.google.javascript.rhino.head.Decompiler,org.pitest.mutationtest.engine.gregor.mutators.InlineConstantMutator,decompile,671,KILLED,com.google.javascript.rhino.head.Decompiler_ESTest.test003
Decompiler.java,com.google.javascript.rhino.head.Decompiler,org.pitest.mutationtest.engine.gregor.mutators.InlineConstantMutator,decompile,762,KILLED,com.google.javascript.rhino.head.Decompiler_ESTest.test092
Decompiler.java,com.google.javascript.rhino.head.Decompiler,org.pitest.mutationtest.engine.gregor.mutators.InlineConstantMutator,decompile,766,KILLED,com.google.javascript.rhino.head.Decompiler_ESTest.test091
Decompiler.java,com.google.javascript.rhino.head.Decompiler,org.pitest.mutationtest.engine.gregor.mutators.InlineConstantMutator,decompile,770,SURVIVED,none
Decompiler.java,com.google.javascript.rhino.head.Decompiler,org.pitest.mutationtest.engine.gregor.mutators.InlineConstantMutator,decompile,774,KILLED,com.google.javascript.rhino.head.Decompiler_ESTest.test089
Decompiler.java,com.google.javascript.rhino.head.Decompiler,org.pitest.mutationtest.engine.gregor.mutators.InlineConstantMutator,decompile,818,KILLED,com.google.javascript.rhino.head.Decompiler_ESTest.test027
Decompiler.java,com.google.javascript.rhino.head.Decompiler,org.pitest.mutationtest.engine.gregor.mutators.InlineConstantMutator,decompile,836,KILLED,com.google.javascript.rhino.head.Decompiler_ESTest.test092
Decompiler.java,com.google.javascript.rhino.head.Decompiler,org.pitest.mutationtest.engine.gregor.mutators.InlineConstantMutator,decompile,838,KILLED,com.google.javascript.rhino.head.Decompiler_ESTest.test117
Decompiler.java,com.google.javascript.rhino.head.Decompiler,org.pitest.mutationtest.engine.gregor.mutators.InlineConstantMutator,decompile,839,KILLED,com.google.javascript.rhino.head.Decompiler_ESTest.test117
Decompiler.java,com.google.javascript.rhino.head.Decompiler,org.pitest.mutationtest.engine.gregor.mutators.MathMutator,decompile,305,KILLED,com.google.javascript.rhino.head.Decompiler_ESTest.test092
Decompiler.java,com.google.javascript.rhino.head.Decompiler,org.pitest.mutationtest.engine.gregor.mutators.MathMutator,decompile,306,KILLED,com.google.javascript.rhino.head.Decompiler_ESTest.test098
Decompiler.java,com.google.javascript.rhino.head.Decompiler,org.pitest.mutationtest.engine.gregor.mutators.MathMutator,decompile,343,KILLED,com.google.javascript.rhino.head.Decompiler_ESTest.test056
Decompiler.java,com.google.javascript.rhino.head.Decompiler,org.pitest.mutationtest.engine.gregor.mutators.MathMutator,decompile,363,SURVIVED,none
Decompiler.java,com.google.javascript.rhino.head.Decompiler,org.pitest.mutationtest.engine.gregor.mutators.MathMutator,decompile,370,KILLED,com.google.javascript.rhino.head.Decompiler_ESTest.test038
Decompiler.java,com.google.javascript.rhino.head.Decompiler,org.pitest.mutationtest.engine.gregor.mutators.MathMutator,decompile,374,KILLED,com.google.javascript.rhino.head.Decompiler_ESTest.test081
Decompiler.java,com.google.javascript.rhino.head.Decompiler,org.pitest.mutationtest.engine.gregor.mutators.MathMutator,decompile,378,KILLED,com.google.javascript.rhino.head.Decompiler_ESTest.test068
Decompiler.java,com.google.javascript.rhino.head.Decompiler,org.pitest.mutationtest.engine.gregor.mutators.MathMutator,decompile,413,SURVIVED,none
Decompiler.java,com.google.javascript.rhino.head.Decompiler,org.pitest.mutationtest.engine.gregor.mutators.MathMutator,decompile,430,SURVIVED,none
Decompiler.java,com.google.javascript.rhino.head.Decompiler,org.pitest.mutationtest.engine.gregor.mutators.MathMutator,decompile,434,SURVIVED,none
Decompiler.java,com.google.javascript.rhino.head.Decompiler,org.pitest.mutationtest.engine.gregor.mutators.MathMutator,decompile,468,KILLED,com.google.javascript.rhino.head.Decompiler_ESTest.test118
Decompiler.java,com.google.javascript.rhino.head.Decompiler,org.pitest.mutationtest.engine.gregor.mutators.MathMutator,decompile,480,KILLED,com.google.javascript.rhino.head.Decompiler_ESTest.test098
Decompiler.java,com.google.javascript.rhino.head.Decompiler,org.pitest.mutationtest.engine.gregor.mutators.MathMutator,decompile,482,KILLED,com.google.javascript.rhino.head.Decompiler_ESTest.test118
Decompiler.java,com.google.javascript.rhino.head.Decompiler,org.pitest.mutationtest.engine.gregor.mutators.MathMutator,decompile,486,NO_COVERAGE,none
Decompiler.java,com.google.javascript.rhino.head.Decompiler,org.pitest.mutationtest.engine.gregor.mutators.MathMutator,decompile,495,KILLED,com.google.javascript.rhino.head.Decompiler_ESTest.test136
Decompiler.java,com.google.javascript.rhino.head.Decompiler,org.pitest.mutationtest.engine.gregor.mutators.NegateConditionalsMutator,decompile,295,KILLED,com.google.javascript.rhino.head.Decompiler_ESTest.test056
Decompiler.java,com.google.javascript.rhino.head.Decompiler,org.pitest.mutationtest.engine.gregor.mutators.NegateConditionalsMutator,decompile,298,KILLED,com.google.javascript.rhino.head.Decompiler_ESTest.test094
Decompiler.java,com.google.javascript.rhino.head.Decompiler,org.pitest.mutationtest.engine.gregor.mutators.NegateConditionalsMutator,decompile,300,KILLED,com.google.javascript.rhino.head.Decompiler_ESTest.test094
Decompiler.java,com.google.javascript.rhino.head.Decompiler,org.pitest.mutationtest.engine.gregor.mutators.NegateConditionalsMutator,decompile,302,KILLED,com.google.javascript.rhino.head.Decompiler_ESTest.test094
Decompiler.java,com.google.javascript.rhino.head.Decompiler,org.pitest.mutationtest.engine.gregor.mutators.NegateConditionalsMutator,decompile,305,KILLED,com.google.javascript.rhino.head.Decompiler_ESTest.test098
Decompiler.java,com.google.javascript.rhino.head.Decompiler,org.pitest.mutationtest.engine.gregor.mutators.NegateConditionalsMutator,decompile,306,KILLED,com.google.javascript.rhino.head.Decompiler_ESTest.test094
Decompiler.java,com.google.javascript.rhino.head.Decompiler,org.pitest.mutationtest.engine.gregor.mutators.NegateConditionalsMutator,decompile,339,KILLED,com.google.javascript.rhino.head.Decompiler_ESTest.test094
Decompiler.java,com.google.javascript.rhino.head.Decompiler,org.pitest.mutationtest.engine.gregor.mutators.NegateConditionalsMutator,decompile,346,KILLED,com.google.javascript.rhino.head.Decompiler_ESTest.test094
Decompiler.java,com.google.javascript.rhino.head.Decompiler,org.pitest.mutationtest.engine.gregor.mutators.NegateConditionalsMutator,decompile,349,TIMED_OUT,none
Decompiler.java,com.google.javascript.rhino.head.Decompiler,org.pitest.mutationtest.engine.gregor.mutators.NegateConditionalsMutator,decompile,352,KILLED,com.google.javascript.rhino.head.Decompiler_ESTest.test094
Decompiler.java,com.google.javascript.rhino.head.Decompiler,org.pitest.mutationtest.engine.gregor.mutators.NegateConditionalsMutator,decompile,357,KILLED,com.google.javascript.rhino.head.Decompiler_ESTest.test056
Decompiler.java,com.google.javascript.rhino.head.Decompiler,org.pitest.mutationtest.engine.gregor.mutators.NegateConditionalsMutator,decompile,361,SURVIVED,none
Decompiler.java,com.google.javascript.rhino.head.Decompiler,org.pitest.mutationtest.engine.gregor.mutators.NegateConditionalsMutator,decompile,412,SURVIVED,none
Decompiler.java,com.google.javascript.rhino.head.Decompiler,org.pitest.mutationtest.engine.gregor.mutators.NegateConditionalsMutator,decompile,423,SURVIVED,none
Decompiler.java,com.google.javascript.rhino.head.Decompiler,org.pitest.mutationtest.engine.gregor.mutators.NegateConditionalsMutator,decompile,423,SURVIVED,none
Decompiler.java,com.google.javascript.rhino.head.Decompiler,org.pitest.mutationtest.engine.gregor.mutators.NegateConditionalsMutator,decompile,446,SURVIVED,none
Decompiler.java,com.google.javascript.rhino.head.Decompiler,org.pitest.mutationtest.engine.gregor.mutators.NegateConditionalsMutator,decompile,459,KILLED,com.google.javascript.rhino.head.Decompiler_ESTest.test094
Decompiler.java,com.google.javascript.rhino.head.Decompiler,org.pitest.mutationtest.engine.gregor.mutators.NegateConditionalsMutator,decompile,461,KILLED,com.google.javascript.rhino.head.Decompiler_ESTest.test098
Decompiler.java,com.google.javascript.rhino.head.Decompiler,org.pitest.mutationtest.engine.gregor.mutators.NegateConditionalsMutator,decompile,463,KILLED,com.google.javascript.rhino.head.Decompiler_ESTest.test098
Decompiler.java,com.google.javascript.rhino.head.Decompiler,org.pitest.mutationtest.engine.gregor.mutators.NegateConditionalsMutator,decompile,472,KILLED,com.google.javascript.rhino.head.Decompiler_ESTest.test098
Decompiler.java,com.google.javascript.rhino.head.Decompiler,org.pitest.mutationtest.engine.gregor.mutators.NegateConditionalsMutator,decompile,480,KILLED,com.google.javascript.rhino.head.Decompiler_ESTest.test098
Decompiler.java,com.google.javascript.rhino.head.Decompiler,org.pitest.mutationtest.engine.gregor.mutators.NegateConditionalsMutator,decompile,483,KILLED,com.google.javascript.rhino.head.Decompiler_ESTest.test118
Decompiler.java,com.google.javascript.rhino.head.Decompiler,org.pitest.mutationtest.engine.gregor.mutators.NegateConditionalsMutator,decompile,483,KILLED,com.google.javascript.rhino.head.Decompiler_ESTest.test118
Decompiler.java,com.google.javascript.rhino.head.Decompiler,org.pitest.mutationtest.engine.gregor.mutators.NegateConditionalsMutator,decompile,487,KILLED,com.google.javascript.rhino.head.Decompiler_ESTest.test118
Decompiler.java,com.google.javascript.rhino.head.Decompiler,org.pitest.mutationtest.engine.gregor.mutators.NegateConditionalsMutator,decompile,494,KILLED,com.google.javascript.rhino.head.Decompiler_ESTest.test118
Decompiler.java,com.google.javascript.rhino.head.Decompiler,org.pitest.mutationtest.engine.gregor.mutators.NegateConditionalsMutator,decompile,496,SURVIVED,none
Decompiler.java,com.google.javascript.rhino.head.Decompiler,org.pitest.mutationtest.engine.gregor.mutators.NegateConditionalsMutator,decompile,500,KILLED,com.google.javascript.rhino.head.Decompiler_ESTest.test118
Decompiler.java,com.google.javascript.rhino.head.Decompiler,org.pitest.mutationtest.engine.gregor.mutators.NegateConditionalsMutator,decompile,567,SURVIVED,none
Decompiler.java,com.google.javascript.rhino.head.Decompiler,org.pitest.mutationtest.engine.gregor.mutators.NegateConditionalsMutator,decompile,573,SURVIVED,none
Decompiler.java,com.google.javascript.rhino.head.Decompiler,org.pitest.mutationtest.engine.gregor.mutators.NegateConditionalsMutator,decompile,587,KILLED,com.google.javascript.rhino.head.Decompiler_ESTest.test114
Decompiler.java,com.google.javascript.rhino.head.Decompiler,org.pitest.mutationtest.engine.gregor.mutators.NegateConditionalsMutator,decompile,601,KILLED,com.google.javascript.rhino.head.Decompiler_ESTest.test004
Decompiler.java,com.google.javascript.rhino.head.Decompiler,org.pitest.mutationtest.engine.gregor.mutators.NegateConditionalsMutator,decompile,669,KILLED,com.google.javascript.rhino.head.Decompiler_ESTest.test003
Decompiler.java,com.google.javascript.rhino.head.Decompiler,org.pitest.mutationtest.engine.gregor.mutators.NegateConditionalsMutator,decompile,833,KILLED,com.google.javascript.rhino.head.Decompiler_ESTest.test094
Decompiler.java,com.google.javascript.rhino.head.Decompiler,org.pitest.mutationtest.engine.gregor.mutators.NegateConditionalsMutator,decompile,835,KILLED,com.google.javascript.rhino.head.Decompiler_ESTest.test098
Decompiler.java,com.google.javascript.rhino.head.Decompiler,org.pitest.mutationtest.engine.gregor.mutators.NegateConditionalsMutator,decompile,838,KILLED,com.google.javascript.rhino.head.Decompiler_ESTest.test094
Decompiler.java,com.google.javascript.rhino.head.Decompiler,org.pitest.mutationtest.engine.gregor.mutators.NonVoidMethodCallMutator,decompile,294,KILLED,com.google.javascript.rhino.head.Decompiler_ESTest.test056
Decompiler.java,com.google.javascript.rhino.head.Decompiler,org.pitest.mutationtest.engine.gregor.mutators.NonVoidMethodCallMutator,decompile,297,KILLED,com.google.javascript.rhino.head.Decompiler_ESTest.test123
Decompiler.java,com.google.javascript.rhino.head.Decompiler,org.pitest.mutationtest.engine.gregor.mutators.NonVoidMethodCallMutator,decompile,299,KILLED,com.google.javascript.rhino.head.Decompiler_ESTest.test118
Decompiler.java,com.google.javascript.rhino.head.Decompiler,org.pitest.mutationtest.engine.gregor.mutators.NonVoidMethodCallMutator,decompile,301,KILLED,com.google.javascript.rhino.head.Decompiler_ESTest.test121
Decompiler.java,com.google.javascript.rhino.head.Decompiler,org.pitest.mutationtest.engine.gregor.mutators.NonVoidMethodCallMutator,decompile,339,KILLED,com.google.javascript.rhino.head.Decompiler_ESTest.test119
Decompiler.java,com.google.javascript.rhino.head.Decompiler,org.pitest.mutationtest.engine.gregor.mutators.NonVoidMethodCallMutator,decompile,343,KILLED,com.google.javascript.rhino.head.Decompiler_ESTest.test117
Decompiler.java,com.google.javascript.rhino.head.Decompiler,org.pitest.mutationtest.engine.gregor.mutators.NonVoidMethodCallMutator,decompile,348,KILLED,com.google.javascript.rhino.head.Decompiler_ESTest.test092
Decompiler.java,com.google.javascript.rhino.head.Decompiler,org.pitest.mutationtest.engine.gregor.mutators.NonVoidMethodCallMutator,decompile,350,SURVIVED,none
Decompiler.java,com.google.javascript.rhino.head.Decompiler,org.pitest.mutationtest.engine.gregor.mutators.NonVoidMethodCallMutator,decompile,353,KILLED,com.google.javascript.rhino.head.Decompiler_ESTest.test117
Decompiler.java,com.google.javascript.rhino.head.Decompiler,org.pitest.mutationtest.engine.gregor.mutators.NonVoidMethodCallMutator,decompile,358,KILLED,com.google.javascript.rhino.head.Decompiler_ESTest.test094
Decompiler.java,com.google.javascript.rhino.head.Decompiler,org.pitest.mutationtest.engine.gregor.mutators.NonVoidMethodCallMutator,decompile,361,SURVIVED,none
Decompiler.java,com.google.javascript.rhino.head.Decompiler,org.pitest.mutationtest.engine.gregor.mutators.NonVoidMethodCallMutator,decompile,361,SURVIVED,none
Decompiler.java,com.google.javascript.rhino.head.Decompiler,org.pitest.mutationtest.engine.gregor.mutators.NonVoidMethodCallMutator,decompile,363,KILLED,com.google.javascript.rhino.head.Decompiler_ESTest.test023
Decompiler.java,com.google.javascript.rhino.head.Decompiler,org.pitest.mutationtest.engine.gregor.mutators.NonVoidMethodCallMutator,decompile,370,TIMED_OUT,none
Decompiler.java,com.google.javascript.rhino.head.Decompiler,org.pitest.mutationtest.engine.gregor.mutators.NonVoidMethodCallMutator,decompile,374,TIMED_OUT,none
Decompiler.java,com.google.javascript.rhino.head.Decompiler,org.pitest.mutationtest.engine.gregor.mutators.NonVoidMethodCallMutator,decompile,378,TIMED_OUT,none
Decompiler.java,com.google.javascript.rhino.head.Decompiler,org.pitest.mutationtest.engine.gregor.mutators.NonVoidMethodCallMutator,decompile,382,SURVIVED,none
Decompiler.java,com.google.javascript.rhino.head.Decompiler,org.pitest.mutationtest.engine.gregor.mutators.NonVoidMethodCallMutator,decompile,386,SURVIVED,none
Decompiler.java,com.google.javascript.rhino.head.Decompiler,org.pitest.mutationtest.engine.gregor.mutators.NonVoidMethodCallMutator,decompile,390,SURVIVED,none
Decompiler.java,com.google.javascript.rhino.head.Decompiler,org.pitest.mutationtest.engine.gregor.mutators.NonVoidMethodCallMutator,decompile,394,SURVIVED,none
Decompiler.java,com.google.javascript.rhino.head.Decompiler,org.pitest.mutationtest.engine.gregor.mutators.NonVoidMethodCallMutator,decompile,399,KILLED,com.google.javascript.rhino.head.Decompiler_ESTest.test117
Decompiler.java,com.google.javascript.rhino.head.Decompiler,org.pitest.mutationtest.engine.gregor.mutators.NonVoidMethodCallMutator,decompile,407,KILLED,com.google.javascript.rhino.head.Decompiler_ESTest.test050
Decompiler.java,com.google.javascript.rhino.head.Decompiler,org.pitest.mutationtest.engine.gregor.mutators.NonVoidMethodCallMutator,decompile,412,SURVIVED,none
Decompiler.java,com.google.javascript.rhino.head.Decompiler,org.pitest.mutationtest.engine.gregor.mutators.NonVoidMethodCallMutator,decompile,414,KILLED,com.google.javascript.rhino.head.Decompiler_ESTest.test049
Decompiler.java,com.google.javascript.rhino.head.Decompiler,org.pitest.mutationtest.engine.gregor.mutators.NonVoidMethodCallMutator,decompile,426,KILLED,com.google.javascript.rhino.head.Decompiler_ESTest.test007
Decompiler.java,com.google.javascript.rhino.head.Decompiler,org.pitest.mutationtest.engine.gregor.mutators.NonVoidMethodCallMutator,decompile,427,SURVIVED,none
Decompiler.java,com.google.javascript.rhino.head.Decompiler,org.pitest.mutationtest.engine.gregor.mutators.NonVoidMethodCallMutator,decompile,435,SURVIVED,none
Decompiler.java,com.google.javascript.rhino.head.Decompiler,org.pitest.mutationtest.engine.gregor.mutators.NonVoidMethodCallMutator,decompile,441,KILLED,com.google.javascript.rhino.head.Decompiler_ESTest.test049
Decompiler.java,com.google.javascript.rhino.head.Decompiler,org.pitest.mutationtest.engine.gregor.mutators.NonVoidMethodCallMutator,decompile,445,SURVIVED,none
Decompiler.java,com.google.javascript.rhino.head.Decompiler,org.pitest.mutationtest.engine.gregor.mutators.NonVoidMethodCallMutator,decompile,446,SURVIVED,none
Decompiler.java,com.google.javascript.rhino.head.Decompiler,org.pitest.mutationtest.engine.gregor.mutators.NonVoidMethodCallMutator,decompile,447,SURVIVED,none
Decompiler.java,com.google.javascript.rhino.head.Decompiler,org.pitest.mutationtest.engine.gregor.mutators.NonVoidMethodCallMutator,decompile,451,SURVIVED,none
Decompiler.java,com.google.javascript.rhino.head.Decompiler,org.pitest.mutationtest.engine.gregor.mutators.NonVoidMethodCallMutator,decompile,455,SURVIVED,none
Decompiler.java,com.google.javascript.rhino.head.Decompiler,org.pitest.mutationtest.engine.gregor.mutators.NonVoidMethodCallMutator,decompile,473,KILLED,com.google.javascript.rhino.head.Decompiler_ESTest.test092
Decompiler.java,com.google.javascript.rhino.head.Decompiler,org.pitest.mutationtest.engine.gregor.mutators.NonVoidMethodCallMutator,decompile,482,SURVIVED,none
Decompiler.java,com.google.javascript.rhino.head.Decompiler,org.pitest.mutationtest.engine.gregor.mutators.NonVoidMethodCallMutator,decompile,495,SURVIVED,none
Decompiler.java,com.google.javascript.rhino.head.Decompiler,org.pitest.mutationtest.engine.gregor.mutators.NonVoidMethodCallMutator,decompile,496,SURVIVED,none
Decompiler.java,com.google.javascript.rhino.head.Decompiler,org.pitest.mutationtest.engine.gregor.mutators.NonVoidMethodCallMutator,decompile,501,KILLED,com.google.javascript.rhino.head.Decompiler_ESTest.test118
Decompiler.java,com.google.javascript.rhino.head.Decompiler,org.pitest.mutationtest.engine.gregor.mutators.NonVoidMethodCallMutator,decompile,506,SURVIVED,none
Decompiler.java,com.google.javascript.rhino.head.Decompiler,org.pitest.mutationtest.engine.gregor.mutators.NonVoidMethodCallMutator,decompile,510,KILLED,com.google.javascript.rhino.head.Decompiler_ESTest.test120
Decompiler.java,com.google.javascript.rhino.head.Decompiler,org.pitest.mutationtest.engine.gregor.mutators.NonVoidMethodCallMutator,decompile,514,KILLED,com.google.javascript.rhino.head.Decompiler_ESTest.test088
Decompiler.java,com.google.javascript.rhino.head.Decompiler,org.pitest.mutationtest.engine.gregor.mutators.NonVoidMethodCallMutator,decompile,518,KILLED,com.google.javascript.rhino.head.Decompiler_ESTest.test109
Decompiler.java,com.google.javascript.rhino.head.Decompiler,org.pitest.mutationtest.engine.gregor.mutators.NonVoidMethodCallMutator,decompile,522,SURVIVED,none
Decompiler.java,com.google.javascript.rhino.head.Decompiler,org.pitest.mutationtest.engine.gregor.mutators.NonVoidMethodCallMutator,decompile,526,KILLED,com.google.javascript.rhino.head.Decompiler_ESTest.test049
Decompiler.java,com.google.javascript.rhino.head.Decompiler,org.pitest.mutationtest.engine.gregor.mutators.NonVoidMethodCallMutator,decompile,530,SURVIVED,none
Decompiler.java,com.google.javascript.rhino.head.Decompiler,org.pitest.mutationtest.engine.gregor.mutators.NonVoidMethodCallMutator,decompile,534,SURVIVED,none
Decompiler.java,com.google.javascript.rhino.head.Decompiler,org.pitest.mutationtest.engine.gregor.mutators.NonVoidMethodCallMutator,decompile,538,KILLED,com.google.javascript.rhino.head.Decompiler_ESTest.test118
Decompiler.java,com.google.javascript.rhino.head.Decompiler,org.pitest.mutationtest.engine.gregor.mutators.NonVoidMethodCallMutator,decompile,542,SURVIVED,none
Decompiler.java,com.google.javascript.rhino.head.Decompiler,org.pitest.mutationtest.engine.gregor.mutators.NonVoidMethodCallMutator,decompile,546,SURVIVED,none
Decompiler.java,com.google.javascript.rhino.head.Decompiler,org.pitest.mutationtest.engine.gregor.mutators.NonVoidMethodCallMutator,decompile,550,KILLED,com.google.javascript.rhino.head.Decompiler_ESTest.test050
Decompiler.java,com.google.javascript.rhino.head.Decompiler,org.pitest.mutationtest.engine.gregor.mutators.NonVoidMethodCallMutator,decompile,554,SURVIVED,none
Decompiler.java,com.google.javascript.rhino.head.Decompiler,org.pitest.mutationtest.engine.gregor.mutators.NonVoidMethodCallMutator,decompile,558,SURVIVED,none
Decompiler.java,com.google.javascript.rhino.head.Decompiler,org.pitest.mutationtest.engine.gregor.mutators.NonVoidMethodCallMutator,decompile,562,KILLED,com.google.javascript.rhino.head.Decompiler_ESTest.test109
Decompiler.java,com.google.javascript.rhino.head.Decompiler,org.pitest.mutationtest.engine.gregor.mutators.NonVoidMethodCallMutator,decompile,566,SURVIVED,none
Decompiler.java,com.google.javascript.rhino.head.Decompiler,org.pitest.mutationtest.engine.gregor.mutators.NonVoidMethodCallMutator,decompile,567,SURVIVED,none
Decompiler.java,com.google.javascript.rhino.head.Decompiler,org.pitest.mutationtest.engine.gregor.mutators.NonVoidMethodCallMutator,decompile,568,NO_COVERAGE,none
Decompiler.java,com.google.javascript.rhino.head.Decompiler,org.pitest.mutationtest.engine.gregor.mutators.NonVoidMethodCallMutator,decompile,572,SURVIVED,none
Decompiler.java,com.google.javascript.rhino.head.Decompiler,org.pitest.mutationtest.engine.gregor.mutators.NonVoidMethodCallMutator,decompile,573,SURVIVED,none
Decompiler.java,com.google.javascript.rhino.head.Decompiler,org.pitest.mutationtest.engine.gregor.mutators.NonVoidMethodCallMutator,decompile,574,SURVIVED,none
Decompiler.java,com.google.javascript.rhino.head.Decompiler,org.pitest.mutationtest.engine.gregor.mutators.NonVoidMethodCallMutator,decompile,578,KILLED,com.google.javascript.rhino.head.Decompiler_ESTest.test109
Decompiler.java,com.google.javascript.rhino.head.Decompiler,org.pitest.mutationtest.engine.gregor.mutators.NonVoidMethodCallMutator,decompile,582,KILLED,com.google.javascript.rhino.head.Decompiler_ESTest.test109
Decompiler.java,com.google.javascript.rhino.head.Decompiler,org.pitest.mutationtest.engine.gregor.mutators.NonVoidMethodCallMutator,decompile,586,KILLED,com.google.javascript.rhino.head.Decompiler_ESTest.test114
Decompiler.java,com.google.javascript.rhino.head.Decompiler,org.pitest.mutationtest.engine.gregor.mutators.NonVoidMethodCallMutator,decompile,587,SURVIVED,none
Decompiler.java,com.google.javascript.rhino.head.Decompiler,org.pitest.mutationtest.engine.gregor.mutators.NonVoidMethodCallMutator,decompile,588,KILLED,com.google.javascript.rhino.head.Decompiler_ESTest.test114
Decompiler.java,com.google.javascript.rhino.head.Decompiler,org.pitest.mutationtest.engine.gregor.mutators.NonVoidMethodCallMutator,decompile,592,SURVIVED,none
Decompiler.java,com.google.javascript.rhino.head.Decompiler,org.pitest.mutationtest.engine.gregor.mutators.NonVoidMethodCallMutator,decompile,596,KILLED,com.google.javascript.rhino.head.Decompiler_ESTest.test021
Decompiler.java,com.google.javascript.rhino.head.Decompiler,org.pitest.mutationtest.engine.gregor.mutators.NonVoidMethodCallMutator,decompile,600,KILLED,com.google.javascript.rhino.head.Decompiler_ESTest.test004
Decompiler.java,com.google.javascript.rhino.head.Decompiler,org.pitest.mutationtest.engine.gregor.mutators.NonVoidMethodCallMutator,decompile,601,KILLED,com.google.javascript.rhino.head.Decompiler_ESTest.test004
Decompiler.java,com.google.javascript.rhino.head.Decompiler,org.pitest.mutationtest.engine.gregor.mutators.NonVoidMethodCallMutator,decompile,603,SURVIVED,none
Decompiler.java,com.google.javascript.rhino.head.Decompiler,org.pitest.mutationtest.engine.gregor.mutators.NonVoidMethodCallMutator,decompile,608,SURVIVED,none
Decompiler.java,com.google.javascript.rhino.head.Decompiler,org.pitest.mutationtest.engine.gregor.mutators.NonVoidMethodCallMutator,decompile,612,KILLED,com.google.javascript.rhino.head.Decompiler_ESTest.test109
Decompiler.java,com.google.javascript.rhino.head.Decompiler,org.pitest.mutationtest.engine.gregor.mutators.NonVoidMethodCallMutator,decompile,616,SURVIVED,none
Decompiler.java,com.google.javascript.rhino.head.Decompiler,org.pitest.mutationtest.engine.gregor.mutators.NonVoidMethodCallMutator,decompile,620,KILLED,com.google.javascript.rhino.head.Decompiler_ESTest.test109
Decompiler.java,com.google.javascript.rhino.head.Decompiler,org.pitest.mutationtest.engine.gregor.mutators.NonVoidMethodCallMutator,decompile,624,SURVIVED,none
Decompiler.java,com.google.javascript.rhino.head.Decompiler,org.pitest.mutationtest.engine.gregor.mutators.NonVoidMethodCallMutator,decompile,628,SURVIVED,none
Decompiler.java,com.google.javascript.rhino.head.Decompiler,org.pitest.mutationtest.engine.gregor.mutators.NonVoidMethodCallMutator,decompile,632,SURVIVED,none
Decompiler.java,com.google.javascript.rhino.head.Decompiler,org.pitest.mutationtest.engine.gregor.mutators.NonVoidMethodCallMutator,decompile,636,NO_COVERAGE,none
Decompiler.java,com.google.javascript.rhino.head.Decompiler,org.pitest.mutationtest.engine.gregor.mutators.NonVoidMethodCallMutator,decompile,640,KILLED,com.google.javascript.rhino.head.Decompiler_ESTest.test108
Decompiler.java,com.google.javascript.rhino.head.Decompiler,org.pitest.mutationtest.engine.gregor.mutators.NonVoidMethodCallMutator,decompile,644,SURVIVED,none
Decompiler.java,com.google.javascript.rhino.head.Decompiler,org.pitest.mutationtest.engine.gregor.mutators.NonVoidMethodCallMutator,decompile,648,SURVIVED,none
Decompiler.java,com.google.javascript.rhino.head.Decompiler,org.pitest.mutationtest.engine.gregor.mutators.NonVoidMethodCallMutator,decompile,652,SURVIVED,none
Decompiler.java,com.google.javascript.rhino.head.Decompiler,org.pitest.mutationtest.engine.gregor.mutators.NonVoidMethodCallMutator,decompile,656,KILLED,com.google.javascript.rhino.head.Decompiler_ESTest.test050
Decompiler.java,com.google.javascript.rhino.head.Decompiler,org.pitest.mutationtest.engine.gregor.mutators.NonVoidMethodCallMutator,decompile,665,SURVIVED,none
Decompiler.java,com.google.javascript.rhino.head.Decompiler,org.pitest.mutationtest.engine.gregor.mutators.NonVoidMethodCallMutator,decompile,669,KILLED,com.google.javascript.rhino.head.Decompiler_ESTest.test003
Decompiler.java,com.google.javascript.rhino.head.Decompiler,org.pitest.mutationtest.engine.gregor.mutators.NonVoidMethodCallMutator,decompile,671,KILLED,com.google.javascript.rhino.head.Decompiler_ESTest.test003
Decompiler.java,com.google.javascript.rhino.head.Decompiler,org.pitest.mutationtest.engine.gregor.mutators.NonVoidMethodCallMutator,decompile,674,SURVIVED,none
Decompiler.java,com.google.javascript.rhino.head.Decompiler,org.pitest.mutationtest.engine.gregor.mutators.NonVoidMethodCallMutator,decompile,678,SURVIVED,none
Decompiler.java,com.google.javascript.rhino.head.Decompiler,org.pitest.mutationtest.engine.gregor.mutators.NonVoidMethodCallMutator,decompile,682,KILLED,com.google.javascript.rhino.head.Decompiler_ESTest.test109
Decompiler.java,com.google.javascript.rhino.head.Decompiler,org.pitest.mutationtest.engine.gregor.mutators.NonVoidMethodCallMutator,decompile,686,KILLED,com.google.javascript.rhino.head.Decompiler_ESTest.test109
Decompiler.java,com.google.javascript.rhino.head.Decompiler,org.pitest.mutationtest.engine.gregor.mutators.NonVoidMethodCallMutator,decompile,690,KILLED,com.google.javascript.rhino.head.Decompiler_ESTest.test108
Decompiler.java,com.google.javascript.rhino.head.Decompiler,org.pitest.mutationtest.engine.gregor.mutators.NonVoidMethodCallMutator,decompile,694,KILLED,com.google.javascript.rhino.head.Decompiler_ESTest.test107
Decompiler.java,com.google.javascript.rhino.head.Decompiler,org.pitest.mutationtest.engine.gregor.mutators.NonVoidMethodCallMutator,decompile,698,SURVIVED,none
Decompiler.java,com.google.javascript.rhino.head.Decompiler,org.pitest.mutationtest.engine.gregor.mutators.NonVoidMethodCallMutator,decompile,702,SURVIVED,none
Decompiler.java,com.google.javascript.rhino.head.Decompiler,org.pitest.mutationtest.engine.gregor.mutators.NonVoidMethodCallMutator,decompile,706,KILLED,com.google.javascript.rhino.head.Decompiler_ESTest.test106
Decompiler.java,com.google.javascript.rhino.head.Decompiler,org.pitest.mutationtest.engine.gregor.mutators.NonVoidMethodCallMutator,decompile,710,KILLED,com.google.javascript.rhino.head.Decompiler_ESTest.test105
Decompiler.java,com.google.javascript.rhino.head.Decompiler,org.pitest.mutationtest.engine.gregor.mutators.NonVoidMethodCallMutator,decompile,714,KILLED,com.google.javascript.rhino.head.Decompiler_ESTest.test103
Decompiler.java,com.google.javascript.rhino.head.Decompiler,org.pitest.mutationtest.engine.gregor.mutators.NonVoidMethodCallMutator,decompile,718,KILLED,com.google.javascript.rhino.head.Decompiler_ESTest.test104
Decompiler.java,com.google.javascript.rhino.head.Decompiler,org.pitest.mutationtest.engine.gregor.mutators.NonVoidMethodCallMutator,decompile,722,KILLED,com.google.javascript.rhino.head.Decompiler_ESTest.test101
Decompiler.java,com.google.javascript.rhino.head.Decompiler,org.pitest.mutationtest.engine.gregor.mutators.NonVoidMethodCallMutator,decompile,726,KILLED,com.google.javascript.rhino.head.Decompiler_ESTest.test102
Decompiler.java,com.google.javascript.rhino.head.Decompiler,org.pitest.mutationtest.engine.gregor.mutators.NonVoidMethodCallMutator,decompile,730,SURVIVED,none
Decompiler.java,com.google.javascript.rhino.head.Decompiler,org.pitest.mutationtest.engine.gregor.mutators.NonVoidMethodCallMutator,decompile,734,SURVIVED,none
Decompiler.java,com.google.javascript.rhino.head.Decompiler,org.pitest.mutationtest.engine.gregor.mutators.NonVoidMethodCallMutator,decompile,738,KILLED,com.google.javascript.rhino.head.Decompiler_ESTest.test099
Decompiler.java,com.google.javascript.rhino.head.Decompiler,org.pitest.mutationtest.engine.gregor.mutators.NonVoidMethodCallMutator,decompile,742,SURVIVED,none
Decompiler.java,com.google.javascript.rhino.head.Decompiler,org.pitest.mutationtest.engine.gregor.mutators.NonVoidMethodCallMutator,decompile,746,KILLED,com.google.javascript.rhino.head.Decompiler_ESTest.test109
Decompiler.java,com.google.javascript.rhino.head.Decompiler,org.pitest.mutationtest.engine.gregor.mutators.NonVoidMethodCallMutator,decompile,750,SURVIVED,none
Decompiler.java,com.google.javascript.rhino.head.Decompiler,org.pitest.mutationtest.engine.gregor.mutators.NonVoidMethodCallMutator,decompile,754,KILLED,com.google.javascript.rhino.head.Decompiler_ESTest.test020
Decompiler.java,com.google.javascript.rhino.head.Decompiler,org.pitest.mutationtest.engine.gregor.mutators.NonVoidMethodCallMutator,decompile,758,SURVIVED,none
Decompiler.java,com.google.javascript.rhino.head.Decompiler,org.pitest.mutationtest.engine.gregor.mutators.NonVoidMethodCallMutator,decompile,762,KILLED,com.google.javascript.rhino.head.Decompiler_ESTest.test092
Decompiler.java,com.google.javascript.rhino.head.Decompiler,org.pitest.mutationtest.engine.gregor.mutators.NonVoidMethodCallMutator,decompile,766,KILLED,com.google.javascript.rhino.head.Decompiler_ESTest.test091
Decompiler.java,com.google.javascript.rhino.head.Decompiler,org.pitest.mutationtest.engine.gregor.mutators.NonVoidMethodCallMutator,decompile,770,SURVIVED,none
Decompiler.java,com.google.javascript.rhino.head.Decompiler,org.pitest.mutationtest.engine.gregor.mutators.NonVoidMethodCallMutator,decompile,774,KILLED,com.google.javascript.rhino.head.Decompiler_ESTest.test089
Decompiler.java,com.google.javascript.rhino.head.Decompiler,org.pitest.mutationtest.engine.gregor.mutators.NonVoidMethodCallMutator,decompile,778,SURVIVED,none
Decompiler.java,com.google.javascript.rhino.head.Decompiler,org.pitest.mutationtest.engine.gregor.mutators.NonVoidMethodCallMutator,decompile,782,SURVIVED,none
Decompiler.java,com.google.javascript.rhino.head.Decompiler,org.pitest.mutationtest.engine.gregor.mutators.NonVoidMethodCallMutator,decompile,786,KILLED,com.google.javascript.rhino.head.Decompiler_ESTest.test097
Decompiler.java,com.google.javascript.rhino.head.Decompiler,org.pitest.mutationtest.engine.gregor.mutators.NonVoidMethodCallMutator,decompile,790,KILLED,com.google.javascript.rhino.head.Decompiler_ESTest.test096
Decompiler.java,com.google.javascript.rhino.head.Decompiler,org.pitest.mutationtest.engine.gregor.mutators.NonVoidMethodCallMutator,decompile,794,KILLED,com.google.javascript.rhino.head.Decompiler_ESTest.test095
Decompiler.java,com.google.javascript.rhino.head.Decompiler,org.pitest.mutationtest.engine.gregor.mutators.NonVoidMethodCallMutator,decompile,798,KILLED,com.google.javascript.rhino.head.Decompiler_ESTest.test094
Decompiler.java,com.google.javascript.rhino.head.Decompiler,org.pitest.mutationtest.engine.gregor.mutators.NonVoidMethodCallMutator,decompile,802,KILLED,com.google.javascript.rhino.head.Decompiler_ESTest.test093
Decompiler.java,com.google.javascript.rhino.head.Decompiler,org.pitest.mutationtest.engine.gregor.mutators.NonVoidMethodCallMutator,decompile,806,KILLED,com.google.javascript.rhino.head.Decompiler_ESTest.test030
Decompiler.java,com.google.javascript.rhino.head.Decompiler,org.pitest.mutationtest.engine.gregor.mutators.NonVoidMethodCallMutator,decompile,810,KILLED,com.google.javascript.rhino.head.Decompiler_ESTest.test031
Decompiler.java,com.google.javascript.rhino.head.Decompiler,org.pitest.mutationtest.engine.gregor.mutators.NonVoidMethodCallMutator,decompile,814,KILLED,com.google.javascript.rhino.head.Decompiler_ESTest.test028
Decompiler.java,com.google.javascript.rhino.head.Decompiler,org.pitest.mutationtest.engine.gregor.mutators.NonVoidMethodCallMutator,decompile,818,KILLED,com.google.javascript.rhino.head.Decompiler_ESTest.test027
Decompiler.java,com.google.javascript.rhino.head.Decompiler,org.pitest.mutationtest.engine.gregor.mutators.NonVoidMethodCallMutator,decompile,822,SURVIVED,none
Decompiler.java,com.google.javascript.rhino.head.Decompiler,org.pitest.mutationtest.engine.gregor.mutators.NonVoidMethodCallMutator,decompile,827,SURVIVED,none
Decompiler.java,com.google.javascript.rhino.head.Decompiler,org.pitest.mutationtest.engine.gregor.mutators.NonVoidMethodCallMutator,decompile,827,SURVIVED,none
Decompiler.java,com.google.javascript.rhino.head.Decompiler,org.pitest.mutationtest.engine.gregor.mutators.NonVoidMethodCallMutator,decompile,827,SURVIVED,none
Decompiler.java,com.google.javascript.rhino.head.Decompiler,org.pitest.mutationtest.engine.gregor.mutators.NonVoidMethodCallMutator,decompile,827,SURVIVED,none
Decompiler.java,com.google.javascript.rhino.head.Decompiler,org.pitest.mutationtest.engine.gregor.mutators.NonVoidMethodCallMutator,decompile,827,SURVIVED,none
Decompiler.java,com.google.javascript.rhino.head.Decompiler,org.pitest.mutationtest.engine.gregor.mutators.NonVoidMethodCallMutator,decompile,836,KILLED,com.google.javascript.rhino.head.Decompiler_ESTest.test092
Decompiler.java,com.google.javascript.rhino.head.Decompiler,org.pitest.mutationtest.engine.gregor.mutators.NonVoidMethodCallMutator,decompile,839,KILLED,com.google.javascript.rhino.head.Decompiler_ESTest.test117
Decompiler.java,com.google.javascript.rhino.head.Decompiler,org.pitest.mutationtest.engine.gregor.mutators.NonVoidMethodCallMutator,decompile,843,KILLED,com.google.javascript.rhino.head.Decompiler_ESTest.test094
Decompiler.java,com.google.javascript.rhino.head.Decompiler,org.pitest.mutationtest.engine.gregor.mutators.RemoveConditionalMutator_EQUAL_ELSE,decompile,295,KILLED,com.google.javascript.rhino.head.Decompiler_ESTest.test124
Decompiler.java,com.google.javascript.rhino.head.Decompiler,org.pitest.mutationtest.engine.gregor.mutators.RemoveConditionalMutator_EQUAL_ELSE,decompile,305,KILLED,com.google.javascript.rhino.head.Decompiler_ESTest.test098
Decompiler.java,com.google.javascript.rhino.head.Decompiler,org.pitest.mutationtest.engine.gregor.mutators.RemoveConditionalMutator_EQUAL_ELSE,decompile,306,KILLED,com.google.javascript.rhino.head.Decompiler_ESTest.test094
Decompiler.java,com.google.javascript.rhino.head.Decompiler,org.pitest.mutationtest.engine.gregor.mutators.RemoveConditionalMutator_EQUAL_ELSE,decompile,339,KILLED,com.google.javascript.rhino.head.Decompiler_ESTest.test119
Decompiler.java,com.google.javascript.rhino.head.Decompiler,org.pitest.mutationtest.engine.gregor.mutators.RemoveConditionalMutator_EQUAL_ELSE,decompile,346,KILLED,com.google.javascript.rhino.head.Decompiler_ESTest.test092
Decompiler.java,com.google.javascript.rhino.head.Decompiler,org.pitest.mutationtest.engine.gregor.mutators.RemoveConditionalMutator_EQUAL_ELSE,decompile,352,KILLED,com.google.javascript.rhino.head.Decompiler_ESTest.test117
Decompiler.java,com.google.javascript.rhino.head.Decompiler,org.pitest.mutationtest.engine.gregor.mutators.RemoveConditionalMutator_EQUAL_ELSE,decompile,361,SURVIVED,none
Decompiler.java,com.google.javascript.rhino.head.Decompiler,org.pitest.mutationtest.engine.gregor.mutators.RemoveConditionalMutator_EQUAL_ELSE,decompile,412,SURVIVED,none
Decompiler.java,com.google.javascript.rhino.head.Decompiler,org.pitest.mutationtest.engine.gregor.mutators.RemoveConditionalMutator_EQUAL_ELSE,decompile,423,SURVIVED,none
Decompiler.java,com.google.javascript.rhino.head.Decompiler,org.pitest.mutationtest.engine.gregor.mutators.RemoveConditionalMutator_EQUAL_ELSE,decompile,423,SURVIVED,none
Decompiler.java,com.google.javascript.rhino.head.Decompiler,org.pitest.mutationtest.engine.gregor.mutators.RemoveConditionalMutator_EQUAL_ELSE,decompile,446,SURVIVED,none
Decompiler.java,com.google.javascript.rhino.head.Decompiler,org.pitest.mutationtest.engine.gregor.mutators.RemoveConditionalMutator_EQUAL_ELSE,decompile,459,KILLED,com.google.javascript.rhino.head.Decompiler_ESTest.test094
Decompiler.java,com.google.javascript.rhino.head.Decompiler,org.pitest.mutationtest.engine.gregor.mutators.RemoveConditionalMutator_EQUAL_ELSE,decompile,461,KILLED,com.google.javascript.rhino.head.Decompiler_ESTest.test098
Decompiler.java,com.google.javascript.rhino.head.Decompiler,org.pitest.mutationtest.engine.gregor.mutators.RemoveConditionalMutator_EQUAL_ELSE,decompile,463,KILLED,com.google.javascript.rhino.head.Decompiler_ESTest.test098
Decompiler.java,com.google.javascript.rhino.head.Decompiler,org.pitest.mutationtest.engine.gregor.mutators.RemoveConditionalMutator_EQUAL_ELSE,decompile,472,KILLED,com.google.javascript.rhino.head.Decompiler_ESTest.test092
Decompiler.java,com.google.javascript.rhino.head.Decompiler,org.pitest.mutationtest.engine.gregor.mutators.RemoveConditionalMutator_EQUAL_ELSE,decompile,483,KILLED,com.google.javascript.rhino.head.Decompiler_ESTest.test118
Decompiler.java,com.google.javascript.rhino.head.Decompiler,org.pitest.mutationtest.engine.gregor.mutators.RemoveConditionalMutator_EQUAL_ELSE,decompile,483,SURVIVED,none
Decompiler.java,com.google.javascript.rhino.head.Decompiler,org.pitest.mutationtest.engine.gregor.mutators.RemoveConditionalMutator_EQUAL_ELSE,decompile,487,SURVIVED,none
Decompiler.java,com.google.javascript.rhino.head.Decompiler,org.pitest.mutationtest.engine.gregor.mutators.RemoveConditionalMutator_EQUAL_ELSE,decompile,494,SURVIVED,none
Decompiler.java,com.google.javascript.rhino.head.Decompiler,org.pitest.mutationtest.engine.gregor.mutators.RemoveConditionalMutator_EQUAL_ELSE,decompile,496,SURVIVED,none
Decompiler.java,com.google.javascript.rhino.head.Decompiler,org.pitest.mutationtest.engine.gregor.mutators.RemoveConditionalMutator_EQUAL_ELSE,decompile,567,SURVIVED,none
Decompiler.java,com.google.javascript.rhino.head.Decompiler,org.pitest.mutationtest.engine.gregor.mutators.RemoveConditionalMutator_EQUAL_ELSE,decompile,573,SURVIVED,none
Decompiler.java,com.google.javascript.rhino.head.Decompiler,org.pitest.mutationtest.engine.gregor.mutators.RemoveConditionalMutator_EQUAL_ELSE,decompile,587,KILLED,com.google.javascript.rhino.head.Decompiler_ESTest.test114
Decompiler.java,com.google.javascript.rhino.head.Decompiler,org.pitest.mutationtest.engine.gregor.mutators.RemoveConditionalMutator_EQUAL_ELSE,decompile,601,SURVIVED,none
Decompiler.java,com.google.javascript.rhino.head.Decompiler,org.pitest.mutationtest.engine.gregor.mutators.RemoveConditionalMutator_EQUAL_ELSE,decompile,669,KILLED,com.google.javascript.rhino.head.Decompiler_ESTest.test003
Decompiler.java,com.google.javascript.rhino.head.Decompiler,org.pitest.mutationtest.engine.gregor.mutators.RemoveConditionalMutator_EQUAL_ELSE,decompile,833,KILLED,com.google.javascript.rhino.head.Decompiler_ESTest.test092
Decompiler.java,com.google.javascript.rhino.head.Decompiler,org.pitest.mutationtest.engine.gregor.mutators.RemoveConditionalMutator_EQUAL_ELSE,decompile,835,KILLED,com.google.javascript.rhino.head.Decompiler_ESTest.test092
Decompiler.java,com.google.javascript.rhino.head.Decompiler,org.pitest.mutationtest.engine.gregor.mutators.RemoveConditionalMutator_EQUAL_ELSE,decompile,838,KILLED,com.google.javascript.rhino.head.Decompiler_ESTest.test117
Decompiler.java,com.google.javascript.rhino.head.Decompiler,org.pitest.mutationtest.engine.gregor.mutators.RemoveConditionalMutator_EQUAL_IF,decompile,295,KILLED,com.google.javascript.rhino.head.Decompiler_ESTest.test056
Decompiler.java,com.google.javascript.rhino.head.Decompiler,org.pitest.mutationtest.engine.gregor.mutators.RemoveConditionalMutator_EQUAL_IF,decompile,305,KILLED,com.google.javascript.rhino.head.Decompiler_ESTest.test092
Decompiler.java,com.google.javascript.rhino.head.Decompiler,org.pitest.mutationtest.engine.gregor.mutators.RemoveConditionalMutator_EQUAL_IF,decompile,306,KILLED,com.google.javascript.rhino.head.Decompiler_ESTest.test098
Decompiler.java,com.google.javascript.rhino.head.Decompiler,org.pitest.mutationtest.engine.gregor.mutators.RemoveConditionalMutator_EQUAL_IF,decompile,339,KILLED,com.google.javascript.rhino.head.Decompiler_ESTest.test094
Decompiler.java,com.google.javascript.rhino.head.Decompiler,org.pitest.mutationtest.engine.gregor.mutators.RemoveConditionalMutator_EQUAL_IF,decompile,346,KILLED,com.google.javascript.rhino.head.Decompiler_ESTest.test094
Decompiler.java,com.google.javascript.rhino.head.Decompiler,org.pitest.mutationtest.engine.gregor.mutators.RemoveConditionalMutator_EQUAL_IF,decompile,352,KILLED,com.google.javascript.rhino.head.Decompiler_ESTest.test094
Decompiler.java,com.google.javascript.rhino.head.Decompiler,org.pitest.mutationtest.engine.gregor.mutators.RemoveConditionalMutator_EQUAL_IF,decompile,361,SURVIVED,none
Decompiler.java,com.google.javascript.rhino.head.Decompiler,org.pitest.mutationtest.engine.gregor.mutators.RemoveConditionalMutator_EQUAL_IF,decompile,412,SURVIVED,none
Decompiler.java,com.google.javascript.rhino.head.Decompiler,org.pitest.mutationtest.engine.gregor.mutators.RemoveConditionalMutator_EQUAL_IF,decompile,423,SURVIVED,none
Decompiler.java,com.google.javascript.rhino.head.Decompiler,org.pitest.mutationtest.engine.gregor.mutators.RemoveConditionalMutator_EQUAL_IF,decompile,423,SURVIVED,none
Decompiler.java,com.google.javascript.rhino.head.Decompiler,org.pitest.mutationtest.engine.gregor.mutators.RemoveConditionalMutator_EQUAL_IF,decompile,446,SURVIVED,none
Decompiler.java,com.google.javascript.rhino.head.Decompiler,org.pitest.mutationtest.engine.gregor.mutators.RemoveConditionalMutator_EQUAL_IF,decompile,459,KILLED,com.google.javascript.rhino.head.Decompiler_ESTest.test098
Decompiler.java,com.google.javascript.rhino.head.Decompiler,org.pitest.mutationtest.engine.gregor.mutators.RemoveConditionalMutator_EQUAL_IF,decompile,461,KILLED,com.google.javascript.rhino.head.Decompiler_ESTest.test118
Decompiler.java,com.google.javascript.rhino.head.Decompiler,org.pitest.mutationtest.engine.gregor.mutators.RemoveConditionalMutator_EQUAL_IF,decompile,463,KILLED,com.google.javascript.rhino.head.Decompiler_ESTest.test092
Decompiler.java,com.google.javascript.rhino.head.Decompiler,org.pitest.mutationtest.engine.gregor.mutators.RemoveConditionalMutator_EQUAL_IF,decompile,472,KILLED,com.google.javascript.rhino.head.Decompiler_ESTest.test098
Decompiler.java,com.google.javascript.rhino.head.Decompiler,org.pitest.mutationtest.engine.gregor.mutators.RemoveConditionalMutator_EQUAL_IF,decompile,483,SURVIVED,none
Decompiler.java,com.google.javascript.rhino.head.Decompiler,org.pitest.mutationtest.engine.gregor.mutators.RemoveConditionalMutator_EQUAL_IF,decompile,483,KILLED,com.google.javascript.rhino.head.Decompiler_ESTest.test118
Decompiler.java,com.google.javascript.rhino.head.Decompiler,org.pitest.mutationtest.engine.gregor.mutators.RemoveConditionalMutator_EQUAL_IF,decompile,487,KILLED,com.google.javascript.rhino.head.Decompiler_ESTest.test118
Decompiler.java,com.google.javascript.rhino.head.Decompiler,org.pitest.mutationtest.engine.gregor.mutators.RemoveConditionalMutator_EQUAL_IF,decompile,494,KILLED,com.google.javascript.rhino.head.Decompiler_ESTest.test118
Decompiler.java,com.google.javascript.rhino.head.Decompiler,org.pitest.mutationtest.engine.gregor.mutators.RemoveConditionalMutator_EQUAL_IF,decompile,496,SURVIVED,none
Decompiler.java,com.google.javascript.rhino.head.Decompiler,org.pitest.mutationtest.engine.gregor.mutators.RemoveConditionalMutator_EQUAL_IF,decompile,567,SURVIVED,none
Decompiler.java,com.google.javascript.rhino.head.Decompiler,org.pitest.mutationtest.engine.gregor.mutators.RemoveConditionalMutator_EQUAL_IF,decompile,573,SURVIVED,none
Decompiler.java,com.google.javascript.rhino.head.Decompiler,org.pitest.mutationtest.engine.gregor.mutators.RemoveConditionalMutator_EQUAL_IF,decompile,587,SURVIVED,none
Decompiler.java,com.google.javascript.rhino.head.Decompiler,org.pitest.mutationtest.engine.gregor.mutators.RemoveConditionalMutator_EQUAL_IF,decompile,601,KILLED,com.google.javascript.rhino.head.Decompiler_ESTest.test004
Decompiler.java,com.google.javascript.rhino.head.Decompiler,org.pitest.mutationtest.engine.gregor.mutators.RemoveConditionalMutator_EQUAL_IF,decompile,669,SURVIVED,none
Decompiler.java,com.google.javascript.rhino.head.Decompiler,org.pitest.mutationtest.engine.gregor.mutators.RemoveConditionalMutator_EQUAL_IF,decompile,833,KILLED,com.google.javascript.rhino.head.Decompiler_ESTest.test094
Decompiler.java,com.google.javascript.rhino.head.Decompiler,org.pitest.mutationtest.engine.gregor.mutators.RemoveConditionalMutator_EQUAL_IF,decompile,835,KILLED,com.google.javascript.rhino.head.Decompiler_ESTest.test098
Decompiler.java,com.google.javascript.rhino.head.Decompiler,org.pitest.mutationtest.engine.gregor.mutators.RemoveConditionalMutator_EQUAL_IF,decompile,838,KILLED,com.google.javascript.rhino.head.Decompiler_ESTest.test094
Decompiler.java,com.google.javascript.rhino.head.Decompiler,org.pitest.mutationtest.engine.gregor.mutators.RemoveConditionalMutator_ORDER_ELSE,decompile,298,KILLED,com.google.javascript.rhino.head.Decompiler_ESTest.test123
Decompiler.java,com.google.javascript.rhino.head.Decompiler,org.pitest.mutationtest.engine.gregor.mutators.RemoveConditionalMutator_ORDER_ELSE,decompile,300,KILLED,com.google.javascript.rhino.head.Decompiler_ESTest.test122
Decompiler.java,com.google.javascript.rhino.head.Decompiler,org.pitest.mutationtest.engine.gregor.mutators.RemoveConditionalMutator_ORDER_ELSE,decompile,302,KILLED,com.google.javascript.rhino.head.Decompiler_ESTest.test121
Decompiler.java,com.google.javascript.rhino.head.Decompiler,org.pitest.mutationtest.engine.gregor.mutators.RemoveConditionalMutator_ORDER_ELSE,decompile,349,SURVIVED,none
Decompiler.java,com.google.javascript.rhino.head.Decompiler,org.pitest.mutationtest.engine.gregor.mutators.RemoveConditionalMutator_ORDER_ELSE,decompile,357,KILLED,com.google.javascript.rhino.head.Decompiler_ESTest.test056
Decompiler.java,com.google.javascript.rhino.head.Decompiler,org.pitest.mutationtest.engine.gregor.mutators.RemoveConditionalMutator_ORDER_ELSE,decompile,480,KILLED,com.google.javascript.rhino.head.Decompiler_ESTest.test118
Decompiler.java,com.google.javascript.rhino.head.Decompiler,org.pitest.mutationtest.engine.gregor.mutators.RemoveConditionalMutator_ORDER_ELSE,decompile,500,KILLED,com.google.javascript.rhino.head.Decompiler_ESTest.test118
Decompiler.java,com.google.javascript.rhino.head.Decompiler,org.pitest.mutationtest.engine.gregor.mutators.RemoveConditionalMutator_ORDER_IF,decompile,298,KILLED,com.google.javascript.rhino.head.Decompiler_ESTest.test094
Decompiler.java,com.google.javascript.rhino.head.Decompiler,org.pitest.mutationtest.engine.gregor.mutators.RemoveConditionalMutator_ORDER_IF,decompile,300,KILLED,com.google.javascript.rhino.head.Decompiler_ESTest.test094
Decompiler.java,com.google.javascript.rhino.head.Decompiler,org.pitest.mutationtest.engine.gregor.mutators.RemoveConditionalMutator_ORDER_IF,decompile,302,KILLED,com.google.javascript.rhino.head.Decompiler_ESTest.test094
Decompiler.java,com.google.javascript.rhino.head.Decompiler,org.pitest.mutationtest.engine.gregor.mutators.RemoveConditionalMutator_ORDER_IF,decompile,349,TIMED_OUT,none
Decompiler.java,com.google.javascript.rhino.head.Decompiler,org.pitest.mutationtest.engine.gregor.mutators.RemoveConditionalMutator_ORDER_IF,decompile,357,KILLED,com.google.javascript.rhino.head.Decompiler_ESTest.test094
Decompiler.java,com.google.javascript.rhino.head.Decompiler,org.pitest.mutationtest.engine.gregor.mutators.RemoveConditionalMutator_ORDER_IF,decompile,480,KILLED,com.google.javascript.rhino.head.Decompiler_ESTest.test098
Decompiler.java,com.google.javascript.rhino.head.Decompiler,org.pitest.mutationtest.engine.gregor.mutators.RemoveConditionalMutator_ORDER_IF,decompile,500,TIMED_OUT,none
Decompiler.java,com.google.javascript.rhino.head.Decompiler,org.pitest.mutationtest.engine.gregor.mutators.ReturnValsMutator,decompile,295,KILLED,com.google.javascript.rhino.head.Decompiler_ESTest.test124
Decompiler.java,com.google.javascript.rhino.head.Decompiler,org.pitest.mutationtest.engine.gregor.mutators.ReturnValsMutator,decompile,843,KILLED,com.google.javascript.rhino.head.Decompiler_ESTest.test094
Decompiler.java,com.google.javascript.rhino.head.Decompiler,org.pitest.mutationtest.engine.gregor.mutators.VoidMethodCallMutator,decompile,467,KILLED,com.google.javascript.rhino.head.Decompiler_ESTest.test098
Decompiler.java,com.google.javascript.rhino.head.Decompiler,org.pitest.mutationtest.engine.gregor.mutators.experimental.NakedReceiverMutator,decompile,348,KILLED,com.google.javascript.rhino.head.Decompiler_ESTest.test092
Decompiler.java,com.google.javascript.rhino.head.Decompiler,org.pitest.mutationtest.engine.gregor.mutators.experimental.NakedReceiverMutator,decompile,350,SURVIVED,none
Decompiler.java,com.google.javascript.rhino.head.Decompiler,org.pitest.mutationtest.engine.gregor.mutators.experimental.NakedReceiverMutator,decompile,353,KILLED,com.google.javascript.rhino.head.Decompiler_ESTest.test117
Decompiler.java,com.google.javascript.rhino.head.Decompiler,org.pitest.mutationtest.engine.gregor.mutators.experimental.NakedReceiverMutator,decompile,361,SURVIVED,none
Decompiler.java,com.google.javascript.rhino.head.Decompiler,org.pitest.mutationtest.engine.gregor.mutators.experimental.NakedReceiverMutator,decompile,382,SURVIVED,none
Decompiler.java,com.google.javascript.rhino.head.Decompiler,org.pitest.mutationtest.engine.gregor.mutators.experimental.NakedReceiverMutator,decompile,386,SURVIVED,none
Decompiler.java,com.google.javascript.rhino.head.Decompiler,org.pitest.mutationtest.engine.gregor.mutators.experimental.NakedReceiverMutator,decompile,390,SURVIVED,none
Decompiler.java,com.google.javascript.rhino.head.Decompiler,org.pitest.mutationtest.engine.gregor.mutators.experimental.NakedReceiverMutator,decompile,394,SURVIVED,none
Decompiler.java,com.google.javascript.rhino.head.Decompiler,org.pitest.mutationtest.engine.gregor.mutators.experimental.NakedReceiverMutator,decompile,399,KILLED,com.google.javascript.rhino.head.Decompiler_ESTest.test117
Decompiler.java,com.google.javascript.rhino.head.Decompiler,org.pitest.mutationtest.engine.gregor.mutators.experimental.NakedReceiverMutator,decompile,407,KILLED,com.google.javascript.rhino.head.Decompiler_ESTest.test050
Decompiler.java,com.google.javascript.rhino.head.Decompiler,org.pitest.mutationtest.engine.gregor.mutators.experimental.NakedReceiverMutator,decompile,414,KILLED,com.google.javascript.rhino.head.Decompiler_ESTest.test049
Decompiler.java,com.google.javascript.rhino.head.Decompiler,org.pitest.mutationtest.engine.gregor.mutators.experimental.NakedReceiverMutator,decompile,426,KILLED,com.google.javascript.rhino.head.Decompiler_ESTest.test007
Decompiler.java,com.google.javascript.rhino.head.Decompiler,org.pitest.mutationtest.engine.gregor.mutators.experimental.NakedReceiverMutator,decompile,435,SURVIVED,none
Decompiler.java,com.google.javascript.rhino.head.Decompiler,org.pitest.mutationtest.engine.gregor.mutators.experimental.NakedReceiverMutator,decompile,441,KILLED,com.google.javascript.rhino.head.Decompiler_ESTest.test049
Decompiler.java,com.google.javascript.rhino.head.Decompiler,org.pitest.mutationtest.engine.gregor.mutators.experimental.NakedReceiverMutator,decompile,445,SURVIVED,none
Decompiler.java,com.google.javascript.rhino.head.Decompiler,org.pitest.mutationtest.engine.gregor.mutators.experimental.NakedReceiverMutator,decompile,447,SURVIVED,none
Decompiler.java,com.google.javascript.rhino.head.Decompiler,org.pitest.mutationtest.engine.gregor.mutators.experimental.NakedReceiverMutator,decompile,451,SURVIVED,none
Decompiler.java,com.google.javascript.rhino.head.Decompiler,org.pitest.mutationtest.engine.gregor.mutators.experimental.NakedReceiverMutator,decompile,455,SURVIVED,none
Decompiler.java,com.google.javascript.rhino.head.Decompiler,org.pitest.mutationtest.engine.gregor.mutators.experimental.NakedReceiverMutator,decompile,473,KILLED,com.google.javascript.rhino.head.Decompiler_ESTest.test092
Decompiler.java,com.google.javascript.rhino.head.Decompiler,org.pitest.mutationtest.engine.gregor.mutators.experimental.NakedReceiverMutator,decompile,501,KILLED,com.google.javascript.rhino.head.Decompiler_ESTest.test118
Decompiler.java,com.google.javascript.rhino.head.Decompiler,org.pitest.mutationtest.engine.gregor.mutators.experimental.NakedReceiverMutator,decompile,506,SURVIVED,none
Decompiler.java,com.google.javascript.rhino.head.Decompiler,org.pitest.mutationtest.engine.gregor.mutators.experimental.NakedReceiverMutator,decompile,510,KILLED,com.google.javascript.rhino.head.Decompiler_ESTest.test120
Decompiler.java,com.google.javascript.rhino.head.Decompiler,org.pitest.mutationtest.engine.gregor.mutators.experimental.NakedReceiverMutator,decompile,514,KILLED,com.google.javascript.rhino.head.Decompiler_ESTest.test088
Decompiler.java,com.google.javascript.rhino.head.Decompiler,org.pitest.mutationtest.engine.gregor.mutators.experimental.NakedReceiverMutator,decompile,518,KILLED,com.google.javascript.rhino.head.Decompiler_ESTest.test109
Decompiler.java,com.google.javascript.rhino.head.Decompiler,org.pitest.mutationtest.engine.gregor.mutators.experimental.NakedReceiverMutator,decompile,522,SURVIVED,none
Decompiler.java,com.google.javascript.rhino.head.Decompiler,org.pitest.mutationtest.engine.gregor.mutators.experimental.NakedReceiverMutator,decompile,526,KILLED,com.google.javascript.rhino.head.Decompiler_ESTest.test049
Decompiler.java,com.google.javascript.rhino.head.Decompiler,org.pitest.mutationtest.engine.gregor.mutators.experimental.NakedReceiverMutator,decompile,530,SURVIVED,none
Decompiler.java,com.google.javascript.rhino.head.Decompiler,org.pitest.mutationtest.engine.gregor.mutators.experimental.NakedReceiverMutator,decompile,534,SURVIVED,none
Decompiler.java,com.google.javascript.rhino.head.Decompiler,org.pitest.mutationtest.engine.gregor.mutators.experimental.NakedReceiverMutator,decompile,538,KILLED,com.google.javascript.rhino.head.Decompiler_ESTest.test118
Decompiler.java,com.google.javascript.rhino.head.Decompiler,org.pitest.mutationtest.engine.gregor.mutators.experimental.NakedReceiverMutator,decompile,542,SURVIVED,none
Decompiler.java,com.google.javascript.rhino.head.Decompiler,org.pitest.mutationtest.engine.gregor.mutators.experimental.NakedReceiverMutator,decompile,546,SURVIVED,none
Decompiler.java,com.google.javascript.rhino.head.Decompiler,org.pitest.mutationtest.engine.gregor.mutators.experimental.NakedReceiverMutator,decompile,550,KILLED,com.google.javascript.rhino.head.Decompiler_ESTest.test050
Decompiler.java,com.google.javascript.rhino.head.Decompiler,org.pitest.mutationtest.engine.gregor.mutators.experimental.NakedReceiverMutator,decompile,554,SURVIVED,none
Decompiler.java,com.google.javascript.rhino.head.Decompiler,org.pitest.mutationtest.engine.gregor.mutators.experimental.NakedReceiverMutator,decompile,558,SURVIVED,none
Decompiler.java,com.google.javascript.rhino.head.Decompiler,org.pitest.mutationtest.engine.gregor.mutators.experimental.NakedReceiverMutator,decompile,562,KILLED,com.google.javascript.rhino.head.Decompiler_ESTest.test109
Decompiler.java,com.google.javascript.rhino.head.Decompiler,org.pitest.mutationtest.engine.gregor.mutators.experimental.NakedReceiverMutator,decompile,566,SURVIVED,none
Decompiler.java,com.google.javascript.rhino.head.Decompiler,org.pitest.mutationtest.engine.gregor.mutators.experimental.NakedReceiverMutator,decompile,568,NO_COVERAGE,none
Decompiler.java,com.google.javascript.rhino.head.Decompiler,org.pitest.mutationtest.engine.gregor.mutators.experimental.NakedReceiverMutator,decompile,572,SURVIVED,none
Decompiler.java,com.google.javascript.rhino.head.Decompiler,org.pitest.mutationtest.engine.gregor.mutators.experimental.NakedReceiverMutator,decompile,574,SURVIVED,none
Decompiler.java,com.google.javascript.rhino.head.Decompiler,org.pitest.mutationtest.engine.gregor.mutators.experimental.NakedReceiverMutator,decompile,578,KILLED,com.google.javascript.rhino.head.Decompiler_ESTest.test109
Decompiler.java,com.google.javascript.rhino.head.Decompiler,org.pitest.mutationtest.engine.gregor.mutators.experimental.NakedReceiverMutator,decompile,582,KILLED,com.google.javascript.rhino.head.Decompiler_ESTest.test109
Decompiler.java,com.google.javascript.rhino.head.Decompiler,org.pitest.mutationtest.engine.gregor.mutators.experimental.NakedReceiverMutator,decompile,586,KILLED,com.google.javascript.rhino.head.Decompiler_ESTest.test114
Decompiler.java,com.google.javascript.rhino.head.Decompiler,org.pitest.mutationtest.engine.gregor.mutators.experimental.NakedReceiverMutator,decompile,588,KILLED,com.google.javascript.rhino.head.Decompiler_ESTest.test114
Decompiler.java,com.google.javascript.rhino.head.Decompiler,org.pitest.mutationtest.engine.gregor.mutators.experimental.NakedReceiverMutator,decompile,592,SURVIVED,none
Decompiler.java,com.google.javascript.rhino.head.Decompiler,org.pitest.mutationtest.engine.gregor.mutators.experimental.NakedReceiverMutator,decompile,596,KILLED,com.google.javascript.rhino.head.Decompiler_ESTest.test021
Decompiler.java,com.google.javascript.rhino.head.Decompiler,org.pitest.mutationtest.engine.gregor.mutators.experimental.NakedReceiverMutator,decompile,600,KILLED,com.google.javascript.rhino.head.Decompiler_ESTest.test004
Decompiler.java,com.google.javascript.rhino.head.Decompiler,org.pitest.mutationtest.engine.gregor.mutators.experimental.NakedReceiverMutator,decompile,603,SURVIVED,none
Decompiler.java,com.google.javascript.rhino.head.Decompiler,org.pitest.mutationtest.engine.gregor.mutators.experimental.NakedReceiverMutator,decompile,608,SURVIVED,none
Decompiler.java,com.google.javascript.rhino.head.Decompiler,org.pitest.mutationtest.engine.gregor.mutators.experimental.NakedReceiverMutator,decompile,612,KILLED,com.google.javascript.rhino.head.Decompiler_ESTest.test109
Decompiler.java,com.google.javascript.rhino.head.Decompiler,org.pitest.mutationtest.engine.gregor.mutators.experimental.NakedReceiverMutator,decompile,616,SURVIVED,none
Decompiler.java,com.google.javascript.rhino.head.Decompiler,org.pitest.mutationtest.engine.gregor.mutators.experimental.NakedReceiverMutator,decompile,620,KILLED,com.google.javascript.rhino.head.Decompiler_ESTest.test109
Decompiler.java,com.google.javascript.rhino.head.Decompiler,org.pitest.mutationtest.engine.gregor.mutators.experimental.NakedReceiverMutator,decompile,624,SURVIVED,none
Decompiler.java,com.google.javascript.rhino.head.Decompiler,org.pitest.mutationtest.engine.gregor.mutators.experimental.NakedReceiverMutator,decompile,628,SURVIVED,none
Decompiler.java,com.google.javascript.rhino.head.Decompiler,org.pitest.mutationtest.engine.gregor.mutators.experimental.NakedReceiverMutator,decompile,632,SURVIVED,none
Decompiler.java,com.google.javascript.rhino.head.Decompiler,org.pitest.mutationtest.engine.gregor.mutators.experimental.NakedReceiverMutator,decompile,636,NO_COVERAGE,none
Decompiler.java,com.google.javascript.rhino.head.Decompiler,org.pitest.mutationtest.engine.gregor.mutators.experimental.NakedReceiverMutator,decompile,640,KILLED,com.google.javascript.rhino.head.Decompiler_ESTest.test108
Decompiler.java,com.google.javascript.rhino.head.Decompiler,org.pitest.mutationtest.engine.gregor.mutators.experimental.NakedReceiverMutator,decompile,644,SURVIVED,none
Decompiler.java,com.google.javascript.rhino.head.Decompiler,org.pitest.mutationtest.engine.gregor.mutators.experimental.NakedReceiverMutator,decompile,648,SURVIVED,none
Decompiler.java,com.google.javascript.rhino.head.Decompiler,org.pitest.mutationtest.engine.gregor.mutators.experimental.NakedReceiverMutator,decompile,652,SURVIVED,none
Decompiler.java,com.google.javascript.rhino.head.Decompiler,org.pitest.mutationtest.engine.gregor.mutators.experimental.NakedReceiverMutator,decompile,656,KILLED,com.google.javascript.rhino.head.Decompiler_ESTest.test050
Decompiler.java,com.google.javascript.rhino.head.Decompiler,org.pitest.mutationtest.engine.gregor.mutators.experimental.NakedReceiverMutator,decompile,665,SURVIVED,none
Decompiler.java,com.google.javascript.rhino.head.Decompiler,org.pitest.mutationtest.engine.gregor.mutators.experimental.NakedReceiverMutator,decompile,671,KILLED,com.google.javascript.rhino.head.Decompiler_ESTest.test003
Decompiler.java,com.google.javascript.rhino.head.Decompiler,org.pitest.mutationtest.engine.gregor.mutators.experimental.NakedReceiverMutator,decompile,674,SURVIVED,none
Decompiler.java,com.google.javascript.rhino.head.Decompiler,org.pitest.mutationtest.engine.gregor.mutators.experimental.NakedReceiverMutator,decompile,678,SURVIVED,none
Decompiler.java,com.google.javascript.rhino.head.Decompiler,org.pitest.mutationtest.engine.gregor.mutators.experimental.NakedReceiverMutator,decompile,682,KILLED,com.google.javascript.rhino.head.Decompiler_ESTest.test109
Decompiler.java,com.google.javascript.rhino.head.Decompiler,org.pitest.mutationtest.engine.gregor.mutators.experimental.NakedReceiverMutator,decompile,686,KILLED,com.google.javascript.rhino.head.Decompiler_ESTest.test109
Decompiler.java,com.google.javascript.rhino.head.Decompiler,org.pitest.mutationtest.engine.gregor.mutators.experimental.NakedReceiverMutator,decompile,690,KILLED,com.google.javascript.rhino.head.Decompiler_ESTest.test108
Decompiler.java,com.google.javascript.rhino.head.Decompiler,org.pitest.mutationtest.engine.gregor.mutators.experimental.NakedReceiverMutator,decompile,694,KILLED,com.google.javascript.rhino.head.Decompiler_ESTest.test107
Decompiler.java,com.google.javascript.rhino.head.Decompiler,org.pitest.mutationtest.engine.gregor.mutators.experimental.NakedReceiverMutator,decompile,698,SURVIVED,none
Decompiler.java,com.google.javascript.rhino.head.Decompiler,org.pitest.mutationtest.engine.gregor.mutators.experimental.NakedReceiverMutator,decompile,702,SURVIVED,none
Decompiler.java,com.google.javascript.rhino.head.Decompiler,org.pitest.mutationtest.engine.gregor.mutators.experimental.NakedReceiverMutator,decompile,706,KILLED,com.google.javascript.rhino.head.Decompiler_ESTest.test106
Decompiler.java,com.google.javascript.rhino.head.Decompiler,org.pitest.mutationtest.engine.gregor.mutators.experimental.NakedReceiverMutator,decompile,710,KILLED,com.google.javascript.rhino.head.Decompiler_ESTest.test105
Decompiler.java,com.google.javascript.rhino.head.Decompiler,org.pitest.mutationtest.engine.gregor.mutators.experimental.NakedReceiverMutator,decompile,714,KILLED,com.google.javascript.rhino.head.Decompiler_ESTest.test103
Decompiler.java,com.google.javascript.rhino.head.Decompiler,org.pitest.mutationtest.engine.gregor.mutators.experimental.NakedReceiverMutator,decompile,718,KILLED,com.google.javascript.rhino.head.Decompiler_ESTest.test104
Decompiler.java,com.google.javascript.rhino.head.Decompiler,org.pitest.mutationtest.engine.gregor.mutators.experimental.NakedReceiverMutator,decompile,722,KILLED,com.google.javascript.rhino.head.Decompiler_ESTest.test101
Decompiler.java,com.google.javascript.rhino.head.Decompiler,org.pitest.mutationtest.engine.gregor.mutators.experimental.NakedReceiverMutator,decompile,726,KILLED,com.google.javascript.rhino.head.Decompiler_ESTest.test102
Decompiler.java,com.google.javascript.rhino.head.Decompiler,org.pitest.mutationtest.engine.gregor.mutators.experimental.NakedReceiverMutator,decompile,730,SURVIVED,none
Decompiler.java,com.google.javascript.rhino.head.Decompiler,org.pitest.mutationtest.engine.gregor.mutators.experimental.NakedReceiverMutator,decompile,734,SURVIVED,none
Decompiler.java,com.google.javascript.rhino.head.Decompiler,org.pitest.mutationtest.engine.gregor.mutators.experimental.NakedReceiverMutator,decompile,738,KILLED,com.google.javascript.rhino.head.Decompiler_ESTest.test099
Decompiler.java,com.google.javascript.rhino.head.Decompiler,org.pitest.mutationtest.engine.gregor.mutators.experimental.NakedReceiverMutator,decompile,742,SURVIVED,none
Decompiler.java,com.google.javascript.rhino.head.Decompiler,org.pitest.mutationtest.engine.gregor.mutators.experimental.NakedReceiverMutator,decompile,746,KILLED,com.google.javascript.rhino.head.Decompiler_ESTest.test109
Decompiler.java,com.google.javascript.rhino.head.Decompiler,org.pitest.mutationtest.engine.gregor.mutators.experimental.NakedReceiverMutator,decompile,750,SURVIVED,none
Decompiler.java,com.google.javascript.rhino.head.Decompiler,org.pitest.mutationtest.engine.gregor.mutators.experimental.NakedReceiverMutator,decompile,754,KILLED,com.google.javascript.rhino.head.Decompiler_ESTest.test020
Decompiler.java,com.google.javascript.rhino.head.Decompiler,org.pitest.mutationtest.engine.gregor.mutators.experimental.NakedReceiverMutator,decompile,758,SURVIVED,none
Decompiler.java,com.google.javascript.rhino.head.Decompiler,org.pitest.mutationtest.engine.gregor.mutators.experimental.NakedReceiverMutator,decompile,762,KILLED,com.google.javascript.rhino.head.Decompiler_ESTest.test092
Decompiler.java,com.google.javascript.rhino.head.Decompiler,org.pitest.mutationtest.engine.gregor.mutators.experimental.NakedReceiverMutator,decompile,766,KILLED,com.google.javascript.rhino.head.Decompiler_ESTest.test091
Decompiler.java,com.google.javascript.rhino.head.Decompiler,org.pitest.mutationtest.engine.gregor.mutators.experimental.NakedReceiverMutator,decompile,770,SURVIVED,none
Decompiler.java,com.google.javascript.rhino.head.Decompiler,org.pitest.mutationtest.engine.gregor.mutators.experimental.NakedReceiverMutator,decompile,774,KILLED,com.google.javascript.rhino.head.Decompiler_ESTest.test089
Decompiler.java,com.google.javascript.rhino.head.Decompiler,org.pitest.mutationtest.engine.gregor.mutators.experimental.NakedReceiverMutator,decompile,778,SURVIVED,none
Decompiler.java,com.google.javascript.rhino.head.Decompiler,org.pitest.mutationtest.engine.gregor.mutators.experimental.NakedReceiverMutator,decompile,782,SURVIVED,none
Decompiler.java,com.google.javascript.rhino.head.Decompiler,org.pitest.mutationtest.engine.gregor.mutators.experimental.NakedReceiverMutator,decompile,786,KILLED,com.google.javascript.rhino.head.Decompiler_ESTest.test097
Decompiler.java,com.google.javascript.rhino.head.Decompiler,org.pitest.mutationtest.engine.gregor.mutators.experimental.NakedReceiverMutator,decompile,790,KILLED,com.google.javascript.rhino.head.Decompiler_ESTest.test096
Decompiler.java,com.google.javascript.rhino.head.Decompiler,org.pitest.mutationtest.engine.gregor.mutators.experimental.NakedReceiverMutator,decompile,794,KILLED,com.google.javascript.rhino.head.Decompiler_ESTest.test095
Decompiler.java,com.google.javascript.rhino.head.Decompiler,org.pitest.mutationtest.engine.gregor.mutators.experimental.NakedReceiverMutator,decompile,798,KILLED,com.google.javascript.rhino.head.Decompiler_ESTest.test094
Decompiler.java,com.google.javascript.rhino.head.Decompiler,org.pitest.mutationtest.engine.gregor.mutators.experimental.NakedReceiverMutator,decompile,802,KILLED,com.google.javascript.rhino.head.Decompiler_ESTest.test093
Decompiler.java,com.google.javascript.rhino.head.Decompiler,org.pitest.mutationtest.engine.gregor.mutators.experimental.NakedReceiverMutator,decompile,806,KILLED,com.google.javascript.rhino.head.Decompiler_ESTest.test030
Decompiler.java,com.google.javascript.rhino.head.Decompiler,org.pitest.mutationtest.engine.gregor.mutators.experimental.NakedReceiverMutator,decompile,810,KILLED,com.google.javascript.rhino.head.Decompiler_ESTest.test031
Decompiler.java,com.google.javascript.rhino.head.Decompiler,org.pitest.mutationtest.engine.gregor.mutators.experimental.NakedReceiverMutator,decompile,814,KILLED,com.google.javascript.rhino.head.Decompiler_ESTest.test028
Decompiler.java,com.google.javascript.rhino.head.Decompiler,org.pitest.mutationtest.engine.gregor.mutators.experimental.NakedReceiverMutator,decompile,818,KILLED,com.google.javascript.rhino.head.Decompiler_ESTest.test027
Decompiler.java,com.google.javascript.rhino.head.Decompiler,org.pitest.mutationtest.engine.gregor.mutators.experimental.NakedReceiverMutator,decompile,822,SURVIVED,none
Decompiler.java,com.google.javascript.rhino.head.Decompiler,org.pitest.mutationtest.engine.gregor.mutators.experimental.NakedReceiverMutator,decompile,827,SURVIVED,none
Decompiler.java,com.google.javascript.rhino.head.Decompiler,org.pitest.mutationtest.engine.gregor.mutators.experimental.NakedReceiverMutator,decompile,827,SURVIVED,none
Decompiler.java,com.google.javascript.rhino.head.Decompiler,org.pitest.mutationtest.engine.gregor.mutators.experimental.NakedReceiverMutator,decompile,836,KILLED,com.google.javascript.rhino.head.Decompiler_ESTest.test092
Decompiler.java,com.google.javascript.rhino.head.Decompiler,org.pitest.mutationtest.engine.gregor.mutators.experimental.NakedReceiverMutator,decompile,839,KILLED,com.google.javascript.rhino.head.Decompiler_ESTest.test117
Decompiler.java,com.google.javascript.rhino.head.Decompiler,org.pitest.mutationtest.engine.gregor.mutators.experimental.RemoveIncrementsMutator,decompile,340,KILLED,com.google.javascript.rhino.head.Decompiler_ESTest.test119
Decompiler.java,com.google.javascript.rhino.head.Decompiler,org.pitest.mutationtest.engine.gregor.mutators.experimental.RemoveIncrementsMutator,decompile,362,SURVIVED,none
Decompiler.java,com.google.javascript.rhino.head.Decompiler,org.pitest.mutationtest.engine.gregor.mutators.experimental.RemoveIncrementsMutator,decompile,365,SURVIVED,none
Decompiler.java,com.google.javascript.rhino.head.Decompiler,org.pitest.mutationtest.engine.gregor.mutators.experimental.RemoveIncrementsMutator,decompile,398,KILLED,com.google.javascript.rhino.head.Decompiler_ESTest.test117
Decompiler.java,com.google.javascript.rhino.head.Decompiler,org.pitest.mutationtest.engine.gregor.mutators.experimental.RemoveIncrementsMutator,decompile,411,SURVIVED,none
Decompiler.java,com.google.javascript.rhino.head.Decompiler,org.pitest.mutationtest.engine.gregor.mutators.experimental.RemoveIncrementsMutator,decompile,418,SURVIVED,none
Decompiler.java,com.google.javascript.rhino.head.Decompiler,org.pitest.mutationtest.engine.gregor.mutators.experimental.RemoveIncrementsMutator,decompile,500,TIMED_OUT,none
Decompiler.java,com.google.javascript.rhino.head.Decompiler,org.pitest.mutationtest.engine.gregor.mutators.experimental.RemoveIncrementsMutator,decompile,830,TIMED_OUT,none
Decompiler.java,com.google.javascript.rhino.head.Decompiler,org.pitest.mutationtest.engine.gregor.mutators.experimental.RemoveSwitchMutator_0,decompile,358,KILLED,com.google.javascript.rhino.head.Decompiler_ESTest.test094
Decompiler.java,com.google.javascript.rhino.head.Decompiler,org.pitest.mutationtest.engine.gregor.mutators.experimental.RemoveSwitchMutator_0,decompile,427,SURVIVED,none
Decompiler.java,com.google.javascript.rhino.head.Decompiler,org.pitest.mutationtest.engine.gregor.mutators.experimental.RemoveSwitchMutator_1,decompile,358,SURVIVED,none
Decompiler.java,com.google.javascript.rhino.head.Decompiler,org.pitest.mutationtest.engine.gregor.mutators.experimental.RemoveSwitchMutator_1,decompile,427,SURVIVED,none
Decompiler.java,com.google.javascript.rhino.head.Decompiler,org.pitest.mutationtest.engine.gregor.mutators.experimental.RemoveSwitchMutator_10,decompile,358,KILLED,com.google.javascript.rhino.head.Decompiler_ESTest.test107
Decompiler.java,com.google.javascript.rhino.head.Decompiler,org.pitest.mutationtest.engine.gregor.mutators.experimental.RemoveSwitchMutator_11,decompile,358,KILLED,com.google.javascript.rhino.head.Decompiler_ESTest.test106
Decompiler.java,com.google.javascript.rhino.head.Decompiler,org.pitest.mutationtest.engine.gregor.mutators.experimental.RemoveSwitchMutator_12,decompile,358,KILLED,com.google.javascript.rhino.head.Decompiler_ESTest.test105
Decompiler.java,com.google.javascript.rhino.head.Decompiler,org.pitest.mutationtest.engine.gregor.mutators.experimental.RemoveSwitchMutator_13,decompile,358,KILLED,com.google.javascript.rhino.head.Decompiler_ESTest.test104
Decompiler.java,com.google.javascript.rhino.head.Decompiler,org.pitest.mutationtest.engine.gregor.mutators.experimental.RemoveSwitchMutator_14,decompile,358,KILLED,com.google.javascript.rhino.head.Decompiler_ESTest.test103
Decompiler.java,com.google.javascript.rhino.head.Decompiler,org.pitest.mutationtest.engine.gregor.mutators.experimental.RemoveSwitchMutator_15,decompile,358,KILLED,com.google.javascript.rhino.head.Decompiler_ESTest.test102
Decompiler.java,com.google.javascript.rhino.head.Decompiler,org.pitest.mutationtest.engine.gregor.mutators.experimental.RemoveSwitchMutator_16,decompile,358,KILLED,com.google.javascript.rhino.head.Decompiler_ESTest.test101
Decompiler.java,com.google.javascript.rhino.head.Decompiler,org.pitest.mutationtest.engine.gregor.mutators.experimental.RemoveSwitchMutator_17,decompile,358,KILLED,com.google.javascript.rhino.head.Decompiler_ESTest.test100
Decompiler.java,com.google.javascript.rhino.head.Decompiler,org.pitest.mutationtest.engine.gregor.mutators.experimental.RemoveSwitchMutator_18,decompile,358,KILLED,com.google.javascript.rhino.head.Decompiler_ESTest.test099
Decompiler.java,com.google.javascript.rhino.head.Decompiler,org.pitest.mutationtest.engine.gregor.mutators.experimental.RemoveSwitchMutator_19,decompile,358,KILLED,com.google.javascript.rhino.head.Decompiler_ESTest.test098
Decompiler.java,com.google.javascript.rhino.head.Decompiler,org.pitest.mutationtest.engine.gregor.mutators.experimental.RemoveSwitchMutator_2,decompile,358,SURVIVED,none
Decompiler.java,com.google.javascript.rhino.head.Decompiler,org.pitest.mutationtest.engine.gregor.mutators.experimental.RemoveSwitchMutator_2,decompile,427,SURVIVED,none
Decompiler.java,com.google.javascript.rhino.head.Decompiler,org.pitest.mutationtest.engine.gregor.mutators.experimental.RemoveSwitchMutator_20,decompile,358,KILLED,com.google.javascript.rhino.head.Decompiler_ESTest.test097
Decompiler.java,com.google.javascript.rhino.head.Decompiler,org.pitest.mutationtest.engine.gregor.mutators.experimental.RemoveSwitchMutator_21,decompile,358,KILLED,com.google.javascript.rhino.head.Decompiler_ESTest.test096
Decompiler.java,com.google.javascript.rhino.head.Decompiler,org.pitest.mutationtest.engine.gregor.mutators.experimental.RemoveSwitchMutator_22,decompile,358,KILLED,com.google.javascript.rhino.head.Decompiler_ESTest.test095
Decompiler.java,com.google.javascript.rhino.head.Decompiler,org.pitest.mutationtest.engine.gregor.mutators.experimental.RemoveSwitchMutator_23,decompile,358,KILLED,com.google.javascript.rhino.head.Decompiler_ESTest.test094
Decompiler.java,com.google.javascript.rhino.head.Decompiler,org.pitest.mutationtest.engine.gregor.mutators.experimental.RemoveSwitchMutator_24,decompile,358,KILLED,com.google.javascript.rhino.head.Decompiler_ESTest.test093
Decompiler.java,com.google.javascript.rhino.head.Decompiler,org.pitest.mutationtest.engine.gregor.mutators.experimental.RemoveSwitchMutator_25,decompile,358,KILLED,com.google.javascript.rhino.head.Decompiler_ESTest.test092
Decompiler.java,com.google.javascript.rhino.head.Decompiler,org.pitest.mutationtest.engine.gregor.mutators.experimental.RemoveSwitchMutator_26,decompile,358,KILLED,com.google.javascript.rhino.head.Decompiler_ESTest.test091
Decompiler.java,com.google.javascript.rhino.head.Decompiler,org.pitest.mutationtest.engine.gregor.mutators.experimental.RemoveSwitchMutator_27,decompile,358,KILLED,com.google.javascript.rhino.head.Decompiler_ESTest.test090
Decompiler.java,com.google.javascript.rhino.head.Decompiler,org.pitest.mutationtest.engine.gregor.mutators.experimental.RemoveSwitchMutator_28,decompile,358,KILLED,com.google.javascript.rhino.head.Decompiler_ESTest.test089
Decompiler.java,com.google.javascript.rhino.head.Decompiler,org.pitest.mutationtest.engine.gregor.mutators.experimental.RemoveSwitchMutator_29,decompile,358,KILLED,com.google.javascript.rhino.head.Decompiler_ESTest.test120
Decompiler.java,com.google.javascript.rhino.head.Decompiler,org.pitest.mutationtest.engine.gregor.mutators.experimental.RemoveSwitchMutator_3,decompile,358,KILLED,com.google.javascript.rhino.head.Decompiler_ESTest.test114
Decompiler.java,com.google.javascript.rhino.head.Decompiler,org.pitest.mutationtest.engine.gregor.mutators.experimental.RemoveSwitchMutator_3,decompile,427,SURVIVED,none
Decompiler.java,com.google.javascript.rhino.head.Decompiler,org.pitest.mutationtest.engine.gregor.mutators.experimental.RemoveSwitchMutator_30,decompile,358,KILLED,com.google.javascript.rhino.head.Decompiler_ESTest.test088
Decompiler.java,com.google.javascript.rhino.head.Decompiler,org.pitest.mutationtest.engine.gregor.mutators.experimental.RemoveSwitchMutator_31,decompile,358,KILLED,com.google.javascript.rhino.head.Decompiler_ESTest.test109
Decompiler.java,com.google.javascript.rhino.head.Decompiler,org.pitest.mutationtest.engine.gregor.mutators.experimental.RemoveSwitchMutator_32,decompile,358,SURVIVED,none
Decompiler.java,com.google.javascript.rhino.head.Decompiler,org.pitest.mutationtest.engine.gregor.mutators.experimental.RemoveSwitchMutator_33,decompile,358,SURVIVED,none
Decompiler.java,com.google.javascript.rhino.head.Decompiler,org.pitest.mutationtest.engine.gregor.mutators.experimental.RemoveSwitchMutator_34,decompile,358,SURVIVED,none
Decompiler.java,com.google.javascript.rhino.head.Decompiler,org.pitest.mutationtest.engine.gregor.mutators.experimental.RemoveSwitchMutator_35,decompile,358,SURVIVED,none
Decompiler.java,com.google.javascript.rhino.head.Decompiler,org.pitest.mutationtest.engine.gregor.mutators.experimental.RemoveSwitchMutator_36,decompile,358,SURVIVED,none
Decompiler.java,com.google.javascript.rhino.head.Decompiler,org.pitest.mutationtest.engine.gregor.mutators.experimental.RemoveSwitchMutator_37,decompile,358,SURVIVED,none
Decompiler.java,com.google.javascript.rhino.head.Decompiler,org.pitest.mutationtest.engine.gregor.mutators.experimental.RemoveSwitchMutator_38,decompile,358,KILLED,com.google.javascript.rhino.head.Decompiler_ESTest.test120
Decompiler.java,com.google.javascript.rhino.head.Decompiler,org.pitest.mutationtest.engine.gregor.mutators.experimental.RemoveSwitchMutator_39,decompile,358,KILLED,com.google.javascript.rhino.head.Decompiler_ESTest.test075
Decompiler.java,com.google.javascript.rhino.head.Decompiler,org.pitest.mutationtest.engine.gregor.mutators.experimental.RemoveSwitchMutator_4,decompile,358,SURVIVED,none
Decompiler.java,com.google.javascript.rhino.head.Decompiler,org.pitest.mutationtest.engine.gregor.mutators.experimental.RemoveSwitchMutator_40,decompile,358,KILLED,com.google.javascript.rhino.head.Decompiler_ESTest.test081
Decompiler.java,com.google.javascript.rhino.head.Decompiler,org.pitest.mutationtest.engine.gregor.mutators.experimental.RemoveSwitchMutator_41,decompile,358,SURVIVED,none
Decompiler.java,com.google.javascript.rhino.head.Decompiler,org.pitest.mutationtest.engine.gregor.mutators.experimental.RemoveSwitchMutator_42,decompile,358,KILLED,com.google.javascript.rhino.head.Decompiler_ESTest.test075
Decompiler.java,com.google.javascript.rhino.head.Decompiler,org.pitest.mutationtest.engine.gregor.mutators.experimental.RemoveSwitchMutator_43,decompile,358,SURVIVED,none
Decompiler.java,com.google.javascript.rhino.head.Decompiler,org.pitest.mutationtest.engine.gregor.mutators.experimental.RemoveSwitchMutator_44,decompile,358,SURVIVED,none
Decompiler.java,com.google.javascript.rhino.head.Decompiler,org.pitest.mutationtest.engine.gregor.mutators.experimental.RemoveSwitchMutator_45,decompile,358,SURVIVED,none
Decompiler.java,com.google.javascript.rhino.head.Decompiler,org.pitest.mutationtest.engine.gregor.mutators.experimental.RemoveSwitchMutator_46,decompile,358,KILLED,com.google.javascript.rhino.head.Decompiler_ESTest.test075
Decompiler.java,com.google.javascript.rhino.head.Decompiler,org.pitest.mutationtest.engine.gregor.mutators.experimental.RemoveSwitchMutator_47,decompile,358,KILLED,com.google.javascript.rhino.head.Decompiler_ESTest.test090
Decompiler.java,com.google.javascript.rhino.head.Decompiler,org.pitest.mutationtest.engine.gregor.mutators.experimental.RemoveSwitchMutator_48,decompile,358,SURVIVED,none
Decompiler.java,com.google.javascript.rhino.head.Decompiler,org.pitest.mutationtest.engine.gregor.mutators.experimental.RemoveSwitchMutator_49,decompile,358,SURVIVED,none
Decompiler.java,com.google.javascript.rhino.head.Decompiler,org.pitest.mutationtest.engine.gregor.mutators.experimental.RemoveSwitchMutator_5,decompile,358,SURVIVED,none
Decompiler.java,com.google.javascript.rhino.head.Decompiler,org.pitest.mutationtest.engine.gregor.mutators.experimental.RemoveSwitchMutator_50,decompile,358,SURVIVED,none
Decompiler.java,com.google.javascript.rhino.head.Decompiler,org.pitest.mutationtest.engine.gregor.mutators.experimental.RemoveSwitchMutator_51,decompile,358,KILLED,com.google.javascript.rhino.head.Decompiler_ESTest.test075
Decompiler.java,com.google.javascript.rhino.head.Decompiler,org.pitest.mutationtest.engine.gregor.mutators.experimental.RemoveSwitchMutator_52,decompile,358,SURVIVED,none
Decompiler.java,com.google.javascript.rhino.head.Decompiler,org.pitest.mutationtest.engine.gregor.mutators.experimental.RemoveSwitchMutator_53,decompile,358,SURVIVED,none
Decompiler.java,com.google.javascript.rhino.head.Decompiler,org.pitest.mutationtest.engine.gregor.mutators.experimental.RemoveSwitchMutator_54,decompile,358,SURVIVED,none
Decompiler.java,com.google.javascript.rhino.head.Decompiler,org.pitest.mutationtest.engine.gregor.mutators.experimental.RemoveSwitchMutator_55,decompile,358,SURVIVED,none
Decompiler.java,com.google.javascript.rhino.head.Decompiler,org.pitest.mutationtest.engine.gregor.mutators.experimental.RemoveSwitchMutator_56,decompile,358,SURVIVED,none
Decompiler.java,com.google.javascript.rhino.head.Decompiler,org.pitest.mutationtest.engine.gregor.mutators.experimental.RemoveSwitchMutator_57,decompile,358,SURVIVED,none
Decompiler.java,com.google.javascript.rhino.head.Decompiler,org.pitest.mutationtest.engine.gregor.mutators.experimental.RemoveSwitchMutator_58,decompile,358,SURVIVED,none
Decompiler.java,com.google.javascript.rhino.head.Decompiler,org.pitest.mutationtest.engine.gregor.mutators.experimental.RemoveSwitchMutator_59,decompile,358,SURVIVED,none
Decompiler.java,com.google.javascript.rhino.head.Decompiler,org.pitest.mutationtest.engine.gregor.mutators.experimental.RemoveSwitchMutator_6,decompile,358,SURVIVED,none
Decompiler.java,com.google.javascript.rhino.head.Decompiler,org.pitest.mutationtest.engine.gregor.mutators.experimental.RemoveSwitchMutator_60,decompile,358,SURVIVED,none
Decompiler.java,com.google.javascript.rhino.head.Decompiler,org.pitest.mutationtest.engine.gregor.mutators.experimental.RemoveSwitchMutator_61,decompile,358,SURVIVED,none
Decompiler.java,com.google.javascript.rhino.head.Decompiler,org.pitest.mutationtest.engine.gregor.mutators.experimental.RemoveSwitchMutator_62,decompile,358,SURVIVED,none
Decompiler.java,com.google.javascript.rhino.head.Decompiler,org.pitest.mutationtest.engine.gregor.mutators.experimental.RemoveSwitchMutator_63,decompile,358,SURVIVED,none
Decompiler.java,com.google.javascript.rhino.head.Decompiler,org.pitest.mutationtest.engine.gregor.mutators.experimental.RemoveSwitchMutator_64,decompile,358,SURVIVED,none
Decompiler.java,com.google.javascript.rhino.head.Decompiler,org.pitest.mutationtest.engine.gregor.mutators.experimental.RemoveSwitchMutator_65,decompile,358,SURVIVED,none
Decompiler.java,com.google.javascript.rhino.head.Decompiler,org.pitest.mutationtest.engine.gregor.mutators.experimental.RemoveSwitchMutator_66,decompile,358,SURVIVED,none
Decompiler.java,com.google.javascript.rhino.head.Decompiler,org.pitest.mutationtest.engine.gregor.mutators.experimental.RemoveSwitchMutator_67,decompile,358,SURVIVED,none
Decompiler.java,com.google.javascript.rhino.head.Decompiler,org.pitest.mutationtest.engine.gregor.mutators.experimental.RemoveSwitchMutator_68,decompile,358,SURVIVED,none
Decompiler.java,com.google.javascript.rhino.head.Decompiler,org.pitest.mutationtest.engine.gregor.mutators.experimental.RemoveSwitchMutator_69,decompile,358,SURVIVED,none
Decompiler.java,com.google.javascript.rhino.head.Decompiler,org.pitest.mutationtest.engine.gregor.mutators.experimental.RemoveSwitchMutator_7,decompile,358,SURVIVED,none
Decompiler.java,com.google.javascript.rhino.head.Decompiler,org.pitest.mutationtest.engine.gregor.mutators.experimental.RemoveSwitchMutator_70,decompile,358,SURVIVED,none
Decompiler.java,com.google.javascript.rhino.head.Decompiler,org.pitest.mutationtest.engine.gregor.mutators.experimental.RemoveSwitchMutator_71,decompile,358,KILLED,com.google.javascript.rhino.head.Decompiler_ESTest.test075
Decompiler.java,com.google.javascript.rhino.head.Decompiler,org.pitest.mutationtest.engine.gregor.mutators.experimental.RemoveSwitchMutator_72,decompile,358,SURVIVED,none
Decompiler.java,com.google.javascript.rhino.head.Decompiler,org.pitest.mutationtest.engine.gregor.mutators.experimental.RemoveSwitchMutator_73,decompile,358,SURVIVED,none
Decompiler.java,com.google.javascript.rhino.head.Decompiler,org.pitest.mutationtest.engine.gregor.mutators.experimental.RemoveSwitchMutator_74,decompile,358,SURVIVED,none
Decompiler.java,com.google.javascript.rhino.head.Decompiler,org.pitest.mutationtest.engine.gregor.mutators.experimental.RemoveSwitchMutator_75,decompile,358,SURVIVED,none
Decompiler.java,com.google.javascript.rhino.head.Decompiler,org.pitest.mutationtest.engine.gregor.mutators.experimental.RemoveSwitchMutator_76,decompile,358,SURVIVED,none
Decompiler.java,com.google.javascript.rhino.head.Decompiler,org.pitest.mutationtest.engine.gregor.mutators.experimental.RemoveSwitchMutator_77,decompile,358,SURVIVED,none
Decompiler.java,com.google.javascript.rhino.head.Decompiler,org.pitest.mutationtest.engine.gregor.mutators.experimental.RemoveSwitchMutator_78,decompile,358,SURVIVED,none
Decompiler.java,com.google.javascript.rhino.head.Decompiler,org.pitest.mutationtest.engine.gregor.mutators.experimental.RemoveSwitchMutator_79,decompile,358,SURVIVED,none
Decompiler.java,com.google.javascript.rhino.head.Decompiler,org.pitest.mutationtest.engine.gregor.mutators.experimental.RemoveSwitchMutator_8,decompile,358,KILLED,com.google.javascript.rhino.head.Decompiler_ESTest.test109
Decompiler.java,com.google.javascript.rhino.head.Decompiler,org.pitest.mutationtest.engine.gregor.mutators.experimental.RemoveSwitchMutator_80,decompile,358,SURVIVED,none
Decompiler.java,com.google.javascript.rhino.head.Decompiler,org.pitest.mutationtest.engine.gregor.mutators.experimental.RemoveSwitchMutator_81,decompile,358,KILLED,com.google.javascript.rhino.head.Decompiler_ESTest.test004
Decompiler.java,com.google.javascript.rhino.head.Decompiler,org.pitest.mutationtest.engine.gregor.mutators.experimental.RemoveSwitchMutator_82,decompile,358,SURVIVED,none
Decompiler.java,com.google.javascript.rhino.head.Decompiler,org.pitest.mutationtest.engine.gregor.mutators.experimental.RemoveSwitchMutator_83,decompile,358,SURVIVED,none
Decompiler.java,com.google.javascript.rhino.head.Decompiler,org.pitest.mutationtest.engine.gregor.mutators.experimental.RemoveSwitchMutator_84,decompile,358,KILLED,com.google.javascript.rhino.head.Decompiler_ESTest.test075
Decompiler.java,com.google.javascript.rhino.head.Decompiler,org.pitest.mutationtest.engine.gregor.mutators.experimental.RemoveSwitchMutator_85,decompile,358,KILLED,com.google.javascript.rhino.head.Decompiler_ESTest.test075
Decompiler.java,com.google.javascript.rhino.head.Decompiler,org.pitest.mutationtest.engine.gregor.mutators.experimental.RemoveSwitchMutator_86,decompile,358,KILLED,com.google.javascript.rhino.head.Decompiler_ESTest.test049
Decompiler.java,com.google.javascript.rhino.head.Decompiler,org.pitest.mutationtest.engine.gregor.mutators.experimental.RemoveSwitchMutator_87,decompile,358,SURVIVED,none
Decompiler.java,com.google.javascript.rhino.head.Decompiler,org.pitest.mutationtest.engine.gregor.mutators.experimental.RemoveSwitchMutator_88,decompile,358,KILLED,com.google.javascript.rhino.head.Decompiler_ESTest.test050
Decompiler.java,com.google.javascript.rhino.head.Decompiler,org.pitest.mutationtest.engine.gregor.mutators.experimental.RemoveSwitchMutator_89,decompile,358,SURVIVED,none
Decompiler.java,com.google.javascript.rhino.head.Decompiler,org.pitest.mutationtest.engine.gregor.mutators.experimental.RemoveSwitchMutator_9,decompile,358,KILLED,com.google.javascript.rhino.head.Decompiler_ESTest.test108
Decompiler.java,com.google.javascript.rhino.head.Decompiler,org.pitest.mutationtest.engine.gregor.mutators.experimental.RemoveSwitchMutator_90,decompile,358,KILLED,com.google.javascript.rhino.head.Decompiler_ESTest.test075
Decompiler.java,com.google.javascript.rhino.head.Decompiler,org.pitest.mutationtest.engine.gregor.mutators.experimental.RemoveSwitchMutator_91,decompile,358,SURVIVED,none
Decompiler.java,com.google.javascript.rhino.head.Decompiler,org.pitest.mutationtest.engine.gregor.mutators.experimental.RemoveSwitchMutator_92,decompile,358,KILLED,com.google.javascript.rhino.head.Decompiler_ESTest.test108
Decompiler.java,com.google.javascript.rhino.head.Decompiler,org.pitest.mutationtest.engine.gregor.mutators.experimental.RemoveSwitchMutator_93,decompile,358,KILLED,com.google.javascript.rhino.head.Decompiler_ESTest.test002
Decompiler.java,com.google.javascript.rhino.head.Decompiler,org.pitest.mutationtest.engine.gregor.mutators.experimental.RemoveSwitchMutator_94,decompile,358,KILLED,com.google.javascript.rhino.head.Decompiler_ESTest.test075
Decompiler.java,com.google.javascript.rhino.head.Decompiler,org.pitest.mutationtest.engine.gregor.mutators.experimental.RemoveSwitchMutator_95,decompile,358,SURVIVED,none
Decompiler.java,com.google.javascript.rhino.head.Decompiler,org.pitest.mutationtest.engine.gregor.mutators.experimental.RemoveSwitchMutator_96,decompile,358,KILLED,com.google.javascript.rhino.head.Decompiler_ESTest.test109
Decompiler.java,com.google.javascript.rhino.head.Decompiler,org.pitest.mutationtest.engine.gregor.mutators.experimental.RemoveSwitchMutator_97,decompile,358,SURVIVED,none
Decompiler.java,com.google.javascript.rhino.head.Decompiler,org.pitest.mutationtest.engine.gregor.mutators.experimental.RemoveSwitchMutator_98,decompile,358,KILLED,com.google.javascript.rhino.head.Decompiler_ESTest.test109
Decompiler.java,com.google.javascript.rhino.head.Decompiler,org.pitest.mutationtest.engine.gregor.mutators.experimental.RemoveSwitchMutator_99,decompile,358,SURVIVED,none
Decompiler.java,com.google.javascript.rhino.head.Decompiler,org.pitest.mutationtest.engine.gregor.mutators.experimental.SwitchMutator,decompile,358,KILLED,com.google.javascript.rhino.head.Decompiler_ESTest.test094
Decompiler.java,com.google.javascript.rhino.head.Decompiler,org.pitest.mutationtest.engine.gregor.mutators.experimental.SwitchMutator,decompile,427,SURVIVED,none
Decompiler.java,com.google.javascript.rhino.head.Decompiler,org.pitest.mutationtest.engine.gregor.mutators.PrimitiveReturnsMutator,getCurrentOffset,118,KILLED,com.google.javascript.rhino.head.Decompiler_ESTest.test125
Decompiler.java,com.google.javascript.rhino.head.Decompiler,org.pitest.mutationtest.engine.gregor.mutators.ReturnValsMutator,getCurrentOffset,118,KILLED,com.google.javascript.rhino.head.Decompiler_ESTest.test138
Decompiler.java,com.google.javascript.rhino.head.Decompiler,org.pitest.mutationtest.engine.gregor.mutators.EmptyObjectReturnValsMutator,getEncodedSource,113,SURVIVED,none
Decompiler.java,com.google.javascript.rhino.head.Decompiler,org.pitest.mutationtest.engine.gregor.mutators.InlineConstantMutator,getEncodedSource,113,KILLED,com.google.javascript.rhino.head.Decompiler_ESTest.test139
Decompiler.java,com.google.javascript.rhino.head.Decompiler,org.pitest.mutationtest.engine.gregor.mutators.NonVoidMethodCallMutator,getEncodedSource,113,KILLED,com.google.javascript.rhino.head.Decompiler_ESTest.test139
Decompiler.java,com.google.javascript.rhino.head.Decompiler,org.pitest.mutationtest.engine.gregor.mutators.ReturnValsMutator,getEncodedSource,113,KILLED,com.google.javascript.rhino.head.Decompiler_ESTest.test139
Decompiler.java,com.google.javascript.rhino.head.Decompiler,org.pitest.mutationtest.engine.gregor.mutators.ConditionalsBoundaryMutator,getNext,848,KILLED,com.google.javascript.rhino.head.Decompiler_ESTest.test049
Decompiler.java,com.google.javascript.rhino.head.Decompiler,org.pitest.mutationtest.engine.gregor.mutators.InlineConstantMutator,getNext,848,KILLED,com.google.javascript.rhino.head.Decompiler_ESTest.test049
Decompiler.java,com.google.javascript.rhino.head.Decompiler,org.pitest.mutationtest.engine.gregor.mutators.InlineConstantMutator,getNext,848,KILLED,com.google.javascript.rhino.head.Decompiler_ESTest.test003
Decompiler.java,com.google.javascript.rhino.head.Decompiler,org.pitest.mutationtest.engine.gregor.mutators.InlineConstantMutator,getNext,848,SURVIVED,none
Decompiler.java,com.google.javascript.rhino.head.Decompiler,org.pitest.mutationtest.engine.gregor.mutators.MathMutator,getNext,848,KILLED,com.google.javascript.rhino.head.Decompiler_ESTest.test049
Decompiler.java,com.google.javascript.rhino.head.Decompiler,org.pitest.mutationtest.engine.gregor.mutators.MathMutator,getNext,848,KILLED,com.google.javascript.rhino.head.Decompiler_ESTest.test070
Decompiler.java,com.google.javascript.rhino.head.Decompiler,org.pitest.mutationtest.engine.gregor.mutators.NegateConditionalsMutator,getNext,848,KILLED,com.google.javascript.rhino.head.Decompiler_ESTest.test049
Decompiler.java,com.google.javascript.rhino.head.Decompiler,org.pitest.mutationtest.engine.gregor.mutators.NonVoidMethodCallMutator,getNext,848,KILLED,com.google.javascript.rhino.head.Decompiler_ESTest.test003
Decompiler.java,com.google.javascript.rhino.head.Decompiler,org.pitest.mutationtest.engine.gregor.mutators.RemoveConditionalMutator_ORDER_ELSE,getNext,848,KILLED,com.google.javascript.rhino.head.Decompiler_ESTest.test003
Decompiler.java,com.google.javascript.rhino.head.Decompiler,org.pitest.mutationtest.engine.gregor.mutators.RemoveConditionalMutator_ORDER_IF,getNext,848,KILLED,com.google.javascript.rhino.head.Decompiler_ESTest.test049
Decompiler.java,com.google.javascript.rhino.head.Decompiler,org.pitest.mutationtest.engine.gregor.mutators.ReturnValsMutator,getNext,848,KILLED,com.google.javascript.rhino.head.Decompiler_ESTest.test003
Decompiler.java,com.google.javascript.rhino.head.Decompiler,org.pitest.mutationtest.engine.gregor.mutators.ArgumentPropagationMutator,getSourceStringEnd,853,SURVIVED,none
Decompiler.java,com.google.javascript.rhino.head.Decompiler,org.pitest.mutationtest.engine.gregor.mutators.InlineConstantMutator,getSourceStringEnd,853,SURVIVED,none
Decompiler.java,com.google.javascript.rhino.head.Decompiler,org.pitest.mutationtest.engine.gregor.mutators.NonVoidMethodCallMutator,getSourceStringEnd,853,SURVIVED,none
Decompiler.java,com.google.javascript.rhino.head.Decompiler,org.pitest.mutationtest.engine.gregor.mutators.PrimitiveReturnsMutator,getSourceStringEnd,853,SURVIVED,none
Decompiler.java,com.google.javascript.rhino.head.Decompiler,org.pitest.mutationtest.engine.gregor.mutators.ReturnValsMutator,getSourceStringEnd,853,SURVIVED,none
Decompiler.java,com.google.javascript.rhino.head.Decompiler,org.pitest.mutationtest.engine.gregor.mutators.ConditionalsBoundaryMutator,increaseSourceCapacity,259,SURVIVED,none
Decompiler.java,com.google.javascript.rhino.head.Decompiler,org.pitest.mutationtest.engine.gregor.mutators.ConditionalsBoundaryMutator,increaseSourceCapacity,261,SURVIVED,none
Decompiler.java,com.google.javascript.rhino.head.Decompiler,org.pitest.mutationtest.engine.gregor.mutators.InlineConstantMutator,increaseSourceCapacity,260,SURVIVED,none
Decompiler.java,com.google.javascript.rhino.head.Decompiler,org.pitest.mutationtest.engine.gregor.mutators.InlineConstantMutator,increaseSourceCapacity,265,KILLED,com.google.javascript.rhino.head.Decompiler_ESTest.test125
Decompiler.java,com.google.javascript.rhino.head.Decompiler,org.pitest.mutationtest.engine.gregor.mutators.InlineConstantMutator,increaseSourceCapacity,265,SURVIVED,none
Decompiler.java,com.google.javascript.rhino.head.Decompiler,org.pitest.mutationtest.engine.gregor.mutators.MathMutator,increaseSourceCapacity,260,SURVIVED,none
Decompiler.java,com.google.javascript.rhino.head.Decompiler,org.pitest.mutationtest.engine.gregor.mutators.NegateConditionalsMutator,increaseSourceCapacity,259,KILLED,com.google.javascript.rhino.head.Decompiler_ESTest.test125
Decompiler.java,com.google.javascript.rhino.head.Decompiler,org.pitest.mutationtest.engine.gregor.mutators.NegateConditionalsMutator,increaseSourceCapacity,261,KILLED,com.google.javascript.rhino.head.Decompiler_ESTest.test125
Decompiler.java,com.google.javascript.rhino.head.Decompiler,org.pitest.mutationtest.engine.gregor.mutators.NonVoidMethodCallMutator,increaseSourceCapacity,259,SURVIVED,none
Decompiler.java,com.google.javascript.rhino.head.Decompiler,org.pitest.mutationtest.engine.gregor.mutators.RemoveConditionalMutator_ORDER_ELSE,increaseSourceCapacity,259,SURVIVED,none
Decompiler.java,com.google.javascript.rhino.head.Decompiler,org.pitest.mutationtest.engine.gregor.mutators.RemoveConditionalMutator_ORDER_ELSE,increaseSourceCapacity,261,KILLED,com.google.javascript.rhino.head.Decompiler_ESTest.test125
Decompiler.java,com.google.javascript.rhino.head.Decompiler,org.pitest.mutationtest.engine.gregor.mutators.RemoveConditionalMutator_ORDER_IF,increaseSourceCapacity,259,KILLED,com.google.javascript.rhino.head.Decompiler_ESTest.test125
Decompiler.java,com.google.javascript.rhino.head.Decompiler,org.pitest.mutationtest.engine.gregor.mutators.RemoveConditionalMutator_ORDER_IF,increaseSourceCapacity,261,SURVIVED,none
Decompiler.java,com.google.javascript.rhino.head.Decompiler,org.pitest.mutationtest.engine.gregor.mutators.VoidMethodCallMutator,increaseSourceCapacity,265,SURVIVED,none
Decompiler.java,com.google.javascript.rhino.head.Decompiler,org.pitest.mutationtest.engine.gregor.mutators.experimental.MemberVariableMutator,increaseSourceCapacity,266,KILLED,com.google.javascript.rhino.head.Decompiler_ESTest.test125
Decompiler.java,com.google.javascript.rhino.head.Decompiler,org.pitest.mutationtest.engine.gregor.mutators.InlineConstantMutator,markFunctionEnd,132,SURVIVED,none
Decompiler.java,com.google.javascript.rhino.head.Decompiler,org.pitest.mutationtest.engine.gregor.mutators.NonVoidMethodCallMutator,markFunctionEnd,131,KILLED,com.google.javascript.rhino.head.Decompiler_ESTest.test125
Decompiler.java,com.google.javascript.rhino.head.Decompiler,org.pitest.mutationtest.engine.gregor.mutators.PrimitiveReturnsMutator,markFunctionEnd,133,KILLED,com.google.javascript.rhino.head.Decompiler_ESTest.test125
Decompiler.java,com.google.javascript.rhino.head.Decompiler,org.pitest.mutationtest.engine.gregor.mutators.ReturnValsMutator,markFunctionEnd,133,KILLED,com.google.javascript.rhino.head.Decompiler_ESTest.test125
Decompiler.java,com.google.javascript.rhino.head.Decompiler,org.pitest.mutationtest.engine.gregor.mutators.VoidMethodCallMutator,markFunctionEnd,132,SURVIVED,none
Decompiler.java,com.google.javascript.rhino.head.Decompiler,org.pitest.mutationtest.engine.gregor.mutators.InlineConstantMutator,markFunctionStart,124,SURVIVED,none
Decompiler.java,com.google.javascript.rhino.head.Decompiler,org.pitest.mutationtest.engine.gregor.mutators.NonVoidMethodCallMutator,markFunctionStart,123,SURVIVED,none
Decompiler.java,com.google.javascript.rhino.head.Decompiler,org.pitest.mutationtest.engine.gregor.mutators.PrimitiveReturnsMutator,markFunctionStart,126,SURVIVED,none
Decompiler.java,com.google.javascript.rhino.head.Decompiler,org.pitest.mutationtest.engine.gregor.mutators.ReturnValsMutator,markFunctionStart,126,KILLED,com.google.javascript.rhino.head.Decompiler_ESTest.test138
Decompiler.java,com.google.javascript.rhino.head.Decompiler,org.pitest.mutationtest.engine.gregor.mutators.VoidMethodCallMutator,markFunctionStart,124,SURVIVED,none
Decompiler.java,com.google.javascript.rhino.head.Decompiler,org.pitest.mutationtest.engine.gregor.mutators.VoidMethodCallMutator,markFunctionStart,125,SURVIVED,none
Decompiler.java,com.google.javascript.rhino.head.Decompiler,org.pitest.mutationtest.engine.gregor.mutators.ConstructorCallMutator,printSourceNumber,907,SURVIVED,none
Decompiler.java,com.google.javascript.rhino.head.Decompiler,org.pitest.mutationtest.engine.gregor.mutators.IncrementsMutator,printSourceNumber,884,KILLED,com.google.javascript.rhino.head.Decompiler_ESTest.test090
Decompiler.java,com.google.javascript.rhino.head.Decompiler,org.pitest.mutationtest.engine.gregor.mutators.IncrementsMutator,printSourceNumber,890,KILLED,com.google.javascript.rhino.head.Decompiler_ESTest.test090
Decompiler.java,com.google.javascript.rhino.head.Decompiler,org.pitest.mutationtest.engine.gregor.mutators.IncrementsMutator,printSourceNumber,904,KILLED,com.google.javascript.rhino.head.Decompiler_ESTest.test001
Decompiler.java,com.google.javascript.rhino.head.Decompiler,org.pitest.mutationtest.engine.gregor.mutators.InlineConstantMutator,printSourceNumber,882,SURVIVED,none
Decompiler.java,com.google.javascript.rhino.head.Decompiler,org.pitest.mutationtest.engine.gregor.mutators.InlineConstantMutator,printSourceNumber,885,KILLED,com.google.javascript.rhino.head.Decompiler_ESTest.test090
Decompiler.java,com.google.javascript.rhino.head.Decompiler,org.pitest.mutationtest.engine.gregor.mutators.InlineConstantMutator,printSourceNumber,891,KILLED,com.google.javascript.rhino.head.Decompiler_ESTest.test002
Decompiler.java,com.google.javascript.rhino.head.Decompiler,org.pitest.mutationtest.engine.gregor.mutators.InlineConstantMutator,printSourceNumber,891,SURVIVED,none
Decompiler.java,com.google.javascript.rhino.head.Decompiler,org.pitest.mutationtest.engine.gregor.mutators.InlineConstantMutator,printSourceNumber,894,SURVIVED,none
Decompiler.java,com.google.javascript.rhino.head.Decompiler,org.pitest.mutationtest.engine.gregor.mutators.InlineConstantMutator,printSourceNumber,895,SURVIVED,none
Decompiler.java,com.google.javascript.rhino.head.Decompiler,org.pitest.mutationtest.engine.gregor.mutators.InlineConstantMutator,printSourceNumber,895,SURVIVED,none
Decompiler.java,com.google.javascript.rhino.head.Decompiler,org.pitest.mutationtest.engine.gregor.mutators.InlineConstantMutator,printSourceNumber,896,SURVIVED,none
Decompiler.java,com.google.javascript.rhino.head.Decompiler,org.pitest.mutationtest.engine.gregor.mutators.InlineConstantMutator,printSourceNumber,896,SURVIVED,none
Decompiler.java,com.google.javascript.rhino.head.Decompiler,org.pitest.mutationtest.engine.gregor.mutators.InlineConstantMutator,printSourceNumber,897,SURVIVED,none
Decompiler.java,com.google.javascript.rhino.head.Decompiler,org.pitest.mutationtest.engine.gregor.mutators.InlineConstantMutator,printSourceNumber,898,SURVIVED,none
Decompiler.java,com.google.javascript.rhino.head.Decompiler,org.pitest.mutationtest.engine.gregor.mutators.InlineConstantMutator,printSourceNumber,910,SURVIVED,none
Decompiler.java,com.google.javascript.rhino.head.Decompiler,org.pitest.mutationtest.engine.gregor.mutators.MathMutator,printSourceNumber,894,SURVIVED,none
Decompiler.java,com.google.javascript.rhino.head.Decompiler,org.pitest.mutationtest.engine.gregor.mutators.MathMutator,printSourceNumber,895,SURVIVED,none
Decompiler.java,com.google.javascript.rhino.head.Decompiler,org.pitest.mutationtest.engine.gregor.mutators.MathMutator,printSourceNumber,895,SURVIVED,none
Decompiler.java,com.google.javascript.rhino.head.Decompiler,org.pitest.mutationtest.engine.gregor.mutators.MathMutator,printSourceNumber,895,SURVIVED,none
Decompiler.java,com.google.javascript.rhino.head.Decompiler,org.pitest.mutationtest.engine.gregor.mutators.MathMutator,printSourceNumber,896,SURVIVED,none
Decompiler.java,com.google.javascript.rhino.head.Decompiler,org.pitest.mutationtest.engine.gregor.mutators.MathMutator,printSourceNumber,896,SURVIVED,none
Decompiler.java,com.google.javascript.rhino.head.Decompiler,org.pitest.mutationtest.engine.gregor.mutators.MathMutator,printSourceNumber,896,SURVIVED,none
Decompiler.java,com.google.javascript.rhino.head.Decompiler,org.pitest.mutationtest.engine.gregor.mutators.MathMutator,printSourceNumber,897,KILLED,com.google.javascript.rhino.head.Decompiler_ESTest.test001
Decompiler.java,com.google.javascript.rhino.head.Decompiler,org.pitest.mutationtest.engine.gregor.mutators.MathMutator,printSourceNumber,897,SURVIVED,none
Decompiler.java,com.google.javascript.rhino.head.Decompiler,org.pitest.mutationtest.engine.gregor.mutators.NegateConditionalsMutator,printSourceNumber,885,KILLED,com.google.javascript.rhino.head.Decompiler_ESTest.test090
Decompiler.java,com.google.javascript.rhino.head.Decompiler,org.pitest.mutationtest.engine.gregor.mutators.NegateConditionalsMutator,printSourceNumber,886,SURVIVED,none
Decompiler.java,com.google.javascript.rhino.head.Decompiler,org.pitest.mutationtest.engine.gregor.mutators.NegateConditionalsMutator,printSourceNumber,891,KILLED,com.google.javascript.rhino.head.Decompiler_ESTest.test002
Decompiler.java,com.google.javascript.rhino.head.Decompiler,org.pitest.mutationtest.engine.gregor.mutators.NegateConditionalsMutator,printSourceNumber,891,SURVIVED,none
Decompiler.java,com.google.javascript.rhino.head.Decompiler,org.pitest.mutationtest.engine.gregor.mutators.NegateConditionalsMutator,printSourceNumber,892,SURVIVED,none
Decompiler.java,com.google.javascript.rhino.head.Decompiler,org.pitest.mutationtest.engine.gregor.mutators.NegateConditionalsMutator,printSourceNumber,898,SURVIVED,none
Decompiler.java,com.google.javascript.rhino.head.Decompiler,org.pitest.mutationtest.engine.gregor.mutators.NegateConditionalsMutator,printSourceNumber,909,SURVIVED,none
Decompiler.java,com.google.javascript.rhino.head.Decompiler,org.pitest.mutationtest.engine.gregor.mutators.NonVoidMethodCallMutator,printSourceNumber,883,KILLED,com.google.javascript.rhino.head.Decompiler_ESTest.test075
Decompiler.java,com.google.javascript.rhino.head.Decompiler,org.pitest.mutationtest.engine.gregor.mutators.NonVoidMethodCallMutator,printSourceNumber,887,SURVIVED,none
Decompiler.java,com.google.javascript.rhino.head.Decompiler,org.pitest.mutationtest.engine.gregor.mutators.NonVoidMethodCallMutator,printSourceNumber,894,SURVIVED,none
Decompiler.java,com.google.javascript.rhino.head.Decompiler,org.pitest.mutationtest.engine.gregor.mutators.NonVoidMethodCallMutator,printSourceNumber,895,SURVIVED,none
Decompiler.java,com.google.javascript.rhino.head.Decompiler,org.pitest.mutationtest.engine.gregor.mutators.NonVoidMethodCallMutator,printSourceNumber,896,SURVIVED,none
Decompiler.java,com.google.javascript.rhino.head.Decompiler,org.pitest.mutationtest.engine.gregor.mutators.NonVoidMethodCallMutator,printSourceNumber,897,SURVIVED,none
Decompiler.java,com.google.javascript.rhino.head.Decompiler,org.pitest.mutationtest.engine.gregor.mutators.NonVoidMethodCallMutator,printSourceNumber,901,SURVIVED,none
Decompiler.java,com.google.javascript.rhino.head.Decompiler,org.pitest.mutationtest.engine.gregor.mutators.NonVoidMethodCallMutator,printSourceNumber,910,SURVIVED,none
Decompiler.java,com.google.javascript.rhino.head.Decompiler,org.pitest.mutationtest.engine.gregor.mutators.NonVoidMethodCallMutator,printSourceNumber,910,SURVIVED,none
Decompiler.java,com.google.javascript.rhino.head.Decompiler,org.pitest.mutationtest.engine.gregor.mutators.PrimitiveReturnsMutator,printSourceNumber,912,SURVIVED,none
Decompiler.java,com.google.javascript.rhino.head.Decompiler,org.pitest.mutationtest.engine.gregor.mutators.RemoveConditionalMutator_EQUAL_ELSE,printSourceNumber,885,KILLED,com.google.javascript.rhino.head.Decompiler_ESTest.test090
Decompiler.java,com.google.javascript.rhino.head.Decompiler,org.pitest.mutationtest.engine.gregor.mutators.RemoveConditionalMutator_EQUAL_ELSE,printSourceNumber,886,SURVIVED,none
Decompiler.java,com.google.javascript.rhino.head.Decompiler,org.pitest.mutationtest.engine.gregor.mutators.RemoveConditionalMutator_EQUAL_ELSE,printSourceNumber,891,SURVIVED,none
Decompiler.java,com.google.javascript.rhino.head.Decompiler,org.pitest.mutationtest.engine.gregor.mutators.RemoveConditionalMutator_EQUAL_ELSE,printSourceNumber,891,SURVIVED,none
Decompiler.java,com.google.javascript.rhino.head.Decompiler,org.pitest.mutationtest.engine.gregor.mutators.RemoveConditionalMutator_EQUAL_ELSE,printSourceNumber,892,SURVIVED,none
Decompiler.java,com.google.javascript.rhino.head.Decompiler,org.pitest.mutationtest.engine.gregor.mutators.RemoveConditionalMutator_EQUAL_ELSE,printSourceNumber,898,SURVIVED,none
Decompiler.java,com.google.javascript.rhino.head.Decompiler,org.pitest.mutationtest.engine.gregor.mutators.RemoveConditionalMutator_EQUAL_ELSE,printSourceNumber,909,SURVIVED,none
Decompiler.java,com.google.javascript.rhino.head.Decompiler,org.pitest.mutationtest.engine.gregor.mutators.RemoveConditionalMutator_EQUAL_IF,printSourceNumber,885,KILLED,com.google.javascript.rhino.head.Decompiler_ESTest.test002
Decompiler.java,com.google.javascript.rhino.head.Decompiler,org.pitest.mutationtest.engine.gregor.mutators.RemoveConditionalMutator_EQUAL_IF,printSourceNumber,886,SURVIVED,none
Decompiler.java,com.google.javascript.rhino.head.Decompiler,org.pitest.mutationtest.engine.gregor.mutators.RemoveConditionalMutator_EQUAL_IF,printSourceNumber,891,KILLED,com.google.javascript.rhino.head.Decompiler_ESTest.test002
Decompiler.java,com.google.javascript.rhino.head.Decompiler,org.pitest.mutationtest.engine.gregor.mutators.RemoveConditionalMutator_EQUAL_IF,printSourceNumber,891,SURVIVED,none
Decompiler.java,com.google.javascript.rhino.head.Decompiler,org.pitest.mutationtest.engine.gregor.mutators.RemoveConditionalMutator_EQUAL_IF,printSourceNumber,892,SURVIVED,none
Decompiler.java,com.google.javascript.rhino.head.Decompiler,org.pitest.mutationtest.engine.gregor.mutators.RemoveConditionalMutator_EQUAL_IF,printSourceNumber,898,SURVIVED,none
Decompiler.java,com.google.javascript.rhino.head.Decompiler,org.pitest.mutationtest.engine.gregor.mutators.RemoveConditionalMutator_EQUAL_IF,printSourceNumber,909,SURVIVED,none
Decompiler.java,com.google.javascript.rhino.head.Decompiler,org.pitest.mutationtest.engine.gregor.mutators.ReturnValsMutator,printSourceNumber,912,SURVIVED,none
Decompiler.java,com.google.javascript.rhino.head.Decompiler,org.pitest.mutationtest.engine.gregor.mutators.experimental.NakedReceiverMutator,printSourceNumber,910,SURVIVED,none
Decompiler.java,com.google.javascript.rhino.head.Decompiler,org.pitest.mutationtest.engine.gregor.mutators.experimental.RemoveIncrementsMutator,printSourceNumber,884,KILLED,com.google.javascript.rhino.head.Decompiler_ESTest.test090
Decompiler.java,com.google.javascript.rhino.head.Decompiler,org.pitest.mutationtest.engine.gregor.mutators.experimental.RemoveIncrementsMutator,printSourceNumber,890,KILLED,com.google.javascript.rhino.head.Decompiler_ESTest.test090
Decompiler.java,com.google.javascript.rhino.head.Decompiler,org.pitest.mutationtest.engine.gregor.mutators.experimental.RemoveIncrementsMutator,printSourceNumber,904,KILLED,com.google.javascript.rhino.head.Decompiler_ESTest.test002
Decompiler.java,com.google.javascript.rhino.head.Decompiler,org.pitest.mutationtest.engine.gregor.mutators.ArgumentPropagationMutator,printSourceString,872,SURVIVED,none
Decompiler.java,com.google.javascript.rhino.head.Decompiler,org.pitest.mutationtest.engine.gregor.mutators.IncrementsMutator,printSourceString,861,TIMED_OUT,none
Decompiler.java,com.google.javascript.rhino.head.Decompiler,org.pitest.mutationtest.engine.gregor.mutators.IncrementsMutator,printSourceString,864,NO_COVERAGE,none
Decompiler.java,com.google.javascript.rhino.head.Decompiler,org.pitest.mutationtest.engine.gregor.mutators.InlineConstantMutator,printSourceString,862,KILLED,com.google.javascript.rhino.head.Decompiler_ESTest.test120
Decompiler.java,com.google.javascript.rhino.head.Decompiler,org.pitest.mutationtest.engine.gregor.mutators.InlineConstantMutator,printSourceString,863,NO_COVERAGE,none
Decompiler.java,com.google.javascript.rhino.head.Decompiler,org.pitest.mutationtest.engine.gregor.mutators.InlineConstantMutator,printSourceString,863,NO_COVERAGE,none
Decompiler.java,com.google.javascript.rhino.head.Decompiler,org.pitest.mutationtest.engine.gregor.mutators.InlineConstantMutator,printSourceString,871,KILLED,com.google.javascript.rhino.head.Decompiler_ESTest.test081
Decompiler.java,com.google.javascript.rhino.head.Decompiler,org.pitest.mutationtest.engine.gregor.mutators.InlineConstantMutator,printSourceString,873,KILLED,com.google.javascript.rhino.head.Decompiler_ESTest.test081
Decompiler.java,com.google.javascript.rhino.head.Decompiler,org.pitest.mutationtest.engine.gregor.mutators.MathMutator,printSourceString,862,KILLED,com.google.javascript.rhino.head.Decompiler_ESTest.test081
Decompiler.java,com.google.javascript.rhino.head.Decompiler,org.pitest.mutationtest.engine.gregor.mutators.MathMutator,printSourceString,863,NO_COVERAGE,none
Decompiler.java,com.google.javascript.rhino.head.Decompiler,org.pitest.mutationtest.engine.gregor.mutators.MathMutator,printSourceString,863,NO_COVERAGE,none
Decompiler.java,com.google.javascript.rhino.head.Decompiler,org.pitest.mutationtest.engine.gregor.mutators.MathMutator,printSourceString,863,NO_COVERAGE,none
Decompiler.java,com.google.javascript.rhino.head.Decompiler,org.pitest.mutationtest.engine.gregor.mutators.MathMutator,printSourceString,867,KILLED,com.google.javascript.rhino.head.Decompiler_ESTest.test120
Decompiler.java,com.google.javascript.rhino.head.Decompiler,org.pitest.mutationtest.engine.gregor.mutators.MathMutator,printSourceString,876,KILLED,com.google.javascript.rhino.head.Decompiler_ESTest.test120
Decompiler.java,com.google.javascript.rhino.head.Decompiler,org.pitest.mutationtest.engine.gregor.mutators.NegateConditionalsMutator,printSourceString,862,KILLED,com.google.javascript.rhino.head.Decompiler_ESTest.test081
Decompiler.java,com.google.javascript.rhino.head.Decompiler,org.pitest.mutationtest.engine.gregor.mutators.NegateConditionalsMutator,printSourceString,866,KILLED,com.google.javascript.rhino.head.Decompiler_ESTest.test081
Decompiler.java,com.google.javascript.rhino.head.Decompiler,org.pitest.mutationtest.engine.gregor.mutators.NegateConditionalsMutator,printSourceString,868,KILLED,com.google.javascript.rhino.head.Decompiler_ESTest.test081
Decompiler.java,com.google.javascript.rhino.head.Decompiler,org.pitest.mutationtest.engine.gregor.mutators.NonVoidMethodCallMutator,printSourceString,860,KILLED,com.google.javascript.rhino.head.Decompiler_ESTest.test120
Decompiler.java,com.google.javascript.rhino.head.Decompiler,org.pitest.mutationtest.engine.gregor.mutators.NonVoidMethodCallMutator,printSourceString,863,NO_COVERAGE,none
Decompiler.java,com.google.javascript.rhino.head.Decompiler,org.pitest.mutationtest.engine.gregor.mutators.NonVoidMethodCallMutator,printSourceString,867,KILLED,com.google.javascript.rhino.head.Decompiler_ESTest.test081
Decompiler.java,com.google.javascript.rhino.head.Decompiler,org.pitest.mutationtest.engine.gregor.mutators.NonVoidMethodCallMutator,printSourceString,869,KILLED,com.google.javascript.rhino.head.Decompiler_ESTest.test120
Decompiler.java,com.google.javascript.rhino.head.Decompiler,org.pitest.mutationtest.engine.gregor.mutators.NonVoidMethodCallMutator,printSourceString,871,KILLED,com.google.javascript.rhino.head.Decompiler_ESTest.test081
Decompiler.java,com.google.javascript.rhino.head.Decompiler,org.pitest.mutationtest.engine.gregor.mutators.NonVoidMethodCallMutator,printSourceString,872,KILLED,com.google.javascript.rhino.head.Decompiler_ESTest.test081
Decompiler.java,com.google.javascript.rhino.head.Decompiler,org.pitest.mutationtest.engine.gregor.mutators.NonVoidMethodCallMutator,printSourceString,872,SURVIVED,none
Decompiler.java,com.google.javascript.rhino.head.Decompiler,org.pitest.mutationtest.engine.gregor.mutators.NonVoidMethodCallMutator,printSourceString,873,KILLED,com.google.javascript.rhino.head.Decompiler_ESTest.test081
Decompiler.java,com.google.javascript.rhino.head.Decompiler,org.pitest.mutationtest.engine.gregor.mutators.PrimitiveReturnsMutator,printSourceString,876,TIMED_OUT,none
Decompiler.java,com.google.javascript.rhino.head.Decompiler,org.pitest.mutationtest.engine.gregor.mutators.RemoveConditionalMutator_EQUAL_ELSE,printSourceString,862,SURVIVED,none
Decompiler.java,com.google.javascript.rhino.head.Decompiler,org.pitest.mutationtest.engine.gregor.mutators.RemoveConditionalMutator_EQUAL_ELSE,printSourceString,866,KILLED,com.google.javascript.rhino.head.Decompiler_ESTest.test081
Decompiler.java,com.google.javascript.rhino.head.Decompiler,org.pitest.mutationtest.engine.gregor.mutators.RemoveConditionalMutator_EQUAL_ELSE,printSourceString,868,KILLED,com.google.javascript.rhino.head.Decompiler_ESTest.test120
Decompiler.java,com.google.javascript.rhino.head.Decompiler,org.pitest.mutationtest.engine.gregor.mutators.RemoveConditionalMutator_EQUAL_IF,printSourceString,862,KILLED,com.google.javascript.rhino.head.Decompiler_ESTest.test081
Decompiler.java,com.google.javascript.rhino.head.Decompiler,org.pitest.mutationtest.engine.gregor.mutators.RemoveConditionalMutator_EQUAL_IF,printSourceString,866,KILLED,com.google.javascript.rhino.head.Decompiler_ESTest.test136
Decompiler.java,com.google.javascript.rhino.head.Decompiler,org.pitest.mutationtest.engine.gregor.mutators.RemoveConditionalMutator_EQUAL_IF,printSourceString,868,KILLED,com.google.javascript.rhino.head.Decompiler_ESTest.test081
Decompiler.java,com.google.javascript.rhino.head.Decompiler,org.pitest.mutationtest.engine.gregor.mutators.ReturnValsMutator,printSourceString,876,TIMED_OUT,none
Decompiler.java,com.google.javascript.rhino.head.Decompiler,org.pitest.mutationtest.engine.gregor.mutators.experimental.NakedReceiverMutator,printSourceString,867,KILLED,com.google.javascript.rhino.head.Decompiler_ESTest.test081
Decompiler.java,com.google.javascript.rhino.head.Decompiler,org.pitest.mutationtest.engine.gregor.mutators.experimental.NakedReceiverMutator,printSourceString,869,KILLED,com.google.javascript.rhino.head.Decompiler_ESTest.test120
Decompiler.java,com.google.javascript.rhino.head.Decompiler,org.pitest.mutationtest.engine.gregor.mutators.experimental.NakedReceiverMutator,printSourceString,871,KILLED,com.google.javascript.rhino.head.Decompiler_ESTest.test081
Decompiler.java,com.google.javascript.rhino.head.Decompiler,org.pitest.mutationtest.engine.gregor.mutators.experimental.NakedReceiverMutator,printSourceString,872,SURVIVED,none
Decompiler.java,com.google.javascript.rhino.head.Decompiler,org.pitest.mutationtest.engine.gregor.mutators.experimental.NakedReceiverMutator,printSourceString,873,KILLED,com.google.javascript.rhino.head.Decompiler_ESTest.test081
Decompiler.java,com.google.javascript.rhino.head.Decompiler,org.pitest.mutationtest.engine.gregor.mutators.experimental.RemoveIncrementsMutator,printSourceString,861,KILLED,com.google.javascript.rhino.head.Decompiler_ESTest.test081
Decompiler.java,com.google.javascript.rhino.head.Decompiler,org.pitest.mutationtest.engine.gregor.mutators.experimental.RemoveIncrementsMutator,printSourceString,864,NO_COVERAGE,none
Decompiler.java,com.google.javascript.rhino.head.Decompiler,org.pitest.mutationtest.engine.gregor.mutators.ConditionalsBoundaryMutator,sourceToString,271,KILLED,com.google.javascript.rhino.head.Decompiler_ESTest.test139
Decompiler.java,com.google.javascript.rhino.head.Decompiler,org.pitest.mutationtest.engine.gregor.mutators.ConditionalsBoundaryMutator,sourceToString,271,KILLED,com.google.javascript.rhino.head.Decompiler_ESTest.test139
Decompiler.java,com.google.javascript.rhino.head.Decompiler,org.pitest.mutationtest.engine.gregor.mutators.ConstructorCallMutator,sourceToString,272,KILLED,com.google.javascript.rhino.head.Decompiler_ESTest.test139
Decompiler.java,com.google.javascript.rhino.head.Decompiler,org.pitest.mutationtest.engine.gregor.mutators.EmptyObjectReturnValsMutator,sourceToString,272,SURVIVED,none
Decompiler.java,com.google.javascript.rhino.head.Decompiler,org.pitest.mutationtest.engine.gregor.mutators.MathMutator,sourceToString,272,SURVIVED,none
Decompiler.java,com.google.javascript.rhino.head.Decompiler,org.pitest.mutationtest.engine.gregor.mutators.NegateConditionalsMutator,sourceToString,271,KILLED,com.google.javascript.rhino.head.Decompiler_ESTest.test139
Decompiler.java,com.google.javascript.rhino.head.Decompiler,org.pitest.mutationtest.engine.gregor.mutators.NegateConditionalsMutator,sourceToString,271,KILLED,com.google.javascript.rhino.head.Decompiler_ESTest.test139
Decompiler.java,com.google.javascript.rhino.head.Decompiler,org.pitest.mutationtest.engine.gregor.mutators.NonVoidMethodCallMutator,sourceToString,271,SURVIVED,none
Decompiler.java,com.google.javascript.rhino.head.Decompiler,org.pitest.mutationtest.engine.gregor.mutators.RemoveConditionalMutator_ORDER_ELSE,sourceToString,271,KILLED,com.google.javascript.rhino.head.Decompiler_ESTest.test139
Decompiler.java,com.google.javascript.rhino.head.Decompiler,org.pitest.mutationtest.engine.gregor.mutators.RemoveConditionalMutator_ORDER_ELSE,sourceToString,271,SURVIVED,none
Decompiler.java,com.google.javascript.rhino.head.Decompiler,org.pitest.mutationtest.engine.gregor.mutators.RemoveConditionalMutator_ORDER_IF,sourceToString,271,SURVIVED,none
Decompiler.java,com.google.javascript.rhino.head.Decompiler,org.pitest.mutationtest.engine.gregor.mutators.RemoveConditionalMutator_ORDER_IF,sourceToString,271,KILLED,com.google.javascript.rhino.head.Decompiler_ESTest.test139
Decompiler.java,com.google.javascript.rhino.head.Decompiler,org.pitest.mutationtest.engine.gregor.mutators.ReturnValsMutator,sourceToString,272,KILLED,com.google.javascript.rhino.head.Decompiler_ESTest.test139
