ArrayUtils.java,org.apache.commons.lang3.ArrayUtils,org.pitest.mutationtest.engine.gregor.mutators.ConditionalsBoundaryMutator,add,4288,NO_COVERAGE,none
ArrayUtils.java,org.apache.commons.lang3.ArrayUtils,org.pitest.mutationtest.engine.gregor.mutators.ConditionalsBoundaryMutator,add,4288,NO_COVERAGE,none
ArrayUtils.java,org.apache.commons.lang3.ArrayUtils,org.pitest.mutationtest.engine.gregor.mutators.ConditionalsBoundaryMutator,add,4294,NO_COVERAGE,none
ArrayUtils.java,org.apache.commons.lang3.ArrayUtils,org.pitest.mutationtest.engine.gregor.mutators.ConstructorCallMutator,add,4281,NO_COVERAGE,none
ArrayUtils.java,org.apache.commons.lang3.ArrayUtils,org.pitest.mutationtest.engine.gregor.mutators.ConstructorCallMutator,add,4281,NO_COVERAGE,none
ArrayUtils.java,org.apache.commons.lang3.ArrayUtils,org.pitest.mutationtest.engine.gregor.mutators.ConstructorCallMutator,add,4289,NO_COVERAGE,none
ArrayUtils.java,org.apache.commons.lang3.ArrayUtils,org.pitest.mutationtest.engine.gregor.mutators.ConstructorCallMutator,add,4289,NO_COVERAGE,none
ArrayUtils.java,org.apache.commons.lang3.ArrayUtils,org.pitest.mutationtest.engine.gregor.mutators.InlineConstantMutator,add,4283,NO_COVERAGE,none
ArrayUtils.java,org.apache.commons.lang3.ArrayUtils,org.pitest.mutationtest.engine.gregor.mutators.InlineConstantMutator,add,4284,NO_COVERAGE,none
ArrayUtils.java,org.apache.commons.lang3.ArrayUtils,org.pitest.mutationtest.engine.gregor.mutators.InlineConstantMutator,add,4291,NO_COVERAGE,none
ArrayUtils.java,org.apache.commons.lang3.ArrayUtils,org.pitest.mutationtest.engine.gregor.mutators.InlineConstantMutator,add,4292,NO_COVERAGE,none
ArrayUtils.java,org.apache.commons.lang3.ArrayUtils,org.pitest.mutationtest.engine.gregor.mutators.InlineConstantMutator,add,4292,NO_COVERAGE,none
ArrayUtils.java,org.apache.commons.lang3.ArrayUtils,org.pitest.mutationtest.engine.gregor.mutators.InlineConstantMutator,add,4295,NO_COVERAGE,none
ArrayUtils.java,org.apache.commons.lang3.ArrayUtils,org.pitest.mutationtest.engine.gregor.mutators.MathMutator,add,4291,NO_COVERAGE,none
ArrayUtils.java,org.apache.commons.lang3.ArrayUtils,org.pitest.mutationtest.engine.gregor.mutators.MathMutator,add,4295,NO_COVERAGE,none
ArrayUtils.java,org.apache.commons.lang3.ArrayUtils,org.pitest.mutationtest.engine.gregor.mutators.MathMutator,add,4295,NO_COVERAGE,none
ArrayUtils.java,org.apache.commons.lang3.ArrayUtils,org.pitest.mutationtest.engine.gregor.mutators.NegateConditionalsMutator,add,4279,NO_COVERAGE,none
ArrayUtils.java,org.apache.commons.lang3.ArrayUtils,org.pitest.mutationtest.engine.gregor.mutators.NegateConditionalsMutator,add,4280,NO_COVERAGE,none
ArrayUtils.java,org.apache.commons.lang3.ArrayUtils,org.pitest.mutationtest.engine.gregor.mutators.NegateConditionalsMutator,add,4288,NO_COVERAGE,none
ArrayUtils.java,org.apache.commons.lang3.ArrayUtils,org.pitest.mutationtest.engine.gregor.mutators.NegateConditionalsMutator,add,4288,NO_COVERAGE,none
ArrayUtils.java,org.apache.commons.lang3.ArrayUtils,org.pitest.mutationtest.engine.gregor.mutators.NegateConditionalsMutator,add,4294,NO_COVERAGE,none
ArrayUtils.java,org.apache.commons.lang3.ArrayUtils,org.pitest.mutationtest.engine.gregor.mutators.NonVoidMethodCallMutator,add,4281,NO_COVERAGE,none
ArrayUtils.java,org.apache.commons.lang3.ArrayUtils,org.pitest.mutationtest.engine.gregor.mutators.NonVoidMethodCallMutator,add,4281,NO_COVERAGE,none
ArrayUtils.java,org.apache.commons.lang3.ArrayUtils,org.pitest.mutationtest.engine.gregor.mutators.NonVoidMethodCallMutator,add,4281,NO_COVERAGE,none
ArrayUtils.java,org.apache.commons.lang3.ArrayUtils,org.pitest.mutationtest.engine.gregor.mutators.NonVoidMethodCallMutator,add,4281,NO_COVERAGE,none
ArrayUtils.java,org.apache.commons.lang3.ArrayUtils,org.pitest.mutationtest.engine.gregor.mutators.NonVoidMethodCallMutator,add,4283,NO_COVERAGE,none
ArrayUtils.java,org.apache.commons.lang3.ArrayUtils,org.pitest.mutationtest.engine.gregor.mutators.NonVoidMethodCallMutator,add,4287,NO_COVERAGE,none
ArrayUtils.java,org.apache.commons.lang3.ArrayUtils,org.pitest.mutationtest.engine.gregor.mutators.NonVoidMethodCallMutator,add,4289,NO_COVERAGE,none
ArrayUtils.java,org.apache.commons.lang3.ArrayUtils,org.pitest.mutationtest.engine.gregor.mutators.NonVoidMethodCallMutator,add,4289,NO_COVERAGE,none
ArrayUtils.java,org.apache.commons.lang3.ArrayUtils,org.pitest.mutationtest.engine.gregor.mutators.NonVoidMethodCallMutator,add,4289,NO_COVERAGE,none
ArrayUtils.java,org.apache.commons.lang3.ArrayUtils,org.pitest.mutationtest.engine.gregor.mutators.NonVoidMethodCallMutator,add,4289,NO_COVERAGE,none
ArrayUtils.java,org.apache.commons.lang3.ArrayUtils,org.pitest.mutationtest.engine.gregor.mutators.NonVoidMethodCallMutator,add,4289,NO_COVERAGE,none
ArrayUtils.java,org.apache.commons.lang3.ArrayUtils,org.pitest.mutationtest.engine.gregor.mutators.NonVoidMethodCallMutator,add,4291,NO_COVERAGE,none
ArrayUtils.java,org.apache.commons.lang3.ArrayUtils,org.pitest.mutationtest.engine.gregor.mutators.NullReturnValsMutator,add,4285,NO_COVERAGE,none
ArrayUtils.java,org.apache.commons.lang3.ArrayUtils,org.pitest.mutationtest.engine.gregor.mutators.NullReturnValsMutator,add,4297,NO_COVERAGE,none
ArrayUtils.java,org.apache.commons.lang3.ArrayUtils,org.pitest.mutationtest.engine.gregor.mutators.RemoveConditionalMutator_EQUAL_ELSE,add,4279,NO_COVERAGE,none
ArrayUtils.java,org.apache.commons.lang3.ArrayUtils,org.pitest.mutationtest.engine.gregor.mutators.RemoveConditionalMutator_EQUAL_ELSE,add,4280,NO_COVERAGE,none
ArrayUtils.java,org.apache.commons.lang3.ArrayUtils,org.pitest.mutationtest.engine.gregor.mutators.RemoveConditionalMutator_EQUAL_IF,add,4279,NO_COVERAGE,none
ArrayUtils.java,org.apache.commons.lang3.ArrayUtils,org.pitest.mutationtest.engine.gregor.mutators.RemoveConditionalMutator_EQUAL_IF,add,4280,NO_COVERAGE,none
ArrayUtils.java,org.apache.commons.lang3.ArrayUtils,org.pitest.mutationtest.engine.gregor.mutators.RemoveConditionalMutator_ORDER_ELSE,add,4288,NO_COVERAGE,none
ArrayUtils.java,org.apache.commons.lang3.ArrayUtils,org.pitest.mutationtest.engine.gregor.mutators.RemoveConditionalMutator_ORDER_ELSE,add,4288,NO_COVERAGE,none
ArrayUtils.java,org.apache.commons.lang3.ArrayUtils,org.pitest.mutationtest.engine.gregor.mutators.RemoveConditionalMutator_ORDER_ELSE,add,4294,NO_COVERAGE,none
ArrayUtils.java,org.apache.commons.lang3.ArrayUtils,org.pitest.mutationtest.engine.gregor.mutators.RemoveConditionalMutator_ORDER_IF,add,4288,NO_COVERAGE,none
ArrayUtils.java,org.apache.commons.lang3.ArrayUtils,org.pitest.mutationtest.engine.gregor.mutators.RemoveConditionalMutator_ORDER_IF,add,4288,NO_COVERAGE,none
ArrayUtils.java,org.apache.commons.lang3.ArrayUtils,org.pitest.mutationtest.engine.gregor.mutators.RemoveConditionalMutator_ORDER_IF,add,4294,NO_COVERAGE,none
ArrayUtils.java,org.apache.commons.lang3.ArrayUtils,org.pitest.mutationtest.engine.gregor.mutators.ReturnValsMutator,add,4285,NO_COVERAGE,none
ArrayUtils.java,org.apache.commons.lang3.ArrayUtils,org.pitest.mutationtest.engine.gregor.mutators.ReturnValsMutator,add,4297,NO_COVERAGE,none
ArrayUtils.java,org.apache.commons.lang3.ArrayUtils,org.pitest.mutationtest.engine.gregor.mutators.VoidMethodCallMutator,add,4284,NO_COVERAGE,none
ArrayUtils.java,org.apache.commons.lang3.ArrayUtils,org.pitest.mutationtest.engine.gregor.mutators.VoidMethodCallMutator,add,4292,NO_COVERAGE,none
ArrayUtils.java,org.apache.commons.lang3.ArrayUtils,org.pitest.mutationtest.engine.gregor.mutators.VoidMethodCallMutator,add,4293,NO_COVERAGE,none
ArrayUtils.java,org.apache.commons.lang3.ArrayUtils,org.pitest.mutationtest.engine.gregor.mutators.VoidMethodCallMutator,add,4295,NO_COVERAGE,none
ArrayUtils.java,org.apache.commons.lang3.ArrayUtils,org.pitest.mutationtest.engine.gregor.mutators.experimental.NakedReceiverMutator,add,4281,NO_COVERAGE,none
ArrayUtils.java,org.apache.commons.lang3.ArrayUtils,org.pitest.mutationtest.engine.gregor.mutators.experimental.NakedReceiverMutator,add,4281,NO_COVERAGE,none
ArrayUtils.java,org.apache.commons.lang3.ArrayUtils,org.pitest.mutationtest.engine.gregor.mutators.experimental.NakedReceiverMutator,add,4281,NO_COVERAGE,none
ArrayUtils.java,org.apache.commons.lang3.ArrayUtils,org.pitest.mutationtest.engine.gregor.mutators.experimental.NakedReceiverMutator,add,4289,NO_COVERAGE,none
ArrayUtils.java,org.apache.commons.lang3.ArrayUtils,org.pitest.mutationtest.engine.gregor.mutators.experimental.NakedReceiverMutator,add,4289,NO_COVERAGE,none
ArrayUtils.java,org.apache.commons.lang3.ArrayUtils,org.pitest.mutationtest.engine.gregor.mutators.experimental.NakedReceiverMutator,add,4289,NO_COVERAGE,none
ArrayUtils.java,org.apache.commons.lang3.ArrayUtils,org.pitest.mutationtest.engine.gregor.mutators.experimental.NakedReceiverMutator,add,4289,NO_COVERAGE,none
ArrayUtils.java,org.apache.commons.lang3.ArrayUtils,org.pitest.mutationtest.engine.gregor.mutators.ArgumentPropagationMutator,add,3789,NO_COVERAGE,none
ArrayUtils.java,org.apache.commons.lang3.ArrayUtils,org.pitest.mutationtest.engine.gregor.mutators.InlineConstantMutator,add,3790,NO_COVERAGE,none
ArrayUtils.java,org.apache.commons.lang3.ArrayUtils,org.pitest.mutationtest.engine.gregor.mutators.MathMutator,add,3790,NO_COVERAGE,none
ArrayUtils.java,org.apache.commons.lang3.ArrayUtils,org.pitest.mutationtest.engine.gregor.mutators.NonVoidMethodCallMutator,add,3789,NO_COVERAGE,none
ArrayUtils.java,org.apache.commons.lang3.ArrayUtils,org.pitest.mutationtest.engine.gregor.mutators.NullReturnValsMutator,add,3791,NO_COVERAGE,none
ArrayUtils.java,org.apache.commons.lang3.ArrayUtils,org.pitest.mutationtest.engine.gregor.mutators.ReturnValsMutator,add,3791,NO_COVERAGE,none
ArrayUtils.java,org.apache.commons.lang3.ArrayUtils,org.pitest.mutationtest.engine.gregor.mutators.ArgumentPropagationMutator,add,4109,NO_COVERAGE,none
ArrayUtils.java,org.apache.commons.lang3.ArrayUtils,org.pitest.mutationtest.engine.gregor.mutators.NonVoidMethodCallMutator,add,4109,NO_COVERAGE,none
ArrayUtils.java,org.apache.commons.lang3.ArrayUtils,org.pitest.mutationtest.engine.gregor.mutators.NonVoidMethodCallMutator,add,4109,NO_COVERAGE,none
ArrayUtils.java,org.apache.commons.lang3.ArrayUtils,org.pitest.mutationtest.engine.gregor.mutators.NullReturnValsMutator,add,4109,NO_COVERAGE,none
ArrayUtils.java,org.apache.commons.lang3.ArrayUtils,org.pitest.mutationtest.engine.gregor.mutators.ReturnValsMutator,add,4109,NO_COVERAGE,none
ArrayUtils.java,org.apache.commons.lang3.ArrayUtils,org.pitest.mutationtest.engine.gregor.mutators.ArgumentPropagationMutator,add,3816,NO_COVERAGE,none
ArrayUtils.java,org.apache.commons.lang3.ArrayUtils,org.pitest.mutationtest.engine.gregor.mutators.InlineConstantMutator,add,3817,NO_COVERAGE,none
ArrayUtils.java,org.apache.commons.lang3.ArrayUtils,org.pitest.mutationtest.engine.gregor.mutators.MathMutator,add,3817,NO_COVERAGE,none
ArrayUtils.java,org.apache.commons.lang3.ArrayUtils,org.pitest.mutationtest.engine.gregor.mutators.NonVoidMethodCallMutator,add,3816,NO_COVERAGE,none
ArrayUtils.java,org.apache.commons.lang3.ArrayUtils,org.pitest.mutationtest.engine.gregor.mutators.NullReturnValsMutator,add,3818,NO_COVERAGE,none
ArrayUtils.java,org.apache.commons.lang3.ArrayUtils,org.pitest.mutationtest.engine.gregor.mutators.ReturnValsMutator,add,3818,NO_COVERAGE,none
ArrayUtils.java,org.apache.commons.lang3.ArrayUtils,org.pitest.mutationtest.engine.gregor.mutators.ArgumentPropagationMutator,add,4078,NO_COVERAGE,none
ArrayUtils.java,org.apache.commons.lang3.ArrayUtils,org.pitest.mutationtest.engine.gregor.mutators.NonVoidMethodCallMutator,add,4078,NO_COVERAGE,none
ArrayUtils.java,org.apache.commons.lang3.ArrayUtils,org.pitest.mutationtest.engine.gregor.mutators.NonVoidMethodCallMutator,add,4078,NO_COVERAGE,none
ArrayUtils.java,org.apache.commons.lang3.ArrayUtils,org.pitest.mutationtest.engine.gregor.mutators.NullReturnValsMutator,add,4078,NO_COVERAGE,none
ArrayUtils.java,org.apache.commons.lang3.ArrayUtils,org.pitest.mutationtest.engine.gregor.mutators.ReturnValsMutator,add,4078,NO_COVERAGE,none
ArrayUtils.java,org.apache.commons.lang3.ArrayUtils,org.pitest.mutationtest.engine.gregor.mutators.ArgumentPropagationMutator,add,3843,NO_COVERAGE,none
ArrayUtils.java,org.apache.commons.lang3.ArrayUtils,org.pitest.mutationtest.engine.gregor.mutators.InlineConstantMutator,add,3844,NO_COVERAGE,none
ArrayUtils.java,org.apache.commons.lang3.ArrayUtils,org.pitest.mutationtest.engine.gregor.mutators.MathMutator,add,3844,NO_COVERAGE,none
ArrayUtils.java,org.apache.commons.lang3.ArrayUtils,org.pitest.mutationtest.engine.gregor.mutators.NonVoidMethodCallMutator,add,3843,NO_COVERAGE,none
ArrayUtils.java,org.apache.commons.lang3.ArrayUtils,org.pitest.mutationtest.engine.gregor.mutators.NullReturnValsMutator,add,3845,NO_COVERAGE,none
ArrayUtils.java,org.apache.commons.lang3.ArrayUtils,org.pitest.mutationtest.engine.gregor.mutators.ReturnValsMutator,add,3845,NO_COVERAGE,none
ArrayUtils.java,org.apache.commons.lang3.ArrayUtils,org.pitest.mutationtest.engine.gregor.mutators.ArgumentPropagationMutator,add,4264,NO_COVERAGE,none
ArrayUtils.java,org.apache.commons.lang3.ArrayUtils,org.pitest.mutationtest.engine.gregor.mutators.NonVoidMethodCallMutator,add,4264,NO_COVERAGE,none
ArrayUtils.java,org.apache.commons.lang3.ArrayUtils,org.pitest.mutationtest.engine.gregor.mutators.NonVoidMethodCallMutator,add,4264,NO_COVERAGE,none
ArrayUtils.java,org.apache.commons.lang3.ArrayUtils,org.pitest.mutationtest.engine.gregor.mutators.NullReturnValsMutator,add,4264,NO_COVERAGE,none
ArrayUtils.java,org.apache.commons.lang3.ArrayUtils,org.pitest.mutationtest.engine.gregor.mutators.ReturnValsMutator,add,4264,NO_COVERAGE,none
ArrayUtils.java,org.apache.commons.lang3.ArrayUtils,org.pitest.mutationtest.engine.gregor.mutators.ArgumentPropagationMutator,add,3870,NO_COVERAGE,none
ArrayUtils.java,org.apache.commons.lang3.ArrayUtils,org.pitest.mutationtest.engine.gregor.mutators.InlineConstantMutator,add,3871,NO_COVERAGE,none
ArrayUtils.java,org.apache.commons.lang3.ArrayUtils,org.pitest.mutationtest.engine.gregor.mutators.MathMutator,add,3871,NO_COVERAGE,none
ArrayUtils.java,org.apache.commons.lang3.ArrayUtils,org.pitest.mutationtest.engine.gregor.mutators.NonVoidMethodCallMutator,add,3870,NO_COVERAGE,none
ArrayUtils.java,org.apache.commons.lang3.ArrayUtils,org.pitest.mutationtest.engine.gregor.mutators.NullReturnValsMutator,add,3872,NO_COVERAGE,none
ArrayUtils.java,org.apache.commons.lang3.ArrayUtils,org.pitest.mutationtest.engine.gregor.mutators.ReturnValsMutator,add,3872,NO_COVERAGE,none
ArrayUtils.java,org.apache.commons.lang3.ArrayUtils,org.pitest.mutationtest.engine.gregor.mutators.ArgumentPropagationMutator,add,4233,NO_COVERAGE,none
ArrayUtils.java,org.apache.commons.lang3.ArrayUtils,org.pitest.mutationtest.engine.gregor.mutators.NonVoidMethodCallMutator,add,4233,NO_COVERAGE,none
ArrayUtils.java,org.apache.commons.lang3.ArrayUtils,org.pitest.mutationtest.engine.gregor.mutators.NonVoidMethodCallMutator,add,4233,NO_COVERAGE,none
ArrayUtils.java,org.apache.commons.lang3.ArrayUtils,org.pitest.mutationtest.engine.gregor.mutators.NullReturnValsMutator,add,4233,NO_COVERAGE,none
ArrayUtils.java,org.apache.commons.lang3.ArrayUtils,org.pitest.mutationtest.engine.gregor.mutators.ReturnValsMutator,add,4233,NO_COVERAGE,none
ArrayUtils.java,org.apache.commons.lang3.ArrayUtils,org.pitest.mutationtest.engine.gregor.mutators.ArgumentPropagationMutator,add,3897,NO_COVERAGE,none
ArrayUtils.java,org.apache.commons.lang3.ArrayUtils,org.pitest.mutationtest.engine.gregor.mutators.InlineConstantMutator,add,3898,NO_COVERAGE,none
ArrayUtils.java,org.apache.commons.lang3.ArrayUtils,org.pitest.mutationtest.engine.gregor.mutators.MathMutator,add,3898,NO_COVERAGE,none
ArrayUtils.java,org.apache.commons.lang3.ArrayUtils,org.pitest.mutationtest.engine.gregor.mutators.NonVoidMethodCallMutator,add,3897,NO_COVERAGE,none
ArrayUtils.java,org.apache.commons.lang3.ArrayUtils,org.pitest.mutationtest.engine.gregor.mutators.NullReturnValsMutator,add,3899,NO_COVERAGE,none
ArrayUtils.java,org.apache.commons.lang3.ArrayUtils,org.pitest.mutationtest.engine.gregor.mutators.ReturnValsMutator,add,3899,NO_COVERAGE,none
ArrayUtils.java,org.apache.commons.lang3.ArrayUtils,org.pitest.mutationtest.engine.gregor.mutators.ArgumentPropagationMutator,add,4171,NO_COVERAGE,none
ArrayUtils.java,org.apache.commons.lang3.ArrayUtils,org.pitest.mutationtest.engine.gregor.mutators.NonVoidMethodCallMutator,add,4171,NO_COVERAGE,none
ArrayUtils.java,org.apache.commons.lang3.ArrayUtils,org.pitest.mutationtest.engine.gregor.mutators.NonVoidMethodCallMutator,add,4171,NO_COVERAGE,none
ArrayUtils.java,org.apache.commons.lang3.ArrayUtils,org.pitest.mutationtest.engine.gregor.mutators.NullReturnValsMutator,add,4171,NO_COVERAGE,none
ArrayUtils.java,org.apache.commons.lang3.ArrayUtils,org.pitest.mutationtest.engine.gregor.mutators.ReturnValsMutator,add,4171,NO_COVERAGE,none
ArrayUtils.java,org.apache.commons.lang3.ArrayUtils,org.pitest.mutationtest.engine.gregor.mutators.ArgumentPropagationMutator,add,4202,NO_COVERAGE,none
ArrayUtils.java,org.apache.commons.lang3.ArrayUtils,org.pitest.mutationtest.engine.gregor.mutators.NonVoidMethodCallMutator,add,4202,NO_COVERAGE,none
ArrayUtils.java,org.apache.commons.lang3.ArrayUtils,org.pitest.mutationtest.engine.gregor.mutators.NonVoidMethodCallMutator,add,4202,NO_COVERAGE,none
ArrayUtils.java,org.apache.commons.lang3.ArrayUtils,org.pitest.mutationtest.engine.gregor.mutators.NullReturnValsMutator,add,4202,NO_COVERAGE,none
ArrayUtils.java,org.apache.commons.lang3.ArrayUtils,org.pitest.mutationtest.engine.gregor.mutators.ReturnValsMutator,add,4202,NO_COVERAGE,none
ArrayUtils.java,org.apache.commons.lang3.ArrayUtils,org.pitest.mutationtest.engine.gregor.mutators.ArgumentPropagationMutator,add,3924,NO_COVERAGE,none
ArrayUtils.java,org.apache.commons.lang3.ArrayUtils,org.pitest.mutationtest.engine.gregor.mutators.InlineConstantMutator,add,3925,NO_COVERAGE,none
ArrayUtils.java,org.apache.commons.lang3.ArrayUtils,org.pitest.mutationtest.engine.gregor.mutators.MathMutator,add,3925,NO_COVERAGE,none
ArrayUtils.java,org.apache.commons.lang3.ArrayUtils,org.pitest.mutationtest.engine.gregor.mutators.NonVoidMethodCallMutator,add,3924,NO_COVERAGE,none
ArrayUtils.java,org.apache.commons.lang3.ArrayUtils,org.pitest.mutationtest.engine.gregor.mutators.NullReturnValsMutator,add,3926,NO_COVERAGE,none
ArrayUtils.java,org.apache.commons.lang3.ArrayUtils,org.pitest.mutationtest.engine.gregor.mutators.ReturnValsMutator,add,3926,NO_COVERAGE,none
ArrayUtils.java,org.apache.commons.lang3.ArrayUtils,org.pitest.mutationtest.engine.gregor.mutators.ArgumentPropagationMutator,add,4014,NO_COVERAGE,none
ArrayUtils.java,org.apache.commons.lang3.ArrayUtils,org.pitest.mutationtest.engine.gregor.mutators.ConstructorCallMutator,add,4011,NO_COVERAGE,none
ArrayUtils.java,org.apache.commons.lang3.ArrayUtils,org.pitest.mutationtest.engine.gregor.mutators.NegateConditionalsMutator,add,4006,NO_COVERAGE,none
ArrayUtils.java,org.apache.commons.lang3.ArrayUtils,org.pitest.mutationtest.engine.gregor.mutators.NegateConditionalsMutator,add,4008,NO_COVERAGE,none
ArrayUtils.java,org.apache.commons.lang3.ArrayUtils,org.pitest.mutationtest.engine.gregor.mutators.NonVoidMethodCallMutator,add,4007,NO_COVERAGE,none
ArrayUtils.java,org.apache.commons.lang3.ArrayUtils,org.pitest.mutationtest.engine.gregor.mutators.NonVoidMethodCallMutator,add,4007,NO_COVERAGE,none
ArrayUtils.java,org.apache.commons.lang3.ArrayUtils,org.pitest.mutationtest.engine.gregor.mutators.NonVoidMethodCallMutator,add,4009,NO_COVERAGE,none
ArrayUtils.java,org.apache.commons.lang3.ArrayUtils,org.pitest.mutationtest.engine.gregor.mutators.NonVoidMethodCallMutator,add,4014,NO_COVERAGE,none
ArrayUtils.java,org.apache.commons.lang3.ArrayUtils,org.pitest.mutationtest.engine.gregor.mutators.NullReturnValsMutator,add,4015,NO_COVERAGE,none
ArrayUtils.java,org.apache.commons.lang3.ArrayUtils,org.pitest.mutationtest.engine.gregor.mutators.RemoveConditionalMutator_EQUAL_ELSE,add,4006,NO_COVERAGE,none
ArrayUtils.java,org.apache.commons.lang3.ArrayUtils,org.pitest.mutationtest.engine.gregor.mutators.RemoveConditionalMutator_EQUAL_ELSE,add,4008,NO_COVERAGE,none
ArrayUtils.java,org.apache.commons.lang3.ArrayUtils,org.pitest.mutationtest.engine.gregor.mutators.RemoveConditionalMutator_EQUAL_IF,add,4006,NO_COVERAGE,none
ArrayUtils.java,org.apache.commons.lang3.ArrayUtils,org.pitest.mutationtest.engine.gregor.mutators.RemoveConditionalMutator_EQUAL_IF,add,4008,NO_COVERAGE,none
ArrayUtils.java,org.apache.commons.lang3.ArrayUtils,org.pitest.mutationtest.engine.gregor.mutators.ReturnValsMutator,add,4015,NO_COVERAGE,none
ArrayUtils.java,org.apache.commons.lang3.ArrayUtils,org.pitest.mutationtest.engine.gregor.mutators.experimental.NakedReceiverMutator,add,4007,NO_COVERAGE,none
ArrayUtils.java,org.apache.commons.lang3.ArrayUtils,org.pitest.mutationtest.engine.gregor.mutators.ArgumentPropagationMutator,add,3735,NO_COVERAGE,none
ArrayUtils.java,org.apache.commons.lang3.ArrayUtils,org.pitest.mutationtest.engine.gregor.mutators.ConstructorCallMutator,add,3732,NO_COVERAGE,none
ArrayUtils.java,org.apache.commons.lang3.ArrayUtils,org.pitest.mutationtest.engine.gregor.mutators.InlineConstantMutator,add,3736,NO_COVERAGE,none
ArrayUtils.java,org.apache.commons.lang3.ArrayUtils,org.pitest.mutationtest.engine.gregor.mutators.MathMutator,add,3736,NO_COVERAGE,none
ArrayUtils.java,org.apache.commons.lang3.ArrayUtils,org.pitest.mutationtest.engine.gregor.mutators.NegateConditionalsMutator,add,3727,NO_COVERAGE,none
ArrayUtils.java,org.apache.commons.lang3.ArrayUtils,org.pitest.mutationtest.engine.gregor.mutators.NegateConditionalsMutator,add,3729,NO_COVERAGE,none
ArrayUtils.java,org.apache.commons.lang3.ArrayUtils,org.pitest.mutationtest.engine.gregor.mutators.NonVoidMethodCallMutator,add,3728,NO_COVERAGE,none
ArrayUtils.java,org.apache.commons.lang3.ArrayUtils,org.pitest.mutationtest.engine.gregor.mutators.NonVoidMethodCallMutator,add,3730,NO_COVERAGE,none
ArrayUtils.java,org.apache.commons.lang3.ArrayUtils,org.pitest.mutationtest.engine.gregor.mutators.NonVoidMethodCallMutator,add,3735,NO_COVERAGE,none
ArrayUtils.java,org.apache.commons.lang3.ArrayUtils,org.pitest.mutationtest.engine.gregor.mutators.NullReturnValsMutator,add,3737,NO_COVERAGE,none
ArrayUtils.java,org.apache.commons.lang3.ArrayUtils,org.pitest.mutationtest.engine.gregor.mutators.RemoveConditionalMutator_EQUAL_ELSE,add,3727,NO_COVERAGE,none
ArrayUtils.java,org.apache.commons.lang3.ArrayUtils,org.pitest.mutationtest.engine.gregor.mutators.RemoveConditionalMutator_EQUAL_ELSE,add,3729,NO_COVERAGE,none
ArrayUtils.java,org.apache.commons.lang3.ArrayUtils,org.pitest.mutationtest.engine.gregor.mutators.RemoveConditionalMutator_EQUAL_IF,add,3727,NO_COVERAGE,none
ArrayUtils.java,org.apache.commons.lang3.ArrayUtils,org.pitest.mutationtest.engine.gregor.mutators.RemoveConditionalMutator_EQUAL_IF,add,3729,NO_COVERAGE,none
ArrayUtils.java,org.apache.commons.lang3.ArrayUtils,org.pitest.mutationtest.engine.gregor.mutators.ReturnValsMutator,add,3737,NO_COVERAGE,none
ArrayUtils.java,org.apache.commons.lang3.ArrayUtils,org.pitest.mutationtest.engine.gregor.mutators.ArgumentPropagationMutator,add,4140,NO_COVERAGE,none
ArrayUtils.java,org.apache.commons.lang3.ArrayUtils,org.pitest.mutationtest.engine.gregor.mutators.NonVoidMethodCallMutator,add,4140,NO_COVERAGE,none
ArrayUtils.java,org.apache.commons.lang3.ArrayUtils,org.pitest.mutationtest.engine.gregor.mutators.NonVoidMethodCallMutator,add,4140,NO_COVERAGE,none
ArrayUtils.java,org.apache.commons.lang3.ArrayUtils,org.pitest.mutationtest.engine.gregor.mutators.NullReturnValsMutator,add,4140,NO_COVERAGE,none
ArrayUtils.java,org.apache.commons.lang3.ArrayUtils,org.pitest.mutationtest.engine.gregor.mutators.ReturnValsMutator,add,4140,NO_COVERAGE,none
ArrayUtils.java,org.apache.commons.lang3.ArrayUtils,org.pitest.mutationtest.engine.gregor.mutators.ArgumentPropagationMutator,add,3951,NO_COVERAGE,none
ArrayUtils.java,org.apache.commons.lang3.ArrayUtils,org.pitest.mutationtest.engine.gregor.mutators.InlineConstantMutator,add,3952,NO_COVERAGE,none
ArrayUtils.java,org.apache.commons.lang3.ArrayUtils,org.pitest.mutationtest.engine.gregor.mutators.MathMutator,add,3952,NO_COVERAGE,none
ArrayUtils.java,org.apache.commons.lang3.ArrayUtils,org.pitest.mutationtest.engine.gregor.mutators.NonVoidMethodCallMutator,add,3951,NO_COVERAGE,none
ArrayUtils.java,org.apache.commons.lang3.ArrayUtils,org.pitest.mutationtest.engine.gregor.mutators.NullReturnValsMutator,add,3953,NO_COVERAGE,none
ArrayUtils.java,org.apache.commons.lang3.ArrayUtils,org.pitest.mutationtest.engine.gregor.mutators.ReturnValsMutator,add,3953,NO_COVERAGE,none
ArrayUtils.java,org.apache.commons.lang3.ArrayUtils,org.pitest.mutationtest.engine.gregor.mutators.ArgumentPropagationMutator,add,4046,NO_COVERAGE,none
ArrayUtils.java,org.apache.commons.lang3.ArrayUtils,org.pitest.mutationtest.engine.gregor.mutators.NonVoidMethodCallMutator,add,4046,NO_COVERAGE,none
ArrayUtils.java,org.apache.commons.lang3.ArrayUtils,org.pitest.mutationtest.engine.gregor.mutators.NonVoidMethodCallMutator,add,4046,NO_COVERAGE,none
ArrayUtils.java,org.apache.commons.lang3.ArrayUtils,org.pitest.mutationtest.engine.gregor.mutators.NullReturnValsMutator,add,4046,NO_COVERAGE,none
ArrayUtils.java,org.apache.commons.lang3.ArrayUtils,org.pitest.mutationtest.engine.gregor.mutators.ReturnValsMutator,add,4046,NO_COVERAGE,none
ArrayUtils.java,org.apache.commons.lang3.ArrayUtils,org.pitest.mutationtest.engine.gregor.mutators.ArgumentPropagationMutator,add,3762,NO_COVERAGE,none
ArrayUtils.java,org.apache.commons.lang3.ArrayUtils,org.pitest.mutationtest.engine.gregor.mutators.InlineConstantMutator,add,3763,NO_COVERAGE,none
ArrayUtils.java,org.apache.commons.lang3.ArrayUtils,org.pitest.mutationtest.engine.gregor.mutators.MathMutator,add,3763,NO_COVERAGE,none
ArrayUtils.java,org.apache.commons.lang3.ArrayUtils,org.pitest.mutationtest.engine.gregor.mutators.NonVoidMethodCallMutator,add,3762,NO_COVERAGE,none
ArrayUtils.java,org.apache.commons.lang3.ArrayUtils,org.pitest.mutationtest.engine.gregor.mutators.NullReturnValsMutator,add,3764,NO_COVERAGE,none
ArrayUtils.java,org.apache.commons.lang3.ArrayUtils,org.pitest.mutationtest.engine.gregor.mutators.ReturnValsMutator,add,3764,NO_COVERAGE,none
ArrayUtils.java,org.apache.commons.lang3.ArrayUtils,org.pitest.mutationtest.engine.gregor.mutators.ArgumentPropagationMutator,addAll,3542,NO_COVERAGE,none
ArrayUtils.java,org.apache.commons.lang3.ArrayUtils,org.pitest.mutationtest.engine.gregor.mutators.ArgumentPropagationMutator,addAll,3544,NO_COVERAGE,none
ArrayUtils.java,org.apache.commons.lang3.ArrayUtils,org.pitest.mutationtest.engine.gregor.mutators.InlineConstantMutator,addAll,3547,NO_COVERAGE,none
ArrayUtils.java,org.apache.commons.lang3.ArrayUtils,org.pitest.mutationtest.engine.gregor.mutators.InlineConstantMutator,addAll,3547,NO_COVERAGE,none
ArrayUtils.java,org.apache.commons.lang3.ArrayUtils,org.pitest.mutationtest.engine.gregor.mutators.InlineConstantMutator,addAll,3548,NO_COVERAGE,none
ArrayUtils.java,org.apache.commons.lang3.ArrayUtils,org.pitest.mutationtest.engine.gregor.mutators.MathMutator,addAll,3546,NO_COVERAGE,none
ArrayUtils.java,org.apache.commons.lang3.ArrayUtils,org.pitest.mutationtest.engine.gregor.mutators.NegateConditionalsMutator,addAll,3541,NO_COVERAGE,none
ArrayUtils.java,org.apache.commons.lang3.ArrayUtils,org.pitest.mutationtest.engine.gregor.mutators.NegateConditionalsMutator,addAll,3543,NO_COVERAGE,none
ArrayUtils.java,org.apache.commons.lang3.ArrayUtils,org.pitest.mutationtest.engine.gregor.mutators.NonVoidMethodCallMutator,addAll,3542,NO_COVERAGE,none
ArrayUtils.java,org.apache.commons.lang3.ArrayUtils,org.pitest.mutationtest.engine.gregor.mutators.NonVoidMethodCallMutator,addAll,3544,NO_COVERAGE,none
ArrayUtils.java,org.apache.commons.lang3.ArrayUtils,org.pitest.mutationtest.engine.gregor.mutators.NullReturnValsMutator,addAll,3542,NO_COVERAGE,none
ArrayUtils.java,org.apache.commons.lang3.ArrayUtils,org.pitest.mutationtest.engine.gregor.mutators.NullReturnValsMutator,addAll,3544,NO_COVERAGE,none
ArrayUtils.java,org.apache.commons.lang3.ArrayUtils,org.pitest.mutationtest.engine.gregor.mutators.NullReturnValsMutator,addAll,3549,NO_COVERAGE,none
ArrayUtils.java,org.apache.commons.lang3.ArrayUtils,org.pitest.mutationtest.engine.gregor.mutators.RemoveConditionalMutator_EQUAL_ELSE,addAll,3541,NO_COVERAGE,none
ArrayUtils.java,org.apache.commons.lang3.ArrayUtils,org.pitest.mutationtest.engine.gregor.mutators.RemoveConditionalMutator_EQUAL_ELSE,addAll,3543,NO_COVERAGE,none
ArrayUtils.java,org.apache.commons.lang3.ArrayUtils,org.pitest.mutationtest.engine.gregor.mutators.RemoveConditionalMutator_EQUAL_IF,addAll,3541,NO_COVERAGE,none
ArrayUtils.java,org.apache.commons.lang3.ArrayUtils,org.pitest.mutationtest.engine.gregor.mutators.RemoveConditionalMutator_EQUAL_IF,addAll,3543,NO_COVERAGE,none
ArrayUtils.java,org.apache.commons.lang3.ArrayUtils,org.pitest.mutationtest.engine.gregor.mutators.ReturnValsMutator,addAll,3542,NO_COVERAGE,none
ArrayUtils.java,org.apache.commons.lang3.ArrayUtils,org.pitest.mutationtest.engine.gregor.mutators.ReturnValsMutator,addAll,3544,NO_COVERAGE,none
ArrayUtils.java,org.apache.commons.lang3.ArrayUtils,org.pitest.mutationtest.engine.gregor.mutators.ReturnValsMutator,addAll,3549,NO_COVERAGE,none
ArrayUtils.java,org.apache.commons.lang3.ArrayUtils,org.pitest.mutationtest.engine.gregor.mutators.VoidMethodCallMutator,addAll,3547,NO_COVERAGE,none
ArrayUtils.java,org.apache.commons.lang3.ArrayUtils,org.pitest.mutationtest.engine.gregor.mutators.VoidMethodCallMutator,addAll,3548,NO_COVERAGE,none
ArrayUtils.java,org.apache.commons.lang3.ArrayUtils,org.pitest.mutationtest.engine.gregor.mutators.ArgumentPropagationMutator,addAll,3513,NO_COVERAGE,none
ArrayUtils.java,org.apache.commons.lang3.ArrayUtils,org.pitest.mutationtest.engine.gregor.mutators.ArgumentPropagationMutator,addAll,3515,NO_COVERAGE,none
ArrayUtils.java,org.apache.commons.lang3.ArrayUtils,org.pitest.mutationtest.engine.gregor.mutators.InlineConstantMutator,addAll,3518,NO_COVERAGE,none
ArrayUtils.java,org.apache.commons.lang3.ArrayUtils,org.pitest.mutationtest.engine.gregor.mutators.InlineConstantMutator,addAll,3518,NO_COVERAGE,none
ArrayUtils.java,org.apache.commons.lang3.ArrayUtils,org.pitest.mutationtest.engine.gregor.mutators.InlineConstantMutator,addAll,3519,NO_COVERAGE,none
ArrayUtils.java,org.apache.commons.lang3.ArrayUtils,org.pitest.mutationtest.engine.gregor.mutators.MathMutator,addAll,3517,NO_COVERAGE,none
ArrayUtils.java,org.apache.commons.lang3.ArrayUtils,org.pitest.mutationtest.engine.gregor.mutators.NegateConditionalsMutator,addAll,3512,NO_COVERAGE,none
ArrayUtils.java,org.apache.commons.lang3.ArrayUtils,org.pitest.mutationtest.engine.gregor.mutators.NegateConditionalsMutator,addAll,3514,NO_COVERAGE,none
ArrayUtils.java,org.apache.commons.lang3.ArrayUtils,org.pitest.mutationtest.engine.gregor.mutators.NonVoidMethodCallMutator,addAll,3513,NO_COVERAGE,none
ArrayUtils.java,org.apache.commons.lang3.ArrayUtils,org.pitest.mutationtest.engine.gregor.mutators.NonVoidMethodCallMutator,addAll,3515,NO_COVERAGE,none
ArrayUtils.java,org.apache.commons.lang3.ArrayUtils,org.pitest.mutationtest.engine.gregor.mutators.NullReturnValsMutator,addAll,3513,NO_COVERAGE,none
ArrayUtils.java,org.apache.commons.lang3.ArrayUtils,org.pitest.mutationtest.engine.gregor.mutators.NullReturnValsMutator,addAll,3515,NO_COVERAGE,none
ArrayUtils.java,org.apache.commons.lang3.ArrayUtils,org.pitest.mutationtest.engine.gregor.mutators.NullReturnValsMutator,addAll,3520,NO_COVERAGE,none
ArrayUtils.java,org.apache.commons.lang3.ArrayUtils,org.pitest.mutationtest.engine.gregor.mutators.RemoveConditionalMutator_EQUAL_ELSE,addAll,3512,NO_COVERAGE,none
ArrayUtils.java,org.apache.commons.lang3.ArrayUtils,org.pitest.mutationtest.engine.gregor.mutators.RemoveConditionalMutator_EQUAL_ELSE,addAll,3514,NO_COVERAGE,none
ArrayUtils.java,org.apache.commons.lang3.ArrayUtils,org.pitest.mutationtest.engine.gregor.mutators.RemoveConditionalMutator_EQUAL_IF,addAll,3512,NO_COVERAGE,none
ArrayUtils.java,org.apache.commons.lang3.ArrayUtils,org.pitest.mutationtest.engine.gregor.mutators.RemoveConditionalMutator_EQUAL_IF,addAll,3514,NO_COVERAGE,none
ArrayUtils.java,org.apache.commons.lang3.ArrayUtils,org.pitest.mutationtest.engine.gregor.mutators.ReturnValsMutator,addAll,3513,NO_COVERAGE,none
ArrayUtils.java,org.apache.commons.lang3.ArrayUtils,org.pitest.mutationtest.engine.gregor.mutators.ReturnValsMutator,addAll,3515,NO_COVERAGE,none
ArrayUtils.java,org.apache.commons.lang3.ArrayUtils,org.pitest.mutationtest.engine.gregor.mutators.ReturnValsMutator,addAll,3520,NO_COVERAGE,none
ArrayUtils.java,org.apache.commons.lang3.ArrayUtils,org.pitest.mutationtest.engine.gregor.mutators.VoidMethodCallMutator,addAll,3518,NO_COVERAGE,none
ArrayUtils.java,org.apache.commons.lang3.ArrayUtils,org.pitest.mutationtest.engine.gregor.mutators.VoidMethodCallMutator,addAll,3519,NO_COVERAGE,none
ArrayUtils.java,org.apache.commons.lang3.ArrayUtils,org.pitest.mutationtest.engine.gregor.mutators.ArgumentPropagationMutator,addAll,3687,NO_COVERAGE,none
ArrayUtils.java,org.apache.commons.lang3.ArrayUtils,org.pitest.mutationtest.engine.gregor.mutators.ArgumentPropagationMutator,addAll,3689,NO_COVERAGE,none
ArrayUtils.java,org.apache.commons.lang3.ArrayUtils,org.pitest.mutationtest.engine.gregor.mutators.InlineConstantMutator,addAll,3692,NO_COVERAGE,none
ArrayUtils.java,org.apache.commons.lang3.ArrayUtils,org.pitest.mutationtest.engine.gregor.mutators.InlineConstantMutator,addAll,3692,NO_COVERAGE,none
ArrayUtils.java,org.apache.commons.lang3.ArrayUtils,org.pitest.mutationtest.engine.gregor.mutators.InlineConstantMutator,addAll,3693,NO_COVERAGE,none
ArrayUtils.java,org.apache.commons.lang3.ArrayUtils,org.pitest.mutationtest.engine.gregor.mutators.MathMutator,addAll,3691,NO_COVERAGE,none
ArrayUtils.java,org.apache.commons.lang3.ArrayUtils,org.pitest.mutationtest.engine.gregor.mutators.NegateConditionalsMutator,addAll,3686,NO_COVERAGE,none
ArrayUtils.java,org.apache.commons.lang3.ArrayUtils,org.pitest.mutationtest.engine.gregor.mutators.NegateConditionalsMutator,addAll,3688,NO_COVERAGE,none
ArrayUtils.java,org.apache.commons.lang3.ArrayUtils,org.pitest.mutationtest.engine.gregor.mutators.NonVoidMethodCallMutator,addAll,3687,NO_COVERAGE,none
ArrayUtils.java,org.apache.commons.lang3.ArrayUtils,org.pitest.mutationtest.engine.gregor.mutators.NonVoidMethodCallMutator,addAll,3689,NO_COVERAGE,none
ArrayUtils.java,org.apache.commons.lang3.ArrayUtils,org.pitest.mutationtest.engine.gregor.mutators.NullReturnValsMutator,addAll,3687,NO_COVERAGE,none
ArrayUtils.java,org.apache.commons.lang3.ArrayUtils,org.pitest.mutationtest.engine.gregor.mutators.NullReturnValsMutator,addAll,3689,NO_COVERAGE,none
ArrayUtils.java,org.apache.commons.lang3.ArrayUtils,org.pitest.mutationtest.engine.gregor.mutators.NullReturnValsMutator,addAll,3694,NO_COVERAGE,none
ArrayUtils.java,org.apache.commons.lang3.ArrayUtils,org.pitest.mutationtest.engine.gregor.mutators.RemoveConditionalMutator_EQUAL_ELSE,addAll,3686,NO_COVERAGE,none
ArrayUtils.java,org.apache.commons.lang3.ArrayUtils,org.pitest.mutationtest.engine.gregor.mutators.RemoveConditionalMutator_EQUAL_ELSE,addAll,3688,NO_COVERAGE,none
ArrayUtils.java,org.apache.commons.lang3.ArrayUtils,org.pitest.mutationtest.engine.gregor.mutators.RemoveConditionalMutator_EQUAL_IF,addAll,3686,NO_COVERAGE,none
ArrayUtils.java,org.apache.commons.lang3.ArrayUtils,org.pitest.mutationtest.engine.gregor.mutators.RemoveConditionalMutator_EQUAL_IF,addAll,3688,NO_COVERAGE,none
ArrayUtils.java,org.apache.commons.lang3.ArrayUtils,org.pitest.mutationtest.engine.gregor.mutators.ReturnValsMutator,addAll,3687,NO_COVERAGE,none
ArrayUtils.java,org.apache.commons.lang3.ArrayUtils,org.pitest.mutationtest.engine.gregor.mutators.ReturnValsMutator,addAll,3689,NO_COVERAGE,none
ArrayUtils.java,org.apache.commons.lang3.ArrayUtils,org.pitest.mutationtest.engine.gregor.mutators.ReturnValsMutator,addAll,3694,NO_COVERAGE,none
ArrayUtils.java,org.apache.commons.lang3.ArrayUtils,org.pitest.mutationtest.engine.gregor.mutators.VoidMethodCallMutator,addAll,3692,NO_COVERAGE,none
ArrayUtils.java,org.apache.commons.lang3.ArrayUtils,org.pitest.mutationtest.engine.gregor.mutators.VoidMethodCallMutator,addAll,3693,NO_COVERAGE,none
ArrayUtils.java,org.apache.commons.lang3.ArrayUtils,org.pitest.mutationtest.engine.gregor.mutators.ArgumentPropagationMutator,addAll,3658,NO_COVERAGE,none
ArrayUtils.java,org.apache.commons.lang3.ArrayUtils,org.pitest.mutationtest.engine.gregor.mutators.ArgumentPropagationMutator,addAll,3660,NO_COVERAGE,none
ArrayUtils.java,org.apache.commons.lang3.ArrayUtils,org.pitest.mutationtest.engine.gregor.mutators.InlineConstantMutator,addAll,3663,NO_COVERAGE,none
ArrayUtils.java,org.apache.commons.lang3.ArrayUtils,org.pitest.mutationtest.engine.gregor.mutators.InlineConstantMutator,addAll,3663,NO_COVERAGE,none
ArrayUtils.java,org.apache.commons.lang3.ArrayUtils,org.pitest.mutationtest.engine.gregor.mutators.InlineConstantMutator,addAll,3664,NO_COVERAGE,none
ArrayUtils.java,org.apache.commons.lang3.ArrayUtils,org.pitest.mutationtest.engine.gregor.mutators.MathMutator,addAll,3662,NO_COVERAGE,none
ArrayUtils.java,org.apache.commons.lang3.ArrayUtils,org.pitest.mutationtest.engine.gregor.mutators.NegateConditionalsMutator,addAll,3657,NO_COVERAGE,none
ArrayUtils.java,org.apache.commons.lang3.ArrayUtils,org.pitest.mutationtest.engine.gregor.mutators.NegateConditionalsMutator,addAll,3659,NO_COVERAGE,none
ArrayUtils.java,org.apache.commons.lang3.ArrayUtils,org.pitest.mutationtest.engine.gregor.mutators.NonVoidMethodCallMutator,addAll,3658,NO_COVERAGE,none
ArrayUtils.java,org.apache.commons.lang3.ArrayUtils,org.pitest.mutationtest.engine.gregor.mutators.NonVoidMethodCallMutator,addAll,3660,NO_COVERAGE,none
ArrayUtils.java,org.apache.commons.lang3.ArrayUtils,org.pitest.mutationtest.engine.gregor.mutators.NullReturnValsMutator,addAll,3658,NO_COVERAGE,none
ArrayUtils.java,org.apache.commons.lang3.ArrayUtils,org.pitest.mutationtest.engine.gregor.mutators.NullReturnValsMutator,addAll,3660,NO_COVERAGE,none
ArrayUtils.java,org.apache.commons.lang3.ArrayUtils,org.pitest.mutationtest.engine.gregor.mutators.NullReturnValsMutator,addAll,3665,NO_COVERAGE,none
ArrayUtils.java,org.apache.commons.lang3.ArrayUtils,org.pitest.mutationtest.engine.gregor.mutators.RemoveConditionalMutator_EQUAL_ELSE,addAll,3657,NO_COVERAGE,none
ArrayUtils.java,org.apache.commons.lang3.ArrayUtils,org.pitest.mutationtest.engine.gregor.mutators.RemoveConditionalMutator_EQUAL_ELSE,addAll,3659,NO_COVERAGE,none
ArrayUtils.java,org.apache.commons.lang3.ArrayUtils,org.pitest.mutationtest.engine.gregor.mutators.RemoveConditionalMutator_EQUAL_IF,addAll,3657,NO_COVERAGE,none
ArrayUtils.java,org.apache.commons.lang3.ArrayUtils,org.pitest.mutationtest.engine.gregor.mutators.RemoveConditionalMutator_EQUAL_IF,addAll,3659,NO_COVERAGE,none
ArrayUtils.java,org.apache.commons.lang3.ArrayUtils,org.pitest.mutationtest.engine.gregor.mutators.ReturnValsMutator,addAll,3658,NO_COVERAGE,none
ArrayUtils.java,org.apache.commons.lang3.ArrayUtils,org.pitest.mutationtest.engine.gregor.mutators.ReturnValsMutator,addAll,3660,NO_COVERAGE,none
ArrayUtils.java,org.apache.commons.lang3.ArrayUtils,org.pitest.mutationtest.engine.gregor.mutators.ReturnValsMutator,addAll,3665,NO_COVERAGE,none
ArrayUtils.java,org.apache.commons.lang3.ArrayUtils,org.pitest.mutationtest.engine.gregor.mutators.VoidMethodCallMutator,addAll,3663,NO_COVERAGE,none
ArrayUtils.java,org.apache.commons.lang3.ArrayUtils,org.pitest.mutationtest.engine.gregor.mutators.VoidMethodCallMutator,addAll,3664,NO_COVERAGE,none
ArrayUtils.java,org.apache.commons.lang3.ArrayUtils,org.pitest.mutationtest.engine.gregor.mutators.ArgumentPropagationMutator,addAll,3600,NO_COVERAGE,none
ArrayUtils.java,org.apache.commons.lang3.ArrayUtils,org.pitest.mutationtest.engine.gregor.mutators.ArgumentPropagationMutator,addAll,3602,NO_COVERAGE,none
ArrayUtils.java,org.apache.commons.lang3.ArrayUtils,org.pitest.mutationtest.engine.gregor.mutators.InlineConstantMutator,addAll,3605,NO_COVERAGE,none
ArrayUtils.java,org.apache.commons.lang3.ArrayUtils,org.pitest.mutationtest.engine.gregor.mutators.InlineConstantMutator,addAll,3605,NO_COVERAGE,none
ArrayUtils.java,org.apache.commons.lang3.ArrayUtils,org.pitest.mutationtest.engine.gregor.mutators.InlineConstantMutator,addAll,3606,NO_COVERAGE,none
ArrayUtils.java,org.apache.commons.lang3.ArrayUtils,org.pitest.mutationtest.engine.gregor.mutators.MathMutator,addAll,3604,NO_COVERAGE,none
ArrayUtils.java,org.apache.commons.lang3.ArrayUtils,org.pitest.mutationtest.engine.gregor.mutators.NegateConditionalsMutator,addAll,3599,NO_COVERAGE,none
ArrayUtils.java,org.apache.commons.lang3.ArrayUtils,org.pitest.mutationtest.engine.gregor.mutators.NegateConditionalsMutator,addAll,3601,NO_COVERAGE,none
ArrayUtils.java,org.apache.commons.lang3.ArrayUtils,org.pitest.mutationtest.engine.gregor.mutators.NonVoidMethodCallMutator,addAll,3600,NO_COVERAGE,none
ArrayUtils.java,org.apache.commons.lang3.ArrayUtils,org.pitest.mutationtest.engine.gregor.mutators.NonVoidMethodCallMutator,addAll,3602,NO_COVERAGE,none
ArrayUtils.java,org.apache.commons.lang3.ArrayUtils,org.pitest.mutationtest.engine.gregor.mutators.NullReturnValsMutator,addAll,3600,NO_COVERAGE,none
ArrayUtils.java,org.apache.commons.lang3.ArrayUtils,org.pitest.mutationtest.engine.gregor.mutators.NullReturnValsMutator,addAll,3602,NO_COVERAGE,none
ArrayUtils.java,org.apache.commons.lang3.ArrayUtils,org.pitest.mutationtest.engine.gregor.mutators.NullReturnValsMutator,addAll,3607,NO_COVERAGE,none
ArrayUtils.java,org.apache.commons.lang3.ArrayUtils,org.pitest.mutationtest.engine.gregor.mutators.RemoveConditionalMutator_EQUAL_ELSE,addAll,3599,NO_COVERAGE,none
ArrayUtils.java,org.apache.commons.lang3.ArrayUtils,org.pitest.mutationtest.engine.gregor.mutators.RemoveConditionalMutator_EQUAL_ELSE,addAll,3601,NO_COVERAGE,none
ArrayUtils.java,org.apache.commons.lang3.ArrayUtils,org.pitest.mutationtest.engine.gregor.mutators.RemoveConditionalMutator_EQUAL_IF,addAll,3599,NO_COVERAGE,none
ArrayUtils.java,org.apache.commons.lang3.ArrayUtils,org.pitest.mutationtest.engine.gregor.mutators.RemoveConditionalMutator_EQUAL_IF,addAll,3601,NO_COVERAGE,none
ArrayUtils.java,org.apache.commons.lang3.ArrayUtils,org.pitest.mutationtest.engine.gregor.mutators.ReturnValsMutator,addAll,3600,NO_COVERAGE,none
ArrayUtils.java,org.apache.commons.lang3.ArrayUtils,org.pitest.mutationtest.engine.gregor.mutators.ReturnValsMutator,addAll,3602,NO_COVERAGE,none
ArrayUtils.java,org.apache.commons.lang3.ArrayUtils,org.pitest.mutationtest.engine.gregor.mutators.ReturnValsMutator,addAll,3607,NO_COVERAGE,none
ArrayUtils.java,org.apache.commons.lang3.ArrayUtils,org.pitest.mutationtest.engine.gregor.mutators.VoidMethodCallMutator,addAll,3605,NO_COVERAGE,none
ArrayUtils.java,org.apache.commons.lang3.ArrayUtils,org.pitest.mutationtest.engine.gregor.mutators.VoidMethodCallMutator,addAll,3606,NO_COVERAGE,none
ArrayUtils.java,org.apache.commons.lang3.ArrayUtils,org.pitest.mutationtest.engine.gregor.mutators.ArgumentPropagationMutator,addAll,3629,NO_COVERAGE,none
ArrayUtils.java,org.apache.commons.lang3.ArrayUtils,org.pitest.mutationtest.engine.gregor.mutators.ArgumentPropagationMutator,addAll,3631,NO_COVERAGE,none
ArrayUtils.java,org.apache.commons.lang3.ArrayUtils,org.pitest.mutationtest.engine.gregor.mutators.InlineConstantMutator,addAll,3634,NO_COVERAGE,none
ArrayUtils.java,org.apache.commons.lang3.ArrayUtils,org.pitest.mutationtest.engine.gregor.mutators.InlineConstantMutator,addAll,3634,NO_COVERAGE,none
ArrayUtils.java,org.apache.commons.lang3.ArrayUtils,org.pitest.mutationtest.engine.gregor.mutators.InlineConstantMutator,addAll,3635,NO_COVERAGE,none
ArrayUtils.java,org.apache.commons.lang3.ArrayUtils,org.pitest.mutationtest.engine.gregor.mutators.MathMutator,addAll,3633,NO_COVERAGE,none
ArrayUtils.java,org.apache.commons.lang3.ArrayUtils,org.pitest.mutationtest.engine.gregor.mutators.NegateConditionalsMutator,addAll,3628,NO_COVERAGE,none
ArrayUtils.java,org.apache.commons.lang3.ArrayUtils,org.pitest.mutationtest.engine.gregor.mutators.NegateConditionalsMutator,addAll,3630,NO_COVERAGE,none
ArrayUtils.java,org.apache.commons.lang3.ArrayUtils,org.pitest.mutationtest.engine.gregor.mutators.NonVoidMethodCallMutator,addAll,3629,NO_COVERAGE,none
ArrayUtils.java,org.apache.commons.lang3.ArrayUtils,org.pitest.mutationtest.engine.gregor.mutators.NonVoidMethodCallMutator,addAll,3631,NO_COVERAGE,none
ArrayUtils.java,org.apache.commons.lang3.ArrayUtils,org.pitest.mutationtest.engine.gregor.mutators.NullReturnValsMutator,addAll,3629,NO_COVERAGE,none
ArrayUtils.java,org.apache.commons.lang3.ArrayUtils,org.pitest.mutationtest.engine.gregor.mutators.NullReturnValsMutator,addAll,3631,NO_COVERAGE,none
ArrayUtils.java,org.apache.commons.lang3.ArrayUtils,org.pitest.mutationtest.engine.gregor.mutators.NullReturnValsMutator,addAll,3636,NO_COVERAGE,none
ArrayUtils.java,org.apache.commons.lang3.ArrayUtils,org.pitest.mutationtest.engine.gregor.mutators.RemoveConditionalMutator_EQUAL_ELSE,addAll,3628,NO_COVERAGE,none
ArrayUtils.java,org.apache.commons.lang3.ArrayUtils,org.pitest.mutationtest.engine.gregor.mutators.RemoveConditionalMutator_EQUAL_ELSE,addAll,3630,NO_COVERAGE,none
ArrayUtils.java,org.apache.commons.lang3.ArrayUtils,org.pitest.mutationtest.engine.gregor.mutators.RemoveConditionalMutator_EQUAL_IF,addAll,3628,NO_COVERAGE,none
ArrayUtils.java,org.apache.commons.lang3.ArrayUtils,org.pitest.mutationtest.engine.gregor.mutators.RemoveConditionalMutator_EQUAL_IF,addAll,3630,NO_COVERAGE,none
ArrayUtils.java,org.apache.commons.lang3.ArrayUtils,org.pitest.mutationtest.engine.gregor.mutators.ReturnValsMutator,addAll,3629,NO_COVERAGE,none
ArrayUtils.java,org.apache.commons.lang3.ArrayUtils,org.pitest.mutationtest.engine.gregor.mutators.ReturnValsMutator,addAll,3631,NO_COVERAGE,none
ArrayUtils.java,org.apache.commons.lang3.ArrayUtils,org.pitest.mutationtest.engine.gregor.mutators.ReturnValsMutator,addAll,3636,NO_COVERAGE,none
ArrayUtils.java,org.apache.commons.lang3.ArrayUtils,org.pitest.mutationtest.engine.gregor.mutators.VoidMethodCallMutator,addAll,3634,NO_COVERAGE,none
ArrayUtils.java,org.apache.commons.lang3.ArrayUtils,org.pitest.mutationtest.engine.gregor.mutators.VoidMethodCallMutator,addAll,3635,NO_COVERAGE,none
ArrayUtils.java,org.apache.commons.lang3.ArrayUtils,org.pitest.mutationtest.engine.gregor.mutators.ArgumentPropagationMutator,addAll,3439,NO_COVERAGE,none
ArrayUtils.java,org.apache.commons.lang3.ArrayUtils,org.pitest.mutationtest.engine.gregor.mutators.ArgumentPropagationMutator,addAll,3441,NO_COVERAGE,none
ArrayUtils.java,org.apache.commons.lang3.ArrayUtils,org.pitest.mutationtest.engine.gregor.mutators.ConstructorCallMutator,addAll,3458,NO_COVERAGE,none
ArrayUtils.java,org.apache.commons.lang3.ArrayUtils,org.pitest.mutationtest.engine.gregor.mutators.ConstructorCallMutator,addAll,3458,NO_COVERAGE,none
ArrayUtils.java,org.apache.commons.lang3.ArrayUtils,org.pitest.mutationtest.engine.gregor.mutators.InlineConstantMutator,addAll,3446,NO_COVERAGE,none
ArrayUtils.java,org.apache.commons.lang3.ArrayUtils,org.pitest.mutationtest.engine.gregor.mutators.InlineConstantMutator,addAll,3446,NO_COVERAGE,none
ArrayUtils.java,org.apache.commons.lang3.ArrayUtils,org.pitest.mutationtest.engine.gregor.mutators.InlineConstantMutator,addAll,3448,NO_COVERAGE,none
ArrayUtils.java,org.apache.commons.lang3.ArrayUtils,org.pitest.mutationtest.engine.gregor.mutators.MathMutator,addAll,3445,NO_COVERAGE,none
ArrayUtils.java,org.apache.commons.lang3.ArrayUtils,org.pitest.mutationtest.engine.gregor.mutators.NegateConditionalsMutator,addAll,3438,NO_COVERAGE,none
ArrayUtils.java,org.apache.commons.lang3.ArrayUtils,org.pitest.mutationtest.engine.gregor.mutators.NegateConditionalsMutator,addAll,3440,NO_COVERAGE,none
ArrayUtils.java,org.apache.commons.lang3.ArrayUtils,org.pitest.mutationtest.engine.gregor.mutators.NegateConditionalsMutator,addAll,3457,NO_COVERAGE,none
ArrayUtils.java,org.apache.commons.lang3.ArrayUtils,org.pitest.mutationtest.engine.gregor.mutators.NonVoidMethodCallMutator,addAll,3439,NO_COVERAGE,none
ArrayUtils.java,org.apache.commons.lang3.ArrayUtils,org.pitest.mutationtest.engine.gregor.mutators.NonVoidMethodCallMutator,addAll,3441,NO_COVERAGE,none
ArrayUtils.java,org.apache.commons.lang3.ArrayUtils,org.pitest.mutationtest.engine.gregor.mutators.NonVoidMethodCallMutator,addAll,3443,NO_COVERAGE,none
ArrayUtils.java,org.apache.commons.lang3.ArrayUtils,org.pitest.mutationtest.engine.gregor.mutators.NonVoidMethodCallMutator,addAll,3443,NO_COVERAGE,none
ArrayUtils.java,org.apache.commons.lang3.ArrayUtils,org.pitest.mutationtest.engine.gregor.mutators.NonVoidMethodCallMutator,addAll,3445,NO_COVERAGE,none
ArrayUtils.java,org.apache.commons.lang3.ArrayUtils,org.pitest.mutationtest.engine.gregor.mutators.NonVoidMethodCallMutator,addAll,3456,NO_COVERAGE,none
ArrayUtils.java,org.apache.commons.lang3.ArrayUtils,org.pitest.mutationtest.engine.gregor.mutators.NonVoidMethodCallMutator,addAll,3456,NO_COVERAGE,none
ArrayUtils.java,org.apache.commons.lang3.ArrayUtils,org.pitest.mutationtest.engine.gregor.mutators.NonVoidMethodCallMutator,addAll,3457,NO_COVERAGE,none
ArrayUtils.java,org.apache.commons.lang3.ArrayUtils,org.pitest.mutationtest.engine.gregor.mutators.NonVoidMethodCallMutator,addAll,3458,NO_COVERAGE,none
ArrayUtils.java,org.apache.commons.lang3.ArrayUtils,org.pitest.mutationtest.engine.gregor.mutators.NonVoidMethodCallMutator,addAll,3458,NO_COVERAGE,none
ArrayUtils.java,org.apache.commons.lang3.ArrayUtils,org.pitest.mutationtest.engine.gregor.mutators.NonVoidMethodCallMutator,addAll,3458,NO_COVERAGE,none
ArrayUtils.java,org.apache.commons.lang3.ArrayUtils,org.pitest.mutationtest.engine.gregor.mutators.NonVoidMethodCallMutator,addAll,3458,NO_COVERAGE,none
ArrayUtils.java,org.apache.commons.lang3.ArrayUtils,org.pitest.mutationtest.engine.gregor.mutators.NonVoidMethodCallMutator,addAll,3458,NO_COVERAGE,none
ArrayUtils.java,org.apache.commons.lang3.ArrayUtils,org.pitest.mutationtest.engine.gregor.mutators.NonVoidMethodCallMutator,addAll,3458,NO_COVERAGE,none
ArrayUtils.java,org.apache.commons.lang3.ArrayUtils,org.pitest.mutationtest.engine.gregor.mutators.NonVoidMethodCallMutator,addAll,3458,NO_COVERAGE,none
ArrayUtils.java,org.apache.commons.lang3.ArrayUtils,org.pitest.mutationtest.engine.gregor.mutators.NullReturnValsMutator,addAll,3439,NO_COVERAGE,none
ArrayUtils.java,org.apache.commons.lang3.ArrayUtils,org.pitest.mutationtest.engine.gregor.mutators.NullReturnValsMutator,addAll,3441,NO_COVERAGE,none
ArrayUtils.java,org.apache.commons.lang3.ArrayUtils,org.pitest.mutationtest.engine.gregor.mutators.NullReturnValsMutator,addAll,3462,NO_COVERAGE,none
ArrayUtils.java,org.apache.commons.lang3.ArrayUtils,org.pitest.mutationtest.engine.gregor.mutators.RemoveConditionalMutator_EQUAL_ELSE,addAll,3438,NO_COVERAGE,none
ArrayUtils.java,org.apache.commons.lang3.ArrayUtils,org.pitest.mutationtest.engine.gregor.mutators.RemoveConditionalMutator_EQUAL_ELSE,addAll,3440,NO_COVERAGE,none
ArrayUtils.java,org.apache.commons.lang3.ArrayUtils,org.pitest.mutationtest.engine.gregor.mutators.RemoveConditionalMutator_EQUAL_ELSE,addAll,3457,NO_COVERAGE,none
ArrayUtils.java,org.apache.commons.lang3.ArrayUtils,org.pitest.mutationtest.engine.gregor.mutators.RemoveConditionalMutator_EQUAL_IF,addAll,3438,NO_COVERAGE,none
ArrayUtils.java,org.apache.commons.lang3.ArrayUtils,org.pitest.mutationtest.engine.gregor.mutators.RemoveConditionalMutator_EQUAL_IF,addAll,3440,NO_COVERAGE,none
ArrayUtils.java,org.apache.commons.lang3.ArrayUtils,org.pitest.mutationtest.engine.gregor.mutators.RemoveConditionalMutator_EQUAL_IF,addAll,3457,NO_COVERAGE,none
ArrayUtils.java,org.apache.commons.lang3.ArrayUtils,org.pitest.mutationtest.engine.gregor.mutators.ReturnValsMutator,addAll,3439,NO_COVERAGE,none
ArrayUtils.java,org.apache.commons.lang3.ArrayUtils,org.pitest.mutationtest.engine.gregor.mutators.ReturnValsMutator,addAll,3441,NO_COVERAGE,none
ArrayUtils.java,org.apache.commons.lang3.ArrayUtils,org.pitest.mutationtest.engine.gregor.mutators.ReturnValsMutator,addAll,3462,NO_COVERAGE,none
ArrayUtils.java,org.apache.commons.lang3.ArrayUtils,org.pitest.mutationtest.engine.gregor.mutators.VoidMethodCallMutator,addAll,3446,NO_COVERAGE,none
ArrayUtils.java,org.apache.commons.lang3.ArrayUtils,org.pitest.mutationtest.engine.gregor.mutators.VoidMethodCallMutator,addAll,3448,NO_COVERAGE,none
ArrayUtils.java,org.apache.commons.lang3.ArrayUtils,org.pitest.mutationtest.engine.gregor.mutators.experimental.NakedReceiverMutator,addAll,3443,NO_COVERAGE,none
ArrayUtils.java,org.apache.commons.lang3.ArrayUtils,org.pitest.mutationtest.engine.gregor.mutators.experimental.NakedReceiverMutator,addAll,3456,NO_COVERAGE,none
ArrayUtils.java,org.apache.commons.lang3.ArrayUtils,org.pitest.mutationtest.engine.gregor.mutators.experimental.NakedReceiverMutator,addAll,3458,NO_COVERAGE,none
ArrayUtils.java,org.apache.commons.lang3.ArrayUtils,org.pitest.mutationtest.engine.gregor.mutators.experimental.NakedReceiverMutator,addAll,3458,NO_COVERAGE,none
ArrayUtils.java,org.apache.commons.lang3.ArrayUtils,org.pitest.mutationtest.engine.gregor.mutators.experimental.NakedReceiverMutator,addAll,3458,NO_COVERAGE,none
ArrayUtils.java,org.apache.commons.lang3.ArrayUtils,org.pitest.mutationtest.engine.gregor.mutators.experimental.NakedReceiverMutator,addAll,3458,NO_COVERAGE,none
ArrayUtils.java,org.apache.commons.lang3.ArrayUtils,org.pitest.mutationtest.engine.gregor.mutators.ArgumentPropagationMutator,addAll,3571,NO_COVERAGE,none
ArrayUtils.java,org.apache.commons.lang3.ArrayUtils,org.pitest.mutationtest.engine.gregor.mutators.ArgumentPropagationMutator,addAll,3573,NO_COVERAGE,none
ArrayUtils.java,org.apache.commons.lang3.ArrayUtils,org.pitest.mutationtest.engine.gregor.mutators.InlineConstantMutator,addAll,3576,NO_COVERAGE,none
ArrayUtils.java,org.apache.commons.lang3.ArrayUtils,org.pitest.mutationtest.engine.gregor.mutators.InlineConstantMutator,addAll,3576,NO_COVERAGE,none
ArrayUtils.java,org.apache.commons.lang3.ArrayUtils,org.pitest.mutationtest.engine.gregor.mutators.InlineConstantMutator,addAll,3577,NO_COVERAGE,none
ArrayUtils.java,org.apache.commons.lang3.ArrayUtils,org.pitest.mutationtest.engine.gregor.mutators.MathMutator,addAll,3575,NO_COVERAGE,none
ArrayUtils.java,org.apache.commons.lang3.ArrayUtils,org.pitest.mutationtest.engine.gregor.mutators.NegateConditionalsMutator,addAll,3570,NO_COVERAGE,none
ArrayUtils.java,org.apache.commons.lang3.ArrayUtils,org.pitest.mutationtest.engine.gregor.mutators.NegateConditionalsMutator,addAll,3572,NO_COVERAGE,none
ArrayUtils.java,org.apache.commons.lang3.ArrayUtils,org.pitest.mutationtest.engine.gregor.mutators.NonVoidMethodCallMutator,addAll,3571,NO_COVERAGE,none
ArrayUtils.java,org.apache.commons.lang3.ArrayUtils,org.pitest.mutationtest.engine.gregor.mutators.NonVoidMethodCallMutator,addAll,3573,NO_COVERAGE,none
ArrayUtils.java,org.apache.commons.lang3.ArrayUtils,org.pitest.mutationtest.engine.gregor.mutators.NullReturnValsMutator,addAll,3571,NO_COVERAGE,none
ArrayUtils.java,org.apache.commons.lang3.ArrayUtils,org.pitest.mutationtest.engine.gregor.mutators.NullReturnValsMutator,addAll,3573,NO_COVERAGE,none
ArrayUtils.java,org.apache.commons.lang3.ArrayUtils,org.pitest.mutationtest.engine.gregor.mutators.NullReturnValsMutator,addAll,3578,NO_COVERAGE,none
ArrayUtils.java,org.apache.commons.lang3.ArrayUtils,org.pitest.mutationtest.engine.gregor.mutators.RemoveConditionalMutator_EQUAL_ELSE,addAll,3570,NO_COVERAGE,none
ArrayUtils.java,org.apache.commons.lang3.ArrayUtils,org.pitest.mutationtest.engine.gregor.mutators.RemoveConditionalMutator_EQUAL_ELSE,addAll,3572,NO_COVERAGE,none
ArrayUtils.java,org.apache.commons.lang3.ArrayUtils,org.pitest.mutationtest.engine.gregor.mutators.RemoveConditionalMutator_EQUAL_IF,addAll,3570,NO_COVERAGE,none
ArrayUtils.java,org.apache.commons.lang3.ArrayUtils,org.pitest.mutationtest.engine.gregor.mutators.RemoveConditionalMutator_EQUAL_IF,addAll,3572,NO_COVERAGE,none
ArrayUtils.java,org.apache.commons.lang3.ArrayUtils,org.pitest.mutationtest.engine.gregor.mutators.ReturnValsMutator,addAll,3571,NO_COVERAGE,none
ArrayUtils.java,org.apache.commons.lang3.ArrayUtils,org.pitest.mutationtest.engine.gregor.mutators.ReturnValsMutator,addAll,3573,NO_COVERAGE,none
ArrayUtils.java,org.apache.commons.lang3.ArrayUtils,org.pitest.mutationtest.engine.gregor.mutators.ReturnValsMutator,addAll,3578,NO_COVERAGE,none
ArrayUtils.java,org.apache.commons.lang3.ArrayUtils,org.pitest.mutationtest.engine.gregor.mutators.VoidMethodCallMutator,addAll,3576,NO_COVERAGE,none
ArrayUtils.java,org.apache.commons.lang3.ArrayUtils,org.pitest.mutationtest.engine.gregor.mutators.VoidMethodCallMutator,addAll,3577,NO_COVERAGE,none
ArrayUtils.java,org.apache.commons.lang3.ArrayUtils,org.pitest.mutationtest.engine.gregor.mutators.ArgumentPropagationMutator,addAll,3484,NO_COVERAGE,none
ArrayUtils.java,org.apache.commons.lang3.ArrayUtils,org.pitest.mutationtest.engine.gregor.mutators.ArgumentPropagationMutator,addAll,3486,NO_COVERAGE,none
ArrayUtils.java,org.apache.commons.lang3.ArrayUtils,org.pitest.mutationtest.engine.gregor.mutators.InlineConstantMutator,addAll,3489,NO_COVERAGE,none
ArrayUtils.java,org.apache.commons.lang3.ArrayUtils,org.pitest.mutationtest.engine.gregor.mutators.InlineConstantMutator,addAll,3489,NO_COVERAGE,none
ArrayUtils.java,org.apache.commons.lang3.ArrayUtils,org.pitest.mutationtest.engine.gregor.mutators.InlineConstantMutator,addAll,3490,NO_COVERAGE,none
ArrayUtils.java,org.apache.commons.lang3.ArrayUtils,org.pitest.mutationtest.engine.gregor.mutators.MathMutator,addAll,3488,NO_COVERAGE,none
ArrayUtils.java,org.apache.commons.lang3.ArrayUtils,org.pitest.mutationtest.engine.gregor.mutators.NegateConditionalsMutator,addAll,3483,NO_COVERAGE,none
ArrayUtils.java,org.apache.commons.lang3.ArrayUtils,org.pitest.mutationtest.engine.gregor.mutators.NegateConditionalsMutator,addAll,3485,NO_COVERAGE,none
ArrayUtils.java,org.apache.commons.lang3.ArrayUtils,org.pitest.mutationtest.engine.gregor.mutators.NonVoidMethodCallMutator,addAll,3484,NO_COVERAGE,none
ArrayUtils.java,org.apache.commons.lang3.ArrayUtils,org.pitest.mutationtest.engine.gregor.mutators.NonVoidMethodCallMutator,addAll,3486,NO_COVERAGE,none
ArrayUtils.java,org.apache.commons.lang3.ArrayUtils,org.pitest.mutationtest.engine.gregor.mutators.NullReturnValsMutator,addAll,3484,NO_COVERAGE,none
ArrayUtils.java,org.apache.commons.lang3.ArrayUtils,org.pitest.mutationtest.engine.gregor.mutators.NullReturnValsMutator,addAll,3486,NO_COVERAGE,none
ArrayUtils.java,org.apache.commons.lang3.ArrayUtils,org.pitest.mutationtest.engine.gregor.mutators.NullReturnValsMutator,addAll,3491,NO_COVERAGE,none
ArrayUtils.java,org.apache.commons.lang3.ArrayUtils,org.pitest.mutationtest.engine.gregor.mutators.RemoveConditionalMutator_EQUAL_ELSE,addAll,3483,NO_COVERAGE,none
ArrayUtils.java,org.apache.commons.lang3.ArrayUtils,org.pitest.mutationtest.engine.gregor.mutators.RemoveConditionalMutator_EQUAL_ELSE,addAll,3485,NO_COVERAGE,none
ArrayUtils.java,org.apache.commons.lang3.ArrayUtils,org.pitest.mutationtest.engine.gregor.mutators.RemoveConditionalMutator_EQUAL_IF,addAll,3483,NO_COVERAGE,none
ArrayUtils.java,org.apache.commons.lang3.ArrayUtils,org.pitest.mutationtest.engine.gregor.mutators.RemoveConditionalMutator_EQUAL_IF,addAll,3485,NO_COVERAGE,none
ArrayUtils.java,org.apache.commons.lang3.ArrayUtils,org.pitest.mutationtest.engine.gregor.mutators.ReturnValsMutator,addAll,3484,NO_COVERAGE,none
ArrayUtils.java,org.apache.commons.lang3.ArrayUtils,org.pitest.mutationtest.engine.gregor.mutators.ReturnValsMutator,addAll,3486,NO_COVERAGE,none
ArrayUtils.java,org.apache.commons.lang3.ArrayUtils,org.pitest.mutationtest.engine.gregor.mutators.ReturnValsMutator,addAll,3491,NO_COVERAGE,none
ArrayUtils.java,org.apache.commons.lang3.ArrayUtils,org.pitest.mutationtest.engine.gregor.mutators.VoidMethodCallMutator,addAll,3489,NO_COVERAGE,none
ArrayUtils.java,org.apache.commons.lang3.ArrayUtils,org.pitest.mutationtest.engine.gregor.mutators.VoidMethodCallMutator,addAll,3490,NO_COVERAGE,none
ArrayUtils.java,org.apache.commons.lang3.ArrayUtils,org.pitest.mutationtest.engine.gregor.mutators.NegateConditionalsMutator,clone,392,NO_COVERAGE,none
ArrayUtils.java,org.apache.commons.lang3.ArrayUtils,org.pitest.mutationtest.engine.gregor.mutators.NonVoidMethodCallMutator,clone,395,NO_COVERAGE,none
ArrayUtils.java,org.apache.commons.lang3.ArrayUtils,org.pitest.mutationtest.engine.gregor.mutators.NullReturnValsMutator,clone,395,NO_COVERAGE,none
ArrayUtils.java,org.apache.commons.lang3.ArrayUtils,org.pitest.mutationtest.engine.gregor.mutators.RemoveConditionalMutator_EQUAL_ELSE,clone,392,NO_COVERAGE,none
ArrayUtils.java,org.apache.commons.lang3.ArrayUtils,org.pitest.mutationtest.engine.gregor.mutators.RemoveConditionalMutator_EQUAL_IF,clone,392,NO_COVERAGE,none
ArrayUtils.java,org.apache.commons.lang3.ArrayUtils,org.pitest.mutationtest.engine.gregor.mutators.ReturnValsMutator,clone,393,NO_COVERAGE,none
ArrayUtils.java,org.apache.commons.lang3.ArrayUtils,org.pitest.mutationtest.engine.gregor.mutators.ReturnValsMutator,clone,395,NO_COVERAGE,none
ArrayUtils.java,org.apache.commons.lang3.ArrayUtils,org.pitest.mutationtest.engine.gregor.mutators.NegateConditionalsMutator,clone,376,NO_COVERAGE,none
ArrayUtils.java,org.apache.commons.lang3.ArrayUtils,org.pitest.mutationtest.engine.gregor.mutators.NonVoidMethodCallMutator,clone,379,NO_COVERAGE,none
ArrayUtils.java,org.apache.commons.lang3.ArrayUtils,org.pitest.mutationtest.engine.gregor.mutators.NullReturnValsMutator,clone,379,NO_COVERAGE,none
ArrayUtils.java,org.apache.commons.lang3.ArrayUtils,org.pitest.mutationtest.engine.gregor.mutators.RemoveConditionalMutator_EQUAL_ELSE,clone,376,NO_COVERAGE,none
ArrayUtils.java,org.apache.commons.lang3.ArrayUtils,org.pitest.mutationtest.engine.gregor.mutators.RemoveConditionalMutator_EQUAL_IF,clone,376,NO_COVERAGE,none
ArrayUtils.java,org.apache.commons.lang3.ArrayUtils,org.pitest.mutationtest.engine.gregor.mutators.ReturnValsMutator,clone,377,NO_COVERAGE,none
ArrayUtils.java,org.apache.commons.lang3.ArrayUtils,org.pitest.mutationtest.engine.gregor.mutators.ReturnValsMutator,clone,379,NO_COVERAGE,none
ArrayUtils.java,org.apache.commons.lang3.ArrayUtils,org.pitest.mutationtest.engine.gregor.mutators.NegateConditionalsMutator,clone,408,NO_COVERAGE,none
ArrayUtils.java,org.apache.commons.lang3.ArrayUtils,org.pitest.mutationtest.engine.gregor.mutators.NonVoidMethodCallMutator,clone,411,NO_COVERAGE,none
ArrayUtils.java,org.apache.commons.lang3.ArrayUtils,org.pitest.mutationtest.engine.gregor.mutators.NullReturnValsMutator,clone,411,NO_COVERAGE,none
ArrayUtils.java,org.apache.commons.lang3.ArrayUtils,org.pitest.mutationtest.engine.gregor.mutators.RemoveConditionalMutator_EQUAL_ELSE,clone,408,NO_COVERAGE,none
ArrayUtils.java,org.apache.commons.lang3.ArrayUtils,org.pitest.mutationtest.engine.gregor.mutators.RemoveConditionalMutator_EQUAL_IF,clone,408,NO_COVERAGE,none
ArrayUtils.java,org.apache.commons.lang3.ArrayUtils,org.pitest.mutationtest.engine.gregor.mutators.ReturnValsMutator,clone,409,NO_COVERAGE,none
ArrayUtils.java,org.apache.commons.lang3.ArrayUtils,org.pitest.mutationtest.engine.gregor.mutators.ReturnValsMutator,clone,411,NO_COVERAGE,none
ArrayUtils.java,org.apache.commons.lang3.ArrayUtils,org.pitest.mutationtest.engine.gregor.mutators.NegateConditionalsMutator,clone,424,NO_COVERAGE,none
ArrayUtils.java,org.apache.commons.lang3.ArrayUtils,org.pitest.mutationtest.engine.gregor.mutators.NonVoidMethodCallMutator,clone,427,NO_COVERAGE,none
ArrayUtils.java,org.apache.commons.lang3.ArrayUtils,org.pitest.mutationtest.engine.gregor.mutators.NullReturnValsMutator,clone,427,NO_COVERAGE,none
ArrayUtils.java,org.apache.commons.lang3.ArrayUtils,org.pitest.mutationtest.engine.gregor.mutators.RemoveConditionalMutator_EQUAL_ELSE,clone,424,NO_COVERAGE,none
ArrayUtils.java,org.apache.commons.lang3.ArrayUtils,org.pitest.mutationtest.engine.gregor.mutators.RemoveConditionalMutator_EQUAL_IF,clone,424,NO_COVERAGE,none
ArrayUtils.java,org.apache.commons.lang3.ArrayUtils,org.pitest.mutationtest.engine.gregor.mutators.ReturnValsMutator,clone,425,NO_COVERAGE,none
ArrayUtils.java,org.apache.commons.lang3.ArrayUtils,org.pitest.mutationtest.engine.gregor.mutators.ReturnValsMutator,clone,427,NO_COVERAGE,none
ArrayUtils.java,org.apache.commons.lang3.ArrayUtils,org.pitest.mutationtest.engine.gregor.mutators.NegateConditionalsMutator,clone,344,NO_COVERAGE,none
ArrayUtils.java,org.apache.commons.lang3.ArrayUtils,org.pitest.mutationtest.engine.gregor.mutators.NonVoidMethodCallMutator,clone,347,NO_COVERAGE,none
ArrayUtils.java,org.apache.commons.lang3.ArrayUtils,org.pitest.mutationtest.engine.gregor.mutators.NullReturnValsMutator,clone,347,NO_COVERAGE,none
ArrayUtils.java,org.apache.commons.lang3.ArrayUtils,org.pitest.mutationtest.engine.gregor.mutators.RemoveConditionalMutator_EQUAL_ELSE,clone,344,NO_COVERAGE,none
ArrayUtils.java,org.apache.commons.lang3.ArrayUtils,org.pitest.mutationtest.engine.gregor.mutators.RemoveConditionalMutator_EQUAL_IF,clone,344,NO_COVERAGE,none
ArrayUtils.java,org.apache.commons.lang3.ArrayUtils,org.pitest.mutationtest.engine.gregor.mutators.ReturnValsMutator,clone,345,NO_COVERAGE,none
ArrayUtils.java,org.apache.commons.lang3.ArrayUtils,org.pitest.mutationtest.engine.gregor.mutators.ReturnValsMutator,clone,347,NO_COVERAGE,none
ArrayUtils.java,org.apache.commons.lang3.ArrayUtils,org.pitest.mutationtest.engine.gregor.mutators.NegateConditionalsMutator,clone,328,NO_COVERAGE,none
ArrayUtils.java,org.apache.commons.lang3.ArrayUtils,org.pitest.mutationtest.engine.gregor.mutators.NonVoidMethodCallMutator,clone,331,NO_COVERAGE,none
ArrayUtils.java,org.apache.commons.lang3.ArrayUtils,org.pitest.mutationtest.engine.gregor.mutators.NullReturnValsMutator,clone,331,NO_COVERAGE,none
ArrayUtils.java,org.apache.commons.lang3.ArrayUtils,org.pitest.mutationtest.engine.gregor.mutators.RemoveConditionalMutator_EQUAL_ELSE,clone,328,NO_COVERAGE,none
ArrayUtils.java,org.apache.commons.lang3.ArrayUtils,org.pitest.mutationtest.engine.gregor.mutators.RemoveConditionalMutator_EQUAL_IF,clone,328,NO_COVERAGE,none
ArrayUtils.java,org.apache.commons.lang3.ArrayUtils,org.pitest.mutationtest.engine.gregor.mutators.ReturnValsMutator,clone,329,NO_COVERAGE,none
ArrayUtils.java,org.apache.commons.lang3.ArrayUtils,org.pitest.mutationtest.engine.gregor.mutators.ReturnValsMutator,clone,331,NO_COVERAGE,none
ArrayUtils.java,org.apache.commons.lang3.ArrayUtils,org.pitest.mutationtest.engine.gregor.mutators.NegateConditionalsMutator,clone,312,NO_COVERAGE,none
ArrayUtils.java,org.apache.commons.lang3.ArrayUtils,org.pitest.mutationtest.engine.gregor.mutators.NonVoidMethodCallMutator,clone,315,NO_COVERAGE,none
ArrayUtils.java,org.apache.commons.lang3.ArrayUtils,org.pitest.mutationtest.engine.gregor.mutators.NullReturnValsMutator,clone,315,NO_COVERAGE,none
ArrayUtils.java,org.apache.commons.lang3.ArrayUtils,org.pitest.mutationtest.engine.gregor.mutators.RemoveConditionalMutator_EQUAL_ELSE,clone,312,NO_COVERAGE,none
ArrayUtils.java,org.apache.commons.lang3.ArrayUtils,org.pitest.mutationtest.engine.gregor.mutators.RemoveConditionalMutator_EQUAL_IF,clone,312,NO_COVERAGE,none
ArrayUtils.java,org.apache.commons.lang3.ArrayUtils,org.pitest.mutationtest.engine.gregor.mutators.ReturnValsMutator,clone,313,NO_COVERAGE,none
ArrayUtils.java,org.apache.commons.lang3.ArrayUtils,org.pitest.mutationtest.engine.gregor.mutators.ReturnValsMutator,clone,315,NO_COVERAGE,none
ArrayUtils.java,org.apache.commons.lang3.ArrayUtils,org.pitest.mutationtest.engine.gregor.mutators.NegateConditionalsMutator,clone,360,NO_COVERAGE,none
ArrayUtils.java,org.apache.commons.lang3.ArrayUtils,org.pitest.mutationtest.engine.gregor.mutators.NonVoidMethodCallMutator,clone,363,NO_COVERAGE,none
ArrayUtils.java,org.apache.commons.lang3.ArrayUtils,org.pitest.mutationtest.engine.gregor.mutators.NullReturnValsMutator,clone,363,NO_COVERAGE,none
ArrayUtils.java,org.apache.commons.lang3.ArrayUtils,org.pitest.mutationtest.engine.gregor.mutators.RemoveConditionalMutator_EQUAL_ELSE,clone,360,NO_COVERAGE,none
ArrayUtils.java,org.apache.commons.lang3.ArrayUtils,org.pitest.mutationtest.engine.gregor.mutators.RemoveConditionalMutator_EQUAL_IF,clone,360,NO_COVERAGE,none
ArrayUtils.java,org.apache.commons.lang3.ArrayUtils,org.pitest.mutationtest.engine.gregor.mutators.ReturnValsMutator,clone,361,NO_COVERAGE,none
ArrayUtils.java,org.apache.commons.lang3.ArrayUtils,org.pitest.mutationtest.engine.gregor.mutators.ReturnValsMutator,clone,363,NO_COVERAGE,none
ArrayUtils.java,org.apache.commons.lang3.ArrayUtils,org.pitest.mutationtest.engine.gregor.mutators.NegateConditionalsMutator,clone,440,NO_COVERAGE,none
ArrayUtils.java,org.apache.commons.lang3.ArrayUtils,org.pitest.mutationtest.engine.gregor.mutators.NonVoidMethodCallMutator,clone,443,NO_COVERAGE,none
ArrayUtils.java,org.apache.commons.lang3.ArrayUtils,org.pitest.mutationtest.engine.gregor.mutators.NullReturnValsMutator,clone,443,NO_COVERAGE,none
ArrayUtils.java,org.apache.commons.lang3.ArrayUtils,org.pitest.mutationtest.engine.gregor.mutators.RemoveConditionalMutator_EQUAL_ELSE,clone,440,NO_COVERAGE,none
ArrayUtils.java,org.apache.commons.lang3.ArrayUtils,org.pitest.mutationtest.engine.gregor.mutators.RemoveConditionalMutator_EQUAL_IF,clone,440,NO_COVERAGE,none
ArrayUtils.java,org.apache.commons.lang3.ArrayUtils,org.pitest.mutationtest.engine.gregor.mutators.ReturnValsMutator,clone,441,NO_COVERAGE,none
ArrayUtils.java,org.apache.commons.lang3.ArrayUtils,org.pitest.mutationtest.engine.gregor.mutators.ReturnValsMutator,clone,443,NO_COVERAGE,none
ArrayUtils.java,org.apache.commons.lang3.ArrayUtils,org.pitest.mutationtest.engine.gregor.mutators.BooleanTrueReturnValsMutator,contains,2232,NO_COVERAGE,none
ArrayUtils.java,org.apache.commons.lang3.ArrayUtils,org.pitest.mutationtest.engine.gregor.mutators.InlineConstantMutator,contains,2232,NO_COVERAGE,none
ArrayUtils.java,org.apache.commons.lang3.ArrayUtils,org.pitest.mutationtest.engine.gregor.mutators.InlineConstantMutator,contains,2232,NO_COVERAGE,none
ArrayUtils.java,org.apache.commons.lang3.ArrayUtils,org.pitest.mutationtest.engine.gregor.mutators.InlineConstantMutator,contains,2232,NO_COVERAGE,none
ArrayUtils.java,org.apache.commons.lang3.ArrayUtils,org.pitest.mutationtest.engine.gregor.mutators.NegateConditionalsMutator,contains,2232,NO_COVERAGE,none
ArrayUtils.java,org.apache.commons.lang3.ArrayUtils,org.pitest.mutationtest.engine.gregor.mutators.NonVoidMethodCallMutator,contains,2232,NO_COVERAGE,none
ArrayUtils.java,org.apache.commons.lang3.ArrayUtils,org.pitest.mutationtest.engine.gregor.mutators.RemoveConditionalMutator_EQUAL_ELSE,contains,2232,NO_COVERAGE,none
ArrayUtils.java,org.apache.commons.lang3.ArrayUtils,org.pitest.mutationtest.engine.gregor.mutators.RemoveConditionalMutator_EQUAL_IF,contains,2232,NO_COVERAGE,none
ArrayUtils.java,org.apache.commons.lang3.ArrayUtils,org.pitest.mutationtest.engine.gregor.mutators.ReturnValsMutator,contains,2232,NO_COVERAGE,none
ArrayUtils.java,org.apache.commons.lang3.ArrayUtils,org.pitest.mutationtest.engine.gregor.mutators.BooleanTrueReturnValsMutator,contains,2129,NO_COVERAGE,none
ArrayUtils.java,org.apache.commons.lang3.ArrayUtils,org.pitest.mutationtest.engine.gregor.mutators.InlineConstantMutator,contains,2129,NO_COVERAGE,none
ArrayUtils.java,org.apache.commons.lang3.ArrayUtils,org.pitest.mutationtest.engine.gregor.mutators.InlineConstantMutator,contains,2129,NO_COVERAGE,none
ArrayUtils.java,org.apache.commons.lang3.ArrayUtils,org.pitest.mutationtest.engine.gregor.mutators.InlineConstantMutator,contains,2129,NO_COVERAGE,none
ArrayUtils.java,org.apache.commons.lang3.ArrayUtils,org.pitest.mutationtest.engine.gregor.mutators.NegateConditionalsMutator,contains,2129,NO_COVERAGE,none
ArrayUtils.java,org.apache.commons.lang3.ArrayUtils,org.pitest.mutationtest.engine.gregor.mutators.NonVoidMethodCallMutator,contains,2129,NO_COVERAGE,none
ArrayUtils.java,org.apache.commons.lang3.ArrayUtils,org.pitest.mutationtest.engine.gregor.mutators.RemoveConditionalMutator_EQUAL_ELSE,contains,2129,NO_COVERAGE,none
ArrayUtils.java,org.apache.commons.lang3.ArrayUtils,org.pitest.mutationtest.engine.gregor.mutators.RemoveConditionalMutator_EQUAL_IF,contains,2129,NO_COVERAGE,none
ArrayUtils.java,org.apache.commons.lang3.ArrayUtils,org.pitest.mutationtest.engine.gregor.mutators.ReturnValsMutator,contains,2129,NO_COVERAGE,none
ArrayUtils.java,org.apache.commons.lang3.ArrayUtils,org.pitest.mutationtest.engine.gregor.mutators.BooleanTrueReturnValsMutator,contains,2439,NO_COVERAGE,none
ArrayUtils.java,org.apache.commons.lang3.ArrayUtils,org.pitest.mutationtest.engine.gregor.mutators.InlineConstantMutator,contains,2439,NO_COVERAGE,none
ArrayUtils.java,org.apache.commons.lang3.ArrayUtils,org.pitest.mutationtest.engine.gregor.mutators.InlineConstantMutator,contains,2439,NO_COVERAGE,none
ArrayUtils.java,org.apache.commons.lang3.ArrayUtils,org.pitest.mutationtest.engine.gregor.mutators.InlineConstantMutator,contains,2439,NO_COVERAGE,none
ArrayUtils.java,org.apache.commons.lang3.ArrayUtils,org.pitest.mutationtest.engine.gregor.mutators.NegateConditionalsMutator,contains,2439,NO_COVERAGE,none
ArrayUtils.java,org.apache.commons.lang3.ArrayUtils,org.pitest.mutationtest.engine.gregor.mutators.NonVoidMethodCallMutator,contains,2439,NO_COVERAGE,none
ArrayUtils.java,org.apache.commons.lang3.ArrayUtils,org.pitest.mutationtest.engine.gregor.mutators.RemoveConditionalMutator_EQUAL_ELSE,contains,2439,NO_COVERAGE,none
ArrayUtils.java,org.apache.commons.lang3.ArrayUtils,org.pitest.mutationtest.engine.gregor.mutators.RemoveConditionalMutator_EQUAL_IF,contains,2439,NO_COVERAGE,none
ArrayUtils.java,org.apache.commons.lang3.ArrayUtils,org.pitest.mutationtest.engine.gregor.mutators.ReturnValsMutator,contains,2439,NO_COVERAGE,none
ArrayUtils.java,org.apache.commons.lang3.ArrayUtils,org.pitest.mutationtest.engine.gregor.mutators.ArgumentPropagationMutator,contains,2456,NO_COVERAGE,none
ArrayUtils.java,org.apache.commons.lang3.ArrayUtils,org.pitest.mutationtest.engine.gregor.mutators.BooleanTrueReturnValsMutator,contains,2456,NO_COVERAGE,none
ArrayUtils.java,org.apache.commons.lang3.ArrayUtils,org.pitest.mutationtest.engine.gregor.mutators.InlineConstantMutator,contains,2456,NO_COVERAGE,none
ArrayUtils.java,org.apache.commons.lang3.ArrayUtils,org.pitest.mutationtest.engine.gregor.mutators.InlineConstantMutator,contains,2456,NO_COVERAGE,none
ArrayUtils.java,org.apache.commons.lang3.ArrayUtils,org.pitest.mutationtest.engine.gregor.mutators.InlineConstantMutator,contains,2456,NO_COVERAGE,none
ArrayUtils.java,org.apache.commons.lang3.ArrayUtils,org.pitest.mutationtest.engine.gregor.mutators.InlineConstantMutator,contains,2456,NO_COVERAGE,none
ArrayUtils.java,org.apache.commons.lang3.ArrayUtils,org.pitest.mutationtest.engine.gregor.mutators.NegateConditionalsMutator,contains,2456,NO_COVERAGE,none
ArrayUtils.java,org.apache.commons.lang3.ArrayUtils,org.pitest.mutationtest.engine.gregor.mutators.NonVoidMethodCallMutator,contains,2456,NO_COVERAGE,none
ArrayUtils.java,org.apache.commons.lang3.ArrayUtils,org.pitest.mutationtest.engine.gregor.mutators.RemoveConditionalMutator_EQUAL_ELSE,contains,2456,NO_COVERAGE,none
ArrayUtils.java,org.apache.commons.lang3.ArrayUtils,org.pitest.mutationtest.engine.gregor.mutators.RemoveConditionalMutator_EQUAL_IF,contains,2456,NO_COVERAGE,none
ArrayUtils.java,org.apache.commons.lang3.ArrayUtils,org.pitest.mutationtest.engine.gregor.mutators.ReturnValsMutator,contains,2456,NO_COVERAGE,none
ArrayUtils.java,org.apache.commons.lang3.ArrayUtils,org.pitest.mutationtest.engine.gregor.mutators.BooleanTrueReturnValsMutator,contains,2559,NO_COVERAGE,none
ArrayUtils.java,org.apache.commons.lang3.ArrayUtils,org.pitest.mutationtest.engine.gregor.mutators.InlineConstantMutator,contains,2559,NO_COVERAGE,none
ArrayUtils.java,org.apache.commons.lang3.ArrayUtils,org.pitest.mutationtest.engine.gregor.mutators.InlineConstantMutator,contains,2559,NO_COVERAGE,none
ArrayUtils.java,org.apache.commons.lang3.ArrayUtils,org.pitest.mutationtest.engine.gregor.mutators.InlineConstantMutator,contains,2559,NO_COVERAGE,none
ArrayUtils.java,org.apache.commons.lang3.ArrayUtils,org.pitest.mutationtest.engine.gregor.mutators.NegateConditionalsMutator,contains,2559,NO_COVERAGE,none
ArrayUtils.java,org.apache.commons.lang3.ArrayUtils,org.pitest.mutationtest.engine.gregor.mutators.NonVoidMethodCallMutator,contains,2559,NO_COVERAGE,none
ArrayUtils.java,org.apache.commons.lang3.ArrayUtils,org.pitest.mutationtest.engine.gregor.mutators.RemoveConditionalMutator_EQUAL_ELSE,contains,2559,NO_COVERAGE,none
ArrayUtils.java,org.apache.commons.lang3.ArrayUtils,org.pitest.mutationtest.engine.gregor.mutators.RemoveConditionalMutator_EQUAL_IF,contains,2559,NO_COVERAGE,none
ArrayUtils.java,org.apache.commons.lang3.ArrayUtils,org.pitest.mutationtest.engine.gregor.mutators.ReturnValsMutator,contains,2559,NO_COVERAGE,none
ArrayUtils.java,org.apache.commons.lang3.ArrayUtils,org.pitest.mutationtest.engine.gregor.mutators.ArgumentPropagationMutator,contains,1918,NO_COVERAGE,none
ArrayUtils.java,org.apache.commons.lang3.ArrayUtils,org.pitest.mutationtest.engine.gregor.mutators.BooleanTrueReturnValsMutator,contains,1918,NO_COVERAGE,none
ArrayUtils.java,org.apache.commons.lang3.ArrayUtils,org.pitest.mutationtest.engine.gregor.mutators.InlineConstantMutator,contains,1918,NO_COVERAGE,none
ArrayUtils.java,org.apache.commons.lang3.ArrayUtils,org.pitest.mutationtest.engine.gregor.mutators.InlineConstantMutator,contains,1918,NO_COVERAGE,none
ArrayUtils.java,org.apache.commons.lang3.ArrayUtils,org.pitest.mutationtest.engine.gregor.mutators.InlineConstantMutator,contains,1918,NO_COVERAGE,none
ArrayUtils.java,org.apache.commons.lang3.ArrayUtils,org.pitest.mutationtest.engine.gregor.mutators.NegateConditionalsMutator,contains,1918,NO_COVERAGE,none
ArrayUtils.java,org.apache.commons.lang3.ArrayUtils,org.pitest.mutationtest.engine.gregor.mutators.NonVoidMethodCallMutator,contains,1918,NO_COVERAGE,none
ArrayUtils.java,org.apache.commons.lang3.ArrayUtils,org.pitest.mutationtest.engine.gregor.mutators.RemoveConditionalMutator_EQUAL_ELSE,contains,1918,NO_COVERAGE,none
ArrayUtils.java,org.apache.commons.lang3.ArrayUtils,org.pitest.mutationtest.engine.gregor.mutators.RemoveConditionalMutator_EQUAL_IF,contains,1918,NO_COVERAGE,none
ArrayUtils.java,org.apache.commons.lang3.ArrayUtils,org.pitest.mutationtest.engine.gregor.mutators.ReturnValsMutator,contains,1918,NO_COVERAGE,none
ArrayUtils.java,org.apache.commons.lang3.ArrayUtils,org.pitest.mutationtest.engine.gregor.mutators.BooleanTrueReturnValsMutator,contains,1815,NO_COVERAGE,none
ArrayUtils.java,org.apache.commons.lang3.ArrayUtils,org.pitest.mutationtest.engine.gregor.mutators.InlineConstantMutator,contains,1815,NO_COVERAGE,none
ArrayUtils.java,org.apache.commons.lang3.ArrayUtils,org.pitest.mutationtest.engine.gregor.mutators.InlineConstantMutator,contains,1815,NO_COVERAGE,none
ArrayUtils.java,org.apache.commons.lang3.ArrayUtils,org.pitest.mutationtest.engine.gregor.mutators.InlineConstantMutator,contains,1815,NO_COVERAGE,none
ArrayUtils.java,org.apache.commons.lang3.ArrayUtils,org.pitest.mutationtest.engine.gregor.mutators.NegateConditionalsMutator,contains,1815,NO_COVERAGE,none
ArrayUtils.java,org.apache.commons.lang3.ArrayUtils,org.pitest.mutationtest.engine.gregor.mutators.NonVoidMethodCallMutator,contains,1815,NO_COVERAGE,none
ArrayUtils.java,org.apache.commons.lang3.ArrayUtils,org.pitest.mutationtest.engine.gregor.mutators.RemoveConditionalMutator_EQUAL_ELSE,contains,1815,NO_COVERAGE,none
ArrayUtils.java,org.apache.commons.lang3.ArrayUtils,org.pitest.mutationtest.engine.gregor.mutators.RemoveConditionalMutator_EQUAL_IF,contains,1815,NO_COVERAGE,none
ArrayUtils.java,org.apache.commons.lang3.ArrayUtils,org.pitest.mutationtest.engine.gregor.mutators.ReturnValsMutator,contains,1815,NO_COVERAGE,none
ArrayUtils.java,org.apache.commons.lang3.ArrayUtils,org.pitest.mutationtest.engine.gregor.mutators.BooleanTrueReturnValsMutator,contains,1712,NO_COVERAGE,none
ArrayUtils.java,org.apache.commons.lang3.ArrayUtils,org.pitest.mutationtest.engine.gregor.mutators.InlineConstantMutator,contains,1712,NO_COVERAGE,none
ArrayUtils.java,org.apache.commons.lang3.ArrayUtils,org.pitest.mutationtest.engine.gregor.mutators.InlineConstantMutator,contains,1712,NO_COVERAGE,none
ArrayUtils.java,org.apache.commons.lang3.ArrayUtils,org.pitest.mutationtest.engine.gregor.mutators.InlineConstantMutator,contains,1712,NO_COVERAGE,none
ArrayUtils.java,org.apache.commons.lang3.ArrayUtils,org.pitest.mutationtest.engine.gregor.mutators.NegateConditionalsMutator,contains,1712,NO_COVERAGE,none
ArrayUtils.java,org.apache.commons.lang3.ArrayUtils,org.pitest.mutationtest.engine.gregor.mutators.NonVoidMethodCallMutator,contains,1712,NO_COVERAGE,none
ArrayUtils.java,org.apache.commons.lang3.ArrayUtils,org.pitest.mutationtest.engine.gregor.mutators.RemoveConditionalMutator_EQUAL_ELSE,contains,1712,NO_COVERAGE,none
ArrayUtils.java,org.apache.commons.lang3.ArrayUtils,org.pitest.mutationtest.engine.gregor.mutators.RemoveConditionalMutator_EQUAL_IF,contains,1712,NO_COVERAGE,none
ArrayUtils.java,org.apache.commons.lang3.ArrayUtils,org.pitest.mutationtest.engine.gregor.mutators.ReturnValsMutator,contains,1712,NO_COVERAGE,none
ArrayUtils.java,org.apache.commons.lang3.ArrayUtils,org.pitest.mutationtest.engine.gregor.mutators.BooleanTrueReturnValsMutator,contains,2021,NO_COVERAGE,none
ArrayUtils.java,org.apache.commons.lang3.ArrayUtils,org.pitest.mutationtest.engine.gregor.mutators.InlineConstantMutator,contains,2021,NO_COVERAGE,none
ArrayUtils.java,org.apache.commons.lang3.ArrayUtils,org.pitest.mutationtest.engine.gregor.mutators.InlineConstantMutator,contains,2021,NO_COVERAGE,none
ArrayUtils.java,org.apache.commons.lang3.ArrayUtils,org.pitest.mutationtest.engine.gregor.mutators.InlineConstantMutator,contains,2021,NO_COVERAGE,none
ArrayUtils.java,org.apache.commons.lang3.ArrayUtils,org.pitest.mutationtest.engine.gregor.mutators.NegateConditionalsMutator,contains,2021,NO_COVERAGE,none
ArrayUtils.java,org.apache.commons.lang3.ArrayUtils,org.pitest.mutationtest.engine.gregor.mutators.NonVoidMethodCallMutator,contains,2021,NO_COVERAGE,none
ArrayUtils.java,org.apache.commons.lang3.ArrayUtils,org.pitest.mutationtest.engine.gregor.mutators.RemoveConditionalMutator_EQUAL_ELSE,contains,2021,NO_COVERAGE,none
ArrayUtils.java,org.apache.commons.lang3.ArrayUtils,org.pitest.mutationtest.engine.gregor.mutators.RemoveConditionalMutator_EQUAL_IF,contains,2021,NO_COVERAGE,none
ArrayUtils.java,org.apache.commons.lang3.ArrayUtils,org.pitest.mutationtest.engine.gregor.mutators.ReturnValsMutator,contains,2021,NO_COVERAGE,none
ArrayUtils.java,org.apache.commons.lang3.ArrayUtils,org.pitest.mutationtest.engine.gregor.mutators.BooleanTrueReturnValsMutator,contains,2664,NO_COVERAGE,none
ArrayUtils.java,org.apache.commons.lang3.ArrayUtils,org.pitest.mutationtest.engine.gregor.mutators.InlineConstantMutator,contains,2664,NO_COVERAGE,none
ArrayUtils.java,org.apache.commons.lang3.ArrayUtils,org.pitest.mutationtest.engine.gregor.mutators.InlineConstantMutator,contains,2664,NO_COVERAGE,none
ArrayUtils.java,org.apache.commons.lang3.ArrayUtils,org.pitest.mutationtest.engine.gregor.mutators.InlineConstantMutator,contains,2664,NO_COVERAGE,none
ArrayUtils.java,org.apache.commons.lang3.ArrayUtils,org.pitest.mutationtest.engine.gregor.mutators.NegateConditionalsMutator,contains,2664,NO_COVERAGE,none
ArrayUtils.java,org.apache.commons.lang3.ArrayUtils,org.pitest.mutationtest.engine.gregor.mutators.NonVoidMethodCallMutator,contains,2664,NO_COVERAGE,none
ArrayUtils.java,org.apache.commons.lang3.ArrayUtils,org.pitest.mutationtest.engine.gregor.mutators.RemoveConditionalMutator_EQUAL_ELSE,contains,2664,NO_COVERAGE,none
ArrayUtils.java,org.apache.commons.lang3.ArrayUtils,org.pitest.mutationtest.engine.gregor.mutators.RemoveConditionalMutator_EQUAL_IF,contains,2664,NO_COVERAGE,none
ArrayUtils.java,org.apache.commons.lang3.ArrayUtils,org.pitest.mutationtest.engine.gregor.mutators.ReturnValsMutator,contains,2664,NO_COVERAGE,none
ArrayUtils.java,org.apache.commons.lang3.ArrayUtils,org.pitest.mutationtest.engine.gregor.mutators.InlineConstantMutator,copyArrayGrow1,3968,NO_COVERAGE,none
ArrayUtils.java,org.apache.commons.lang3.ArrayUtils,org.pitest.mutationtest.engine.gregor.mutators.InlineConstantMutator,copyArrayGrow1,3969,NO_COVERAGE,none
ArrayUtils.java,org.apache.commons.lang3.ArrayUtils,org.pitest.mutationtest.engine.gregor.mutators.InlineConstantMutator,copyArrayGrow1,3969,NO_COVERAGE,none
ArrayUtils.java,org.apache.commons.lang3.ArrayUtils,org.pitest.mutationtest.engine.gregor.mutators.InlineConstantMutator,copyArrayGrow1,3972,NO_COVERAGE,none
ArrayUtils.java,org.apache.commons.lang3.ArrayUtils,org.pitest.mutationtest.engine.gregor.mutators.MathMutator,copyArrayGrow1,3968,NO_COVERAGE,none
ArrayUtils.java,org.apache.commons.lang3.ArrayUtils,org.pitest.mutationtest.engine.gregor.mutators.NegateConditionalsMutator,copyArrayGrow1,3966,NO_COVERAGE,none
ArrayUtils.java,org.apache.commons.lang3.ArrayUtils,org.pitest.mutationtest.engine.gregor.mutators.NonVoidMethodCallMutator,copyArrayGrow1,3967,NO_COVERAGE,none
ArrayUtils.java,org.apache.commons.lang3.ArrayUtils,org.pitest.mutationtest.engine.gregor.mutators.NonVoidMethodCallMutator,copyArrayGrow1,3968,NO_COVERAGE,none
ArrayUtils.java,org.apache.commons.lang3.ArrayUtils,org.pitest.mutationtest.engine.gregor.mutators.NonVoidMethodCallMutator,copyArrayGrow1,3968,NO_COVERAGE,none
ArrayUtils.java,org.apache.commons.lang3.ArrayUtils,org.pitest.mutationtest.engine.gregor.mutators.NonVoidMethodCallMutator,copyArrayGrow1,3968,NO_COVERAGE,none
ArrayUtils.java,org.apache.commons.lang3.ArrayUtils,org.pitest.mutationtest.engine.gregor.mutators.NonVoidMethodCallMutator,copyArrayGrow1,3972,NO_COVERAGE,none
ArrayUtils.java,org.apache.commons.lang3.ArrayUtils,org.pitest.mutationtest.engine.gregor.mutators.NullReturnValsMutator,copyArrayGrow1,3970,NO_COVERAGE,none
ArrayUtils.java,org.apache.commons.lang3.ArrayUtils,org.pitest.mutationtest.engine.gregor.mutators.NullReturnValsMutator,copyArrayGrow1,3972,NO_COVERAGE,none
ArrayUtils.java,org.apache.commons.lang3.ArrayUtils,org.pitest.mutationtest.engine.gregor.mutators.RemoveConditionalMutator_EQUAL_ELSE,copyArrayGrow1,3966,NO_COVERAGE,none
ArrayUtils.java,org.apache.commons.lang3.ArrayUtils,org.pitest.mutationtest.engine.gregor.mutators.RemoveConditionalMutator_EQUAL_IF,copyArrayGrow1,3966,NO_COVERAGE,none
ArrayUtils.java,org.apache.commons.lang3.ArrayUtils,org.pitest.mutationtest.engine.gregor.mutators.ReturnValsMutator,copyArrayGrow1,3970,NO_COVERAGE,none
ArrayUtils.java,org.apache.commons.lang3.ArrayUtils,org.pitest.mutationtest.engine.gregor.mutators.ReturnValsMutator,copyArrayGrow1,3972,NO_COVERAGE,none
ArrayUtils.java,org.apache.commons.lang3.ArrayUtils,org.pitest.mutationtest.engine.gregor.mutators.VoidMethodCallMutator,copyArrayGrow1,3969,NO_COVERAGE,none
ArrayUtils.java,org.apache.commons.lang3.ArrayUtils,org.pitest.mutationtest.engine.gregor.mutators.experimental.NakedReceiverMutator,copyArrayGrow1,3968,NO_COVERAGE,none
ArrayUtils.java,org.apache.commons.lang3.ArrayUtils,org.pitest.mutationtest.engine.gregor.mutators.InlineConstantMutator,getLength,1361,NO_COVERAGE,none
ArrayUtils.java,org.apache.commons.lang3.ArrayUtils,org.pitest.mutationtest.engine.gregor.mutators.NegateConditionalsMutator,getLength,1360,NO_COVERAGE,none
ArrayUtils.java,org.apache.commons.lang3.ArrayUtils,org.pitest.mutationtest.engine.gregor.mutators.NonVoidMethodCallMutator,getLength,1363,NO_COVERAGE,none
ArrayUtils.java,org.apache.commons.lang3.ArrayUtils,org.pitest.mutationtest.engine.gregor.mutators.PrimitiveReturnsMutator,getLength,1363,NO_COVERAGE,none
ArrayUtils.java,org.apache.commons.lang3.ArrayUtils,org.pitest.mutationtest.engine.gregor.mutators.RemoveConditionalMutator_EQUAL_ELSE,getLength,1360,NO_COVERAGE,none
ArrayUtils.java,org.apache.commons.lang3.ArrayUtils,org.pitest.mutationtest.engine.gregor.mutators.RemoveConditionalMutator_EQUAL_IF,getLength,1360,NO_COVERAGE,none
ArrayUtils.java,org.apache.commons.lang3.ArrayUtils,org.pitest.mutationtest.engine.gregor.mutators.ReturnValsMutator,getLength,1361,NO_COVERAGE,none
ArrayUtils.java,org.apache.commons.lang3.ArrayUtils,org.pitest.mutationtest.engine.gregor.mutators.ReturnValsMutator,getLength,1363,NO_COVERAGE,none
ArrayUtils.java,org.apache.commons.lang3.ArrayUtils,org.pitest.mutationtest.engine.gregor.mutators.ArgumentPropagationMutator,indexOf,2145,NO_COVERAGE,none
ArrayUtils.java,org.apache.commons.lang3.ArrayUtils,org.pitest.mutationtest.engine.gregor.mutators.InlineConstantMutator,indexOf,2145,NO_COVERAGE,none
ArrayUtils.java,org.apache.commons.lang3.ArrayUtils,org.pitest.mutationtest.engine.gregor.mutators.NonVoidMethodCallMutator,indexOf,2145,NO_COVERAGE,none
ArrayUtils.java,org.apache.commons.lang3.ArrayUtils,org.pitest.mutationtest.engine.gregor.mutators.PrimitiveReturnsMutator,indexOf,2145,NO_COVERAGE,none
ArrayUtils.java,org.apache.commons.lang3.ArrayUtils,org.pitest.mutationtest.engine.gregor.mutators.ReturnValsMutator,indexOf,2145,NO_COVERAGE,none
ArrayUtils.java,org.apache.commons.lang3.ArrayUtils,org.pitest.mutationtest.engine.gregor.mutators.ConditionalsBoundaryMutator,indexOf,2166,NO_COVERAGE,none
ArrayUtils.java,org.apache.commons.lang3.ArrayUtils,org.pitest.mutationtest.engine.gregor.mutators.ConditionalsBoundaryMutator,indexOf,2169,NO_COVERAGE,none
ArrayUtils.java,org.apache.commons.lang3.ArrayUtils,org.pitest.mutationtest.engine.gregor.mutators.InlineConstantMutator,indexOf,2164,NO_COVERAGE,none
ArrayUtils.java,org.apache.commons.lang3.ArrayUtils,org.pitest.mutationtest.engine.gregor.mutators.InlineConstantMutator,indexOf,2167,NO_COVERAGE,none
ArrayUtils.java,org.apache.commons.lang3.ArrayUtils,org.pitest.mutationtest.engine.gregor.mutators.InlineConstantMutator,indexOf,2174,NO_COVERAGE,none
ArrayUtils.java,org.apache.commons.lang3.ArrayUtils,org.pitest.mutationtest.engine.gregor.mutators.NegateConditionalsMutator,indexOf,2163,NO_COVERAGE,none
ArrayUtils.java,org.apache.commons.lang3.ArrayUtils,org.pitest.mutationtest.engine.gregor.mutators.NegateConditionalsMutator,indexOf,2166,NO_COVERAGE,none
ArrayUtils.java,org.apache.commons.lang3.ArrayUtils,org.pitest.mutationtest.engine.gregor.mutators.NegateConditionalsMutator,indexOf,2169,NO_COVERAGE,none
ArrayUtils.java,org.apache.commons.lang3.ArrayUtils,org.pitest.mutationtest.engine.gregor.mutators.NegateConditionalsMutator,indexOf,2170,NO_COVERAGE,none
ArrayUtils.java,org.apache.commons.lang3.ArrayUtils,org.pitest.mutationtest.engine.gregor.mutators.PrimitiveReturnsMutator,indexOf,2164,NO_COVERAGE,none
ArrayUtils.java,org.apache.commons.lang3.ArrayUtils,org.pitest.mutationtest.engine.gregor.mutators.PrimitiveReturnsMutator,indexOf,2171,NO_COVERAGE,none
ArrayUtils.java,org.apache.commons.lang3.ArrayUtils,org.pitest.mutationtest.engine.gregor.mutators.PrimitiveReturnsMutator,indexOf,2174,NO_COVERAGE,none
ArrayUtils.java,org.apache.commons.lang3.ArrayUtils,org.pitest.mutationtest.engine.gregor.mutators.RemoveConditionalMutator_EQUAL_ELSE,indexOf,2163,NO_COVERAGE,none
ArrayUtils.java,org.apache.commons.lang3.ArrayUtils,org.pitest.mutationtest.engine.gregor.mutators.RemoveConditionalMutator_EQUAL_ELSE,indexOf,2170,NO_COVERAGE,none
ArrayUtils.java,org.apache.commons.lang3.ArrayUtils,org.pitest.mutationtest.engine.gregor.mutators.RemoveConditionalMutator_EQUAL_IF,indexOf,2163,NO_COVERAGE,none
ArrayUtils.java,org.apache.commons.lang3.ArrayUtils,org.pitest.mutationtest.engine.gregor.mutators.RemoveConditionalMutator_EQUAL_IF,indexOf,2170,NO_COVERAGE,none
ArrayUtils.java,org.apache.commons.lang3.ArrayUtils,org.pitest.mutationtest.engine.gregor.mutators.RemoveConditionalMutator_ORDER_ELSE,indexOf,2166,NO_COVERAGE,none
ArrayUtils.java,org.apache.commons.lang3.ArrayUtils,org.pitest.mutationtest.engine.gregor.mutators.RemoveConditionalMutator_ORDER_ELSE,indexOf,2169,NO_COVERAGE,none
ArrayUtils.java,org.apache.commons.lang3.ArrayUtils,org.pitest.mutationtest.engine.gregor.mutators.RemoveConditionalMutator_ORDER_IF,indexOf,2166,NO_COVERAGE,none
ArrayUtils.java,org.apache.commons.lang3.ArrayUtils,org.pitest.mutationtest.engine.gregor.mutators.RemoveConditionalMutator_ORDER_IF,indexOf,2169,NO_COVERAGE,none
ArrayUtils.java,org.apache.commons.lang3.ArrayUtils,org.pitest.mutationtest.engine.gregor.mutators.ReturnValsMutator,indexOf,2164,NO_COVERAGE,none
ArrayUtils.java,org.apache.commons.lang3.ArrayUtils,org.pitest.mutationtest.engine.gregor.mutators.ReturnValsMutator,indexOf,2171,NO_COVERAGE,none
ArrayUtils.java,org.apache.commons.lang3.ArrayUtils,org.pitest.mutationtest.engine.gregor.mutators.ReturnValsMutator,indexOf,2174,NO_COVERAGE,none
ArrayUtils.java,org.apache.commons.lang3.ArrayUtils,org.pitest.mutationtest.engine.gregor.mutators.ArgumentPropagationMutator,indexOf,2038,NO_COVERAGE,none
ArrayUtils.java,org.apache.commons.lang3.ArrayUtils,org.pitest.mutationtest.engine.gregor.mutators.InlineConstantMutator,indexOf,2038,NO_COVERAGE,none
ArrayUtils.java,org.apache.commons.lang3.ArrayUtils,org.pitest.mutationtest.engine.gregor.mutators.NonVoidMethodCallMutator,indexOf,2038,NO_COVERAGE,none
ArrayUtils.java,org.apache.commons.lang3.ArrayUtils,org.pitest.mutationtest.engine.gregor.mutators.PrimitiveReturnsMutator,indexOf,2038,NO_COVERAGE,none
ArrayUtils.java,org.apache.commons.lang3.ArrayUtils,org.pitest.mutationtest.engine.gregor.mutators.ReturnValsMutator,indexOf,2038,NO_COVERAGE,none
ArrayUtils.java,org.apache.commons.lang3.ArrayUtils,org.pitest.mutationtest.engine.gregor.mutators.ConditionalsBoundaryMutator,indexOf,2060,NO_COVERAGE,none
ArrayUtils.java,org.apache.commons.lang3.ArrayUtils,org.pitest.mutationtest.engine.gregor.mutators.ConditionalsBoundaryMutator,indexOf,2063,NO_COVERAGE,none
ArrayUtils.java,org.apache.commons.lang3.ArrayUtils,org.pitest.mutationtest.engine.gregor.mutators.InlineConstantMutator,indexOf,2058,NO_COVERAGE,none
ArrayUtils.java,org.apache.commons.lang3.ArrayUtils,org.pitest.mutationtest.engine.gregor.mutators.InlineConstantMutator,indexOf,2061,NO_COVERAGE,none
ArrayUtils.java,org.apache.commons.lang3.ArrayUtils,org.pitest.mutationtest.engine.gregor.mutators.InlineConstantMutator,indexOf,2068,NO_COVERAGE,none
ArrayUtils.java,org.apache.commons.lang3.ArrayUtils,org.pitest.mutationtest.engine.gregor.mutators.NegateConditionalsMutator,indexOf,2057,NO_COVERAGE,none
ArrayUtils.java,org.apache.commons.lang3.ArrayUtils,org.pitest.mutationtest.engine.gregor.mutators.NegateConditionalsMutator,indexOf,2060,NO_COVERAGE,none
ArrayUtils.java,org.apache.commons.lang3.ArrayUtils,org.pitest.mutationtest.engine.gregor.mutators.NegateConditionalsMutator,indexOf,2063,NO_COVERAGE,none
ArrayUtils.java,org.apache.commons.lang3.ArrayUtils,org.pitest.mutationtest.engine.gregor.mutators.NegateConditionalsMutator,indexOf,2064,NO_COVERAGE,none
ArrayUtils.java,org.apache.commons.lang3.ArrayUtils,org.pitest.mutationtest.engine.gregor.mutators.PrimitiveReturnsMutator,indexOf,2058,NO_COVERAGE,none
ArrayUtils.java,org.apache.commons.lang3.ArrayUtils,org.pitest.mutationtest.engine.gregor.mutators.PrimitiveReturnsMutator,indexOf,2065,NO_COVERAGE,none
ArrayUtils.java,org.apache.commons.lang3.ArrayUtils,org.pitest.mutationtest.engine.gregor.mutators.PrimitiveReturnsMutator,indexOf,2068,NO_COVERAGE,none
ArrayUtils.java,org.apache.commons.lang3.ArrayUtils,org.pitest.mutationtest.engine.gregor.mutators.RemoveConditionalMutator_EQUAL_ELSE,indexOf,2057,NO_COVERAGE,none
ArrayUtils.java,org.apache.commons.lang3.ArrayUtils,org.pitest.mutationtest.engine.gregor.mutators.RemoveConditionalMutator_EQUAL_ELSE,indexOf,2064,NO_COVERAGE,none
ArrayUtils.java,org.apache.commons.lang3.ArrayUtils,org.pitest.mutationtest.engine.gregor.mutators.RemoveConditionalMutator_EQUAL_IF,indexOf,2057,NO_COVERAGE,none
ArrayUtils.java,org.apache.commons.lang3.ArrayUtils,org.pitest.mutationtest.engine.gregor.mutators.RemoveConditionalMutator_EQUAL_IF,indexOf,2064,NO_COVERAGE,none
ArrayUtils.java,org.apache.commons.lang3.ArrayUtils,org.pitest.mutationtest.engine.gregor.mutators.RemoveConditionalMutator_ORDER_ELSE,indexOf,2060,NO_COVERAGE,none
ArrayUtils.java,org.apache.commons.lang3.ArrayUtils,org.pitest.mutationtest.engine.gregor.mutators.RemoveConditionalMutator_ORDER_ELSE,indexOf,2063,NO_COVERAGE,none
ArrayUtils.java,org.apache.commons.lang3.ArrayUtils,org.pitest.mutationtest.engine.gregor.mutators.RemoveConditionalMutator_ORDER_IF,indexOf,2060,NO_COVERAGE,none
ArrayUtils.java,org.apache.commons.lang3.ArrayUtils,org.pitest.mutationtest.engine.gregor.mutators.RemoveConditionalMutator_ORDER_IF,indexOf,2063,NO_COVERAGE,none
ArrayUtils.java,org.apache.commons.lang3.ArrayUtils,org.pitest.mutationtest.engine.gregor.mutators.ReturnValsMutator,indexOf,2058,NO_COVERAGE,none
ArrayUtils.java,org.apache.commons.lang3.ArrayUtils,org.pitest.mutationtest.engine.gregor.mutators.ReturnValsMutator,indexOf,2065,NO_COVERAGE,none
ArrayUtils.java,org.apache.commons.lang3.ArrayUtils,org.pitest.mutationtest.engine.gregor.mutators.ReturnValsMutator,indexOf,2068,NO_COVERAGE,none
ArrayUtils.java,org.apache.commons.lang3.ArrayUtils,org.pitest.mutationtest.engine.gregor.mutators.ArgumentPropagationMutator,indexOf,2248,NO_COVERAGE,none
ArrayUtils.java,org.apache.commons.lang3.ArrayUtils,org.pitest.mutationtest.engine.gregor.mutators.InlineConstantMutator,indexOf,2248,NO_COVERAGE,none
ArrayUtils.java,org.apache.commons.lang3.ArrayUtils,org.pitest.mutationtest.engine.gregor.mutators.NonVoidMethodCallMutator,indexOf,2248,NO_COVERAGE,none
ArrayUtils.java,org.apache.commons.lang3.ArrayUtils,org.pitest.mutationtest.engine.gregor.mutators.PrimitiveReturnsMutator,indexOf,2248,NO_COVERAGE,none
ArrayUtils.java,org.apache.commons.lang3.ArrayUtils,org.pitest.mutationtest.engine.gregor.mutators.ReturnValsMutator,indexOf,2248,NO_COVERAGE,none
ArrayUtils.java,org.apache.commons.lang3.ArrayUtils,org.pitest.mutationtest.engine.gregor.mutators.ArgumentPropagationMutator,indexOf,2265,NO_COVERAGE,none
ArrayUtils.java,org.apache.commons.lang3.ArrayUtils,org.pitest.mutationtest.engine.gregor.mutators.InlineConstantMutator,indexOf,2265,NO_COVERAGE,none
ArrayUtils.java,org.apache.commons.lang3.ArrayUtils,org.pitest.mutationtest.engine.gregor.mutators.NonVoidMethodCallMutator,indexOf,2265,NO_COVERAGE,none
ArrayUtils.java,org.apache.commons.lang3.ArrayUtils,org.pitest.mutationtest.engine.gregor.mutators.PrimitiveReturnsMutator,indexOf,2265,NO_COVERAGE,none
ArrayUtils.java,org.apache.commons.lang3.ArrayUtils,org.pitest.mutationtest.engine.gregor.mutators.ReturnValsMutator,indexOf,2265,NO_COVERAGE,none
ArrayUtils.java,org.apache.commons.lang3.ArrayUtils,org.pitest.mutationtest.engine.gregor.mutators.ConditionalsBoundaryMutator,indexOf,2286,NO_COVERAGE,none
ArrayUtils.java,org.apache.commons.lang3.ArrayUtils,org.pitest.mutationtest.engine.gregor.mutators.ConditionalsBoundaryMutator,indexOf,2289,NO_COVERAGE,none
ArrayUtils.java,org.apache.commons.lang3.ArrayUtils,org.pitest.mutationtest.engine.gregor.mutators.InlineConstantMutator,indexOf,2284,NO_COVERAGE,none
ArrayUtils.java,org.apache.commons.lang3.ArrayUtils,org.pitest.mutationtest.engine.gregor.mutators.InlineConstantMutator,indexOf,2287,NO_COVERAGE,none
ArrayUtils.java,org.apache.commons.lang3.ArrayUtils,org.pitest.mutationtest.engine.gregor.mutators.InlineConstantMutator,indexOf,2294,NO_COVERAGE,none
ArrayUtils.java,org.apache.commons.lang3.ArrayUtils,org.pitest.mutationtest.engine.gregor.mutators.NegateConditionalsMutator,indexOf,2283,NO_COVERAGE,none
ArrayUtils.java,org.apache.commons.lang3.ArrayUtils,org.pitest.mutationtest.engine.gregor.mutators.NegateConditionalsMutator,indexOf,2286,NO_COVERAGE,none
ArrayUtils.java,org.apache.commons.lang3.ArrayUtils,org.pitest.mutationtest.engine.gregor.mutators.NegateConditionalsMutator,indexOf,2289,NO_COVERAGE,none
ArrayUtils.java,org.apache.commons.lang3.ArrayUtils,org.pitest.mutationtest.engine.gregor.mutators.NegateConditionalsMutator,indexOf,2290,NO_COVERAGE,none
ArrayUtils.java,org.apache.commons.lang3.ArrayUtils,org.pitest.mutationtest.engine.gregor.mutators.NonVoidMethodCallMutator,indexOf,2283,NO_COVERAGE,none
ArrayUtils.java,org.apache.commons.lang3.ArrayUtils,org.pitest.mutationtest.engine.gregor.mutators.PrimitiveReturnsMutator,indexOf,2284,NO_COVERAGE,none
ArrayUtils.java,org.apache.commons.lang3.ArrayUtils,org.pitest.mutationtest.engine.gregor.mutators.PrimitiveReturnsMutator,indexOf,2291,NO_COVERAGE,none
ArrayUtils.java,org.apache.commons.lang3.ArrayUtils,org.pitest.mutationtest.engine.gregor.mutators.PrimitiveReturnsMutator,indexOf,2294,NO_COVERAGE,none
ArrayUtils.java,org.apache.commons.lang3.ArrayUtils,org.pitest.mutationtest.engine.gregor.mutators.RemoveConditionalMutator_EQUAL_ELSE,indexOf,2283,NO_COVERAGE,none
ArrayUtils.java,org.apache.commons.lang3.ArrayUtils,org.pitest.mutationtest.engine.gregor.mutators.RemoveConditionalMutator_EQUAL_ELSE,indexOf,2290,NO_COVERAGE,none
ArrayUtils.java,org.apache.commons.lang3.ArrayUtils,org.pitest.mutationtest.engine.gregor.mutators.RemoveConditionalMutator_EQUAL_IF,indexOf,2283,NO_COVERAGE,none
ArrayUtils.java,org.apache.commons.lang3.ArrayUtils,org.pitest.mutationtest.engine.gregor.mutators.RemoveConditionalMutator_EQUAL_IF,indexOf,2290,NO_COVERAGE,none
ArrayUtils.java,org.apache.commons.lang3.ArrayUtils,org.pitest.mutationtest.engine.gregor.mutators.RemoveConditionalMutator_ORDER_ELSE,indexOf,2286,NO_COVERAGE,none
ArrayUtils.java,org.apache.commons.lang3.ArrayUtils,org.pitest.mutationtest.engine.gregor.mutators.RemoveConditionalMutator_ORDER_ELSE,indexOf,2289,NO_COVERAGE,none
ArrayUtils.java,org.apache.commons.lang3.ArrayUtils,org.pitest.mutationtest.engine.gregor.mutators.RemoveConditionalMutator_ORDER_IF,indexOf,2286,NO_COVERAGE,none
ArrayUtils.java,org.apache.commons.lang3.ArrayUtils,org.pitest.mutationtest.engine.gregor.mutators.RemoveConditionalMutator_ORDER_IF,indexOf,2289,NO_COVERAGE,none
ArrayUtils.java,org.apache.commons.lang3.ArrayUtils,org.pitest.mutationtest.engine.gregor.mutators.ReturnValsMutator,indexOf,2284,NO_COVERAGE,none
ArrayUtils.java,org.apache.commons.lang3.ArrayUtils,org.pitest.mutationtest.engine.gregor.mutators.ReturnValsMutator,indexOf,2291,NO_COVERAGE,none
ArrayUtils.java,org.apache.commons.lang3.ArrayUtils,org.pitest.mutationtest.engine.gregor.mutators.ReturnValsMutator,indexOf,2294,NO_COVERAGE,none
ArrayUtils.java,org.apache.commons.lang3.ArrayUtils,org.pitest.mutationtest.engine.gregor.mutators.ConditionalsBoundaryMutator,indexOf,2318,NO_COVERAGE,none
ArrayUtils.java,org.apache.commons.lang3.ArrayUtils,org.pitest.mutationtest.engine.gregor.mutators.ConditionalsBoundaryMutator,indexOf,2323,NO_COVERAGE,none
ArrayUtils.java,org.apache.commons.lang3.ArrayUtils,org.pitest.mutationtest.engine.gregor.mutators.ConditionalsBoundaryMutator,indexOf,2324,NO_COVERAGE,none
ArrayUtils.java,org.apache.commons.lang3.ArrayUtils,org.pitest.mutationtest.engine.gregor.mutators.ConditionalsBoundaryMutator,indexOf,2324,NO_COVERAGE,none
ArrayUtils.java,org.apache.commons.lang3.ArrayUtils,org.pitest.mutationtest.engine.gregor.mutators.InlineConstantMutator,indexOf,2316,NO_COVERAGE,none
ArrayUtils.java,org.apache.commons.lang3.ArrayUtils,org.pitest.mutationtest.engine.gregor.mutators.InlineConstantMutator,indexOf,2319,NO_COVERAGE,none
ArrayUtils.java,org.apache.commons.lang3.ArrayUtils,org.pitest.mutationtest.engine.gregor.mutators.InlineConstantMutator,indexOf,2328,NO_COVERAGE,none
ArrayUtils.java,org.apache.commons.lang3.ArrayUtils,org.pitest.mutationtest.engine.gregor.mutators.MathMutator,indexOf,2321,NO_COVERAGE,none
ArrayUtils.java,org.apache.commons.lang3.ArrayUtils,org.pitest.mutationtest.engine.gregor.mutators.MathMutator,indexOf,2322,NO_COVERAGE,none
ArrayUtils.java,org.apache.commons.lang3.ArrayUtils,org.pitest.mutationtest.engine.gregor.mutators.NegateConditionalsMutator,indexOf,2315,NO_COVERAGE,none
ArrayUtils.java,org.apache.commons.lang3.ArrayUtils,org.pitest.mutationtest.engine.gregor.mutators.NegateConditionalsMutator,indexOf,2318,NO_COVERAGE,none
ArrayUtils.java,org.apache.commons.lang3.ArrayUtils,org.pitest.mutationtest.engine.gregor.mutators.NegateConditionalsMutator,indexOf,2323,NO_COVERAGE,none
ArrayUtils.java,org.apache.commons.lang3.ArrayUtils,org.pitest.mutationtest.engine.gregor.mutators.NegateConditionalsMutator,indexOf,2324,NO_COVERAGE,none
ArrayUtils.java,org.apache.commons.lang3.ArrayUtils,org.pitest.mutationtest.engine.gregor.mutators.NegateConditionalsMutator,indexOf,2324,NO_COVERAGE,none
ArrayUtils.java,org.apache.commons.lang3.ArrayUtils,org.pitest.mutationtest.engine.gregor.mutators.NonVoidMethodCallMutator,indexOf,2315,NO_COVERAGE,none
ArrayUtils.java,org.apache.commons.lang3.ArrayUtils,org.pitest.mutationtest.engine.gregor.mutators.PrimitiveReturnsMutator,indexOf,2316,NO_COVERAGE,none
ArrayUtils.java,org.apache.commons.lang3.ArrayUtils,org.pitest.mutationtest.engine.gregor.mutators.PrimitiveReturnsMutator,indexOf,2325,NO_COVERAGE,none
ArrayUtils.java,org.apache.commons.lang3.ArrayUtils,org.pitest.mutationtest.engine.gregor.mutators.PrimitiveReturnsMutator,indexOf,2328,NO_COVERAGE,none
ArrayUtils.java,org.apache.commons.lang3.ArrayUtils,org.pitest.mutationtest.engine.gregor.mutators.RemoveConditionalMutator_EQUAL_ELSE,indexOf,2315,NO_COVERAGE,none
ArrayUtils.java,org.apache.commons.lang3.ArrayUtils,org.pitest.mutationtest.engine.gregor.mutators.RemoveConditionalMutator_EQUAL_IF,indexOf,2315,NO_COVERAGE,none
ArrayUtils.java,org.apache.commons.lang3.ArrayUtils,org.pitest.mutationtest.engine.gregor.mutators.RemoveConditionalMutator_ORDER_ELSE,indexOf,2318,NO_COVERAGE,none
ArrayUtils.java,org.apache.commons.lang3.ArrayUtils,org.pitest.mutationtest.engine.gregor.mutators.RemoveConditionalMutator_ORDER_ELSE,indexOf,2323,NO_COVERAGE,none
ArrayUtils.java,org.apache.commons.lang3.ArrayUtils,org.pitest.mutationtest.engine.gregor.mutators.RemoveConditionalMutator_ORDER_ELSE,indexOf,2324,NO_COVERAGE,none
ArrayUtils.java,org.apache.commons.lang3.ArrayUtils,org.pitest.mutationtest.engine.gregor.mutators.RemoveConditionalMutator_ORDER_ELSE,indexOf,2324,NO_COVERAGE,none
ArrayUtils.java,org.apache.commons.lang3.ArrayUtils,org.pitest.mutationtest.engine.gregor.mutators.RemoveConditionalMutator_ORDER_IF,indexOf,2318,NO_COVERAGE,none
ArrayUtils.java,org.apache.commons.lang3.ArrayUtils,org.pitest.mutationtest.engine.gregor.mutators.RemoveConditionalMutator_ORDER_IF,indexOf,2323,NO_COVERAGE,none
ArrayUtils.java,org.apache.commons.lang3.ArrayUtils,org.pitest.mutationtest.engine.gregor.mutators.RemoveConditionalMutator_ORDER_IF,indexOf,2324,NO_COVERAGE,none
ArrayUtils.java,org.apache.commons.lang3.ArrayUtils,org.pitest.mutationtest.engine.gregor.mutators.RemoveConditionalMutator_ORDER_IF,indexOf,2324,NO_COVERAGE,none
ArrayUtils.java,org.apache.commons.lang3.ArrayUtils,org.pitest.mutationtest.engine.gregor.mutators.ReturnValsMutator,indexOf,2316,NO_COVERAGE,none
ArrayUtils.java,org.apache.commons.lang3.ArrayUtils,org.pitest.mutationtest.engine.gregor.mutators.ReturnValsMutator,indexOf,2325,NO_COVERAGE,none
ArrayUtils.java,org.apache.commons.lang3.ArrayUtils,org.pitest.mutationtest.engine.gregor.mutators.ReturnValsMutator,indexOf,2328,NO_COVERAGE,none
ArrayUtils.java,org.apache.commons.lang3.ArrayUtils,org.pitest.mutationtest.engine.gregor.mutators.ArgumentPropagationMutator,indexOf,2472,NO_COVERAGE,none
ArrayUtils.java,org.apache.commons.lang3.ArrayUtils,org.pitest.mutationtest.engine.gregor.mutators.InlineConstantMutator,indexOf,2472,NO_COVERAGE,none
ArrayUtils.java,org.apache.commons.lang3.ArrayUtils,org.pitest.mutationtest.engine.gregor.mutators.NonVoidMethodCallMutator,indexOf,2472,NO_COVERAGE,none
ArrayUtils.java,org.apache.commons.lang3.ArrayUtils,org.pitest.mutationtest.engine.gregor.mutators.PrimitiveReturnsMutator,indexOf,2472,NO_COVERAGE,none
ArrayUtils.java,org.apache.commons.lang3.ArrayUtils,org.pitest.mutationtest.engine.gregor.mutators.ReturnValsMutator,indexOf,2472,NO_COVERAGE,none
ArrayUtils.java,org.apache.commons.lang3.ArrayUtils,org.pitest.mutationtest.engine.gregor.mutators.ConditionalsBoundaryMutator,indexOf,2493,NO_COVERAGE,none
ArrayUtils.java,org.apache.commons.lang3.ArrayUtils,org.pitest.mutationtest.engine.gregor.mutators.ConditionalsBoundaryMutator,indexOf,2496,NO_COVERAGE,none
ArrayUtils.java,org.apache.commons.lang3.ArrayUtils,org.pitest.mutationtest.engine.gregor.mutators.InlineConstantMutator,indexOf,2491,NO_COVERAGE,none
ArrayUtils.java,org.apache.commons.lang3.ArrayUtils,org.pitest.mutationtest.engine.gregor.mutators.InlineConstantMutator,indexOf,2494,NO_COVERAGE,none
ArrayUtils.java,org.apache.commons.lang3.ArrayUtils,org.pitest.mutationtest.engine.gregor.mutators.InlineConstantMutator,indexOf,2501,NO_COVERAGE,none
ArrayUtils.java,org.apache.commons.lang3.ArrayUtils,org.pitest.mutationtest.engine.gregor.mutators.NegateConditionalsMutator,indexOf,2490,NO_COVERAGE,none
ArrayUtils.java,org.apache.commons.lang3.ArrayUtils,org.pitest.mutationtest.engine.gregor.mutators.NegateConditionalsMutator,indexOf,2493,NO_COVERAGE,none
ArrayUtils.java,org.apache.commons.lang3.ArrayUtils,org.pitest.mutationtest.engine.gregor.mutators.NegateConditionalsMutator,indexOf,2496,NO_COVERAGE,none
ArrayUtils.java,org.apache.commons.lang3.ArrayUtils,org.pitest.mutationtest.engine.gregor.mutators.NegateConditionalsMutator,indexOf,2497,NO_COVERAGE,none
ArrayUtils.java,org.apache.commons.lang3.ArrayUtils,org.pitest.mutationtest.engine.gregor.mutators.NonVoidMethodCallMutator,indexOf,2490,NO_COVERAGE,none
ArrayUtils.java,org.apache.commons.lang3.ArrayUtils,org.pitest.mutationtest.engine.gregor.mutators.PrimitiveReturnsMutator,indexOf,2491,NO_COVERAGE,none
ArrayUtils.java,org.apache.commons.lang3.ArrayUtils,org.pitest.mutationtest.engine.gregor.mutators.PrimitiveReturnsMutator,indexOf,2498,NO_COVERAGE,none
ArrayUtils.java,org.apache.commons.lang3.ArrayUtils,org.pitest.mutationtest.engine.gregor.mutators.PrimitiveReturnsMutator,indexOf,2501,NO_COVERAGE,none
ArrayUtils.java,org.apache.commons.lang3.ArrayUtils,org.pitest.mutationtest.engine.gregor.mutators.RemoveConditionalMutator_EQUAL_ELSE,indexOf,2490,NO_COVERAGE,none
ArrayUtils.java,org.apache.commons.lang3.ArrayUtils,org.pitest.mutationtest.engine.gregor.mutators.RemoveConditionalMutator_EQUAL_ELSE,indexOf,2497,NO_COVERAGE,none
ArrayUtils.java,org.apache.commons.lang3.ArrayUtils,org.pitest.mutationtest.engine.gregor.mutators.RemoveConditionalMutator_EQUAL_IF,indexOf,2490,NO_COVERAGE,none
ArrayUtils.java,org.apache.commons.lang3.ArrayUtils,org.pitest.mutationtest.engine.gregor.mutators.RemoveConditionalMutator_EQUAL_IF,indexOf,2497,NO_COVERAGE,none
ArrayUtils.java,org.apache.commons.lang3.ArrayUtils,org.pitest.mutationtest.engine.gregor.mutators.RemoveConditionalMutator_ORDER_ELSE,indexOf,2493,NO_COVERAGE,none
ArrayUtils.java,org.apache.commons.lang3.ArrayUtils,org.pitest.mutationtest.engine.gregor.mutators.RemoveConditionalMutator_ORDER_ELSE,indexOf,2496,NO_COVERAGE,none
ArrayUtils.java,org.apache.commons.lang3.ArrayUtils,org.pitest.mutationtest.engine.gregor.mutators.RemoveConditionalMutator_ORDER_IF,indexOf,2493,NO_COVERAGE,none
ArrayUtils.java,org.apache.commons.lang3.ArrayUtils,org.pitest.mutationtest.engine.gregor.mutators.RemoveConditionalMutator_ORDER_IF,indexOf,2496,NO_COVERAGE,none
ArrayUtils.java,org.apache.commons.lang3.ArrayUtils,org.pitest.mutationtest.engine.gregor.mutators.ReturnValsMutator,indexOf,2491,NO_COVERAGE,none
ArrayUtils.java,org.apache.commons.lang3.ArrayUtils,org.pitest.mutationtest.engine.gregor.mutators.ReturnValsMutator,indexOf,2498,NO_COVERAGE,none
ArrayUtils.java,org.apache.commons.lang3.ArrayUtils,org.pitest.mutationtest.engine.gregor.mutators.ReturnValsMutator,indexOf,2501,NO_COVERAGE,none
ArrayUtils.java,org.apache.commons.lang3.ArrayUtils,org.pitest.mutationtest.engine.gregor.mutators.ArgumentPropagationMutator,indexOf,1831,NO_COVERAGE,none
ArrayUtils.java,org.apache.commons.lang3.ArrayUtils,org.pitest.mutationtest.engine.gregor.mutators.InlineConstantMutator,indexOf,1831,NO_COVERAGE,none
ArrayUtils.java,org.apache.commons.lang3.ArrayUtils,org.pitest.mutationtest.engine.gregor.mutators.NonVoidMethodCallMutator,indexOf,1831,NO_COVERAGE,none
ArrayUtils.java,org.apache.commons.lang3.ArrayUtils,org.pitest.mutationtest.engine.gregor.mutators.PrimitiveReturnsMutator,indexOf,1831,NO_COVERAGE,none
ArrayUtils.java,org.apache.commons.lang3.ArrayUtils,org.pitest.mutationtest.engine.gregor.mutators.ReturnValsMutator,indexOf,1831,NO_COVERAGE,none
ArrayUtils.java,org.apache.commons.lang3.ArrayUtils,org.pitest.mutationtest.engine.gregor.mutators.ConditionalsBoundaryMutator,indexOf,1852,NO_COVERAGE,none
ArrayUtils.java,org.apache.commons.lang3.ArrayUtils,org.pitest.mutationtest.engine.gregor.mutators.ConditionalsBoundaryMutator,indexOf,1855,NO_COVERAGE,none
ArrayUtils.java,org.apache.commons.lang3.ArrayUtils,org.pitest.mutationtest.engine.gregor.mutators.InlineConstantMutator,indexOf,1850,NO_COVERAGE,none
ArrayUtils.java,org.apache.commons.lang3.ArrayUtils,org.pitest.mutationtest.engine.gregor.mutators.InlineConstantMutator,indexOf,1853,NO_COVERAGE,none
ArrayUtils.java,org.apache.commons.lang3.ArrayUtils,org.pitest.mutationtest.engine.gregor.mutators.InlineConstantMutator,indexOf,1860,NO_COVERAGE,none
ArrayUtils.java,org.apache.commons.lang3.ArrayUtils,org.pitest.mutationtest.engine.gregor.mutators.NegateConditionalsMutator,indexOf,1849,NO_COVERAGE,none
ArrayUtils.java,org.apache.commons.lang3.ArrayUtils,org.pitest.mutationtest.engine.gregor.mutators.NegateConditionalsMutator,indexOf,1852,NO_COVERAGE,none
ArrayUtils.java,org.apache.commons.lang3.ArrayUtils,org.pitest.mutationtest.engine.gregor.mutators.NegateConditionalsMutator,indexOf,1855,NO_COVERAGE,none
ArrayUtils.java,org.apache.commons.lang3.ArrayUtils,org.pitest.mutationtest.engine.gregor.mutators.NegateConditionalsMutator,indexOf,1856,NO_COVERAGE,none
ArrayUtils.java,org.apache.commons.lang3.ArrayUtils,org.pitest.mutationtest.engine.gregor.mutators.PrimitiveReturnsMutator,indexOf,1850,NO_COVERAGE,none
ArrayUtils.java,org.apache.commons.lang3.ArrayUtils,org.pitest.mutationtest.engine.gregor.mutators.PrimitiveReturnsMutator,indexOf,1857,NO_COVERAGE,none
ArrayUtils.java,org.apache.commons.lang3.ArrayUtils,org.pitest.mutationtest.engine.gregor.mutators.PrimitiveReturnsMutator,indexOf,1860,NO_COVERAGE,none
ArrayUtils.java,org.apache.commons.lang3.ArrayUtils,org.pitest.mutationtest.engine.gregor.mutators.RemoveConditionalMutator_EQUAL_ELSE,indexOf,1849,NO_COVERAGE,none
ArrayUtils.java,org.apache.commons.lang3.ArrayUtils,org.pitest.mutationtest.engine.gregor.mutators.RemoveConditionalMutator_EQUAL_ELSE,indexOf,1856,NO_COVERAGE,none
ArrayUtils.java,org.apache.commons.lang3.ArrayUtils,org.pitest.mutationtest.engine.gregor.mutators.RemoveConditionalMutator_EQUAL_IF,indexOf,1849,NO_COVERAGE,none
ArrayUtils.java,org.apache.commons.lang3.ArrayUtils,org.pitest.mutationtest.engine.gregor.mutators.RemoveConditionalMutator_EQUAL_IF,indexOf,1856,NO_COVERAGE,none
ArrayUtils.java,org.apache.commons.lang3.ArrayUtils,org.pitest.mutationtest.engine.gregor.mutators.RemoveConditionalMutator_ORDER_ELSE,indexOf,1852,NO_COVERAGE,none
ArrayUtils.java,org.apache.commons.lang3.ArrayUtils,org.pitest.mutationtest.engine.gregor.mutators.RemoveConditionalMutator_ORDER_ELSE,indexOf,1855,NO_COVERAGE,none
ArrayUtils.java,org.apache.commons.lang3.ArrayUtils,org.pitest.mutationtest.engine.gregor.mutators.RemoveConditionalMutator_ORDER_IF,indexOf,1852,NO_COVERAGE,none
ArrayUtils.java,org.apache.commons.lang3.ArrayUtils,org.pitest.mutationtest.engine.gregor.mutators.RemoveConditionalMutator_ORDER_IF,indexOf,1855,NO_COVERAGE,none
ArrayUtils.java,org.apache.commons.lang3.ArrayUtils,org.pitest.mutationtest.engine.gregor.mutators.ReturnValsMutator,indexOf,1850,NO_COVERAGE,none
ArrayUtils.java,org.apache.commons.lang3.ArrayUtils,org.pitest.mutationtest.engine.gregor.mutators.ReturnValsMutator,indexOf,1857,NO_COVERAGE,none
ArrayUtils.java,org.apache.commons.lang3.ArrayUtils,org.pitest.mutationtest.engine.gregor.mutators.ReturnValsMutator,indexOf,1860,NO_COVERAGE,none
ArrayUtils.java,org.apache.commons.lang3.ArrayUtils,org.pitest.mutationtest.engine.gregor.mutators.ArgumentPropagationMutator,indexOf,1728,NO_COVERAGE,none
ArrayUtils.java,org.apache.commons.lang3.ArrayUtils,org.pitest.mutationtest.engine.gregor.mutators.InlineConstantMutator,indexOf,1728,NO_COVERAGE,none
ArrayUtils.java,org.apache.commons.lang3.ArrayUtils,org.pitest.mutationtest.engine.gregor.mutators.NonVoidMethodCallMutator,indexOf,1728,NO_COVERAGE,none
ArrayUtils.java,org.apache.commons.lang3.ArrayUtils,org.pitest.mutationtest.engine.gregor.mutators.PrimitiveReturnsMutator,indexOf,1728,NO_COVERAGE,none
ArrayUtils.java,org.apache.commons.lang3.ArrayUtils,org.pitest.mutationtest.engine.gregor.mutators.ReturnValsMutator,indexOf,1728,NO_COVERAGE,none
ArrayUtils.java,org.apache.commons.lang3.ArrayUtils,org.pitest.mutationtest.engine.gregor.mutators.ConditionalsBoundaryMutator,indexOf,1749,NO_COVERAGE,none
ArrayUtils.java,org.apache.commons.lang3.ArrayUtils,org.pitest.mutationtest.engine.gregor.mutators.ConditionalsBoundaryMutator,indexOf,1752,NO_COVERAGE,none
ArrayUtils.java,org.apache.commons.lang3.ArrayUtils,org.pitest.mutationtest.engine.gregor.mutators.InlineConstantMutator,indexOf,1747,NO_COVERAGE,none
ArrayUtils.java,org.apache.commons.lang3.ArrayUtils,org.pitest.mutationtest.engine.gregor.mutators.InlineConstantMutator,indexOf,1750,NO_COVERAGE,none
ArrayUtils.java,org.apache.commons.lang3.ArrayUtils,org.pitest.mutationtest.engine.gregor.mutators.InlineConstantMutator,indexOf,1757,NO_COVERAGE,none
ArrayUtils.java,org.apache.commons.lang3.ArrayUtils,org.pitest.mutationtest.engine.gregor.mutators.NegateConditionalsMutator,indexOf,1746,NO_COVERAGE,none
ArrayUtils.java,org.apache.commons.lang3.ArrayUtils,org.pitest.mutationtest.engine.gregor.mutators.NegateConditionalsMutator,indexOf,1749,NO_COVERAGE,none
ArrayUtils.java,org.apache.commons.lang3.ArrayUtils,org.pitest.mutationtest.engine.gregor.mutators.NegateConditionalsMutator,indexOf,1752,NO_COVERAGE,none
ArrayUtils.java,org.apache.commons.lang3.ArrayUtils,org.pitest.mutationtest.engine.gregor.mutators.NegateConditionalsMutator,indexOf,1753,NO_COVERAGE,none
ArrayUtils.java,org.apache.commons.lang3.ArrayUtils,org.pitest.mutationtest.engine.gregor.mutators.PrimitiveReturnsMutator,indexOf,1747,NO_COVERAGE,none
ArrayUtils.java,org.apache.commons.lang3.ArrayUtils,org.pitest.mutationtest.engine.gregor.mutators.PrimitiveReturnsMutator,indexOf,1754,NO_COVERAGE,none
ArrayUtils.java,org.apache.commons.lang3.ArrayUtils,org.pitest.mutationtest.engine.gregor.mutators.PrimitiveReturnsMutator,indexOf,1757,NO_COVERAGE,none
ArrayUtils.java,org.apache.commons.lang3.ArrayUtils,org.pitest.mutationtest.engine.gregor.mutators.RemoveConditionalMutator_EQUAL_ELSE,indexOf,1746,NO_COVERAGE,none
ArrayUtils.java,org.apache.commons.lang3.ArrayUtils,org.pitest.mutationtest.engine.gregor.mutators.RemoveConditionalMutator_EQUAL_ELSE,indexOf,1753,NO_COVERAGE,none
ArrayUtils.java,org.apache.commons.lang3.ArrayUtils,org.pitest.mutationtest.engine.gregor.mutators.RemoveConditionalMutator_EQUAL_IF,indexOf,1746,NO_COVERAGE,none
ArrayUtils.java,org.apache.commons.lang3.ArrayUtils,org.pitest.mutationtest.engine.gregor.mutators.RemoveConditionalMutator_EQUAL_IF,indexOf,1753,NO_COVERAGE,none
ArrayUtils.java,org.apache.commons.lang3.ArrayUtils,org.pitest.mutationtest.engine.gregor.mutators.RemoveConditionalMutator_ORDER_ELSE,indexOf,1749,NO_COVERAGE,none
ArrayUtils.java,org.apache.commons.lang3.ArrayUtils,org.pitest.mutationtest.engine.gregor.mutators.RemoveConditionalMutator_ORDER_ELSE,indexOf,1752,NO_COVERAGE,none
ArrayUtils.java,org.apache.commons.lang3.ArrayUtils,org.pitest.mutationtest.engine.gregor.mutators.RemoveConditionalMutator_ORDER_IF,indexOf,1749,NO_COVERAGE,none
ArrayUtils.java,org.apache.commons.lang3.ArrayUtils,org.pitest.mutationtest.engine.gregor.mutators.RemoveConditionalMutator_ORDER_IF,indexOf,1752,NO_COVERAGE,none
ArrayUtils.java,org.apache.commons.lang3.ArrayUtils,org.pitest.mutationtest.engine.gregor.mutators.ReturnValsMutator,indexOf,1747,NO_COVERAGE,none
ArrayUtils.java,org.apache.commons.lang3.ArrayUtils,org.pitest.mutationtest.engine.gregor.mutators.ReturnValsMutator,indexOf,1754,NO_COVERAGE,none
ArrayUtils.java,org.apache.commons.lang3.ArrayUtils,org.pitest.mutationtest.engine.gregor.mutators.ReturnValsMutator,indexOf,1757,NO_COVERAGE,none
ArrayUtils.java,org.apache.commons.lang3.ArrayUtils,org.pitest.mutationtest.engine.gregor.mutators.ArgumentPropagationMutator,indexOf,1609,NO_COVERAGE,none
ArrayUtils.java,org.apache.commons.lang3.ArrayUtils,org.pitest.mutationtest.engine.gregor.mutators.InlineConstantMutator,indexOf,1609,NO_COVERAGE,none
ArrayUtils.java,org.apache.commons.lang3.ArrayUtils,org.pitest.mutationtest.engine.gregor.mutators.NonVoidMethodCallMutator,indexOf,1609,NO_COVERAGE,none
ArrayUtils.java,org.apache.commons.lang3.ArrayUtils,org.pitest.mutationtest.engine.gregor.mutators.PrimitiveReturnsMutator,indexOf,1609,NO_COVERAGE,none
ArrayUtils.java,org.apache.commons.lang3.ArrayUtils,org.pitest.mutationtest.engine.gregor.mutators.ReturnValsMutator,indexOf,1609,NO_COVERAGE,none
ArrayUtils.java,org.apache.commons.lang3.ArrayUtils,org.pitest.mutationtest.engine.gregor.mutators.ConditionalsBoundaryMutator,indexOf,1630,NO_COVERAGE,none
ArrayUtils.java,org.apache.commons.lang3.ArrayUtils,org.pitest.mutationtest.engine.gregor.mutators.ConditionalsBoundaryMutator,indexOf,1634,NO_COVERAGE,none
ArrayUtils.java,org.apache.commons.lang3.ArrayUtils,org.pitest.mutationtest.engine.gregor.mutators.ConditionalsBoundaryMutator,indexOf,1640,NO_COVERAGE,none
ArrayUtils.java,org.apache.commons.lang3.ArrayUtils,org.pitest.mutationtest.engine.gregor.mutators.InlineConstantMutator,indexOf,1628,NO_COVERAGE,none
ArrayUtils.java,org.apache.commons.lang3.ArrayUtils,org.pitest.mutationtest.engine.gregor.mutators.InlineConstantMutator,indexOf,1631,NO_COVERAGE,none
ArrayUtils.java,org.apache.commons.lang3.ArrayUtils,org.pitest.mutationtest.engine.gregor.mutators.InlineConstantMutator,indexOf,1646,NO_COVERAGE,none
ArrayUtils.java,org.apache.commons.lang3.ArrayUtils,org.pitest.mutationtest.engine.gregor.mutators.NegateConditionalsMutator,indexOf,1627,NO_COVERAGE,none
ArrayUtils.java,org.apache.commons.lang3.ArrayUtils,org.pitest.mutationtest.engine.gregor.mutators.NegateConditionalsMutator,indexOf,1630,NO_COVERAGE,none
ArrayUtils.java,org.apache.commons.lang3.ArrayUtils,org.pitest.mutationtest.engine.gregor.mutators.NegateConditionalsMutator,indexOf,1633,NO_COVERAGE,none
ArrayUtils.java,org.apache.commons.lang3.ArrayUtils,org.pitest.mutationtest.engine.gregor.mutators.NegateConditionalsMutator,indexOf,1634,NO_COVERAGE,none
ArrayUtils.java,org.apache.commons.lang3.ArrayUtils,org.pitest.mutationtest.engine.gregor.mutators.NegateConditionalsMutator,indexOf,1635,NO_COVERAGE,none
ArrayUtils.java,org.apache.commons.lang3.ArrayUtils,org.pitest.mutationtest.engine.gregor.mutators.NegateConditionalsMutator,indexOf,1639,NO_COVERAGE,none
ArrayUtils.java,org.apache.commons.lang3.ArrayUtils,org.pitest.mutationtest.engine.gregor.mutators.NegateConditionalsMutator,indexOf,1640,NO_COVERAGE,none
ArrayUtils.java,org.apache.commons.lang3.ArrayUtils,org.pitest.mutationtest.engine.gregor.mutators.NegateConditionalsMutator,indexOf,1641,NO_COVERAGE,none
ArrayUtils.java,org.apache.commons.lang3.ArrayUtils,org.pitest.mutationtest.engine.gregor.mutators.NonVoidMethodCallMutator,indexOf,1639,NO_COVERAGE,none
ArrayUtils.java,org.apache.commons.lang3.ArrayUtils,org.pitest.mutationtest.engine.gregor.mutators.NonVoidMethodCallMutator,indexOf,1639,NO_COVERAGE,none
ArrayUtils.java,org.apache.commons.lang3.ArrayUtils,org.pitest.mutationtest.engine.gregor.mutators.NonVoidMethodCallMutator,indexOf,1639,NO_COVERAGE,none
ArrayUtils.java,org.apache.commons.lang3.ArrayUtils,org.pitest.mutationtest.engine.gregor.mutators.NonVoidMethodCallMutator,indexOf,1641,NO_COVERAGE,none
ArrayUtils.java,org.apache.commons.lang3.ArrayUtils,org.pitest.mutationtest.engine.gregor.mutators.PrimitiveReturnsMutator,indexOf,1628,NO_COVERAGE,none
ArrayUtils.java,org.apache.commons.lang3.ArrayUtils,org.pitest.mutationtest.engine.gregor.mutators.PrimitiveReturnsMutator,indexOf,1636,NO_COVERAGE,none
ArrayUtils.java,org.apache.commons.lang3.ArrayUtils,org.pitest.mutationtest.engine.gregor.mutators.PrimitiveReturnsMutator,indexOf,1642,NO_COVERAGE,none
ArrayUtils.java,org.apache.commons.lang3.ArrayUtils,org.pitest.mutationtest.engine.gregor.mutators.PrimitiveReturnsMutator,indexOf,1646,NO_COVERAGE,none
ArrayUtils.java,org.apache.commons.lang3.ArrayUtils,org.pitest.mutationtest.engine.gregor.mutators.RemoveConditionalMutator_EQUAL_ELSE,indexOf,1627,NO_COVERAGE,none
ArrayUtils.java,org.apache.commons.lang3.ArrayUtils,org.pitest.mutationtest.engine.gregor.mutators.RemoveConditionalMutator_EQUAL_ELSE,indexOf,1633,NO_COVERAGE,none
ArrayUtils.java,org.apache.commons.lang3.ArrayUtils,org.pitest.mutationtest.engine.gregor.mutators.RemoveConditionalMutator_EQUAL_ELSE,indexOf,1635,NO_COVERAGE,none
ArrayUtils.java,org.apache.commons.lang3.ArrayUtils,org.pitest.mutationtest.engine.gregor.mutators.RemoveConditionalMutator_EQUAL_ELSE,indexOf,1639,NO_COVERAGE,none
ArrayUtils.java,org.apache.commons.lang3.ArrayUtils,org.pitest.mutationtest.engine.gregor.mutators.RemoveConditionalMutator_EQUAL_ELSE,indexOf,1641,NO_COVERAGE,none
ArrayUtils.java,org.apache.commons.lang3.ArrayUtils,org.pitest.mutationtest.engine.gregor.mutators.RemoveConditionalMutator_EQUAL_IF,indexOf,1627,NO_COVERAGE,none
ArrayUtils.java,org.apache.commons.lang3.ArrayUtils,org.pitest.mutationtest.engine.gregor.mutators.RemoveConditionalMutator_EQUAL_IF,indexOf,1633,NO_COVERAGE,none
ArrayUtils.java,org.apache.commons.lang3.ArrayUtils,org.pitest.mutationtest.engine.gregor.mutators.RemoveConditionalMutator_EQUAL_IF,indexOf,1635,NO_COVERAGE,none
ArrayUtils.java,org.apache.commons.lang3.ArrayUtils,org.pitest.mutationtest.engine.gregor.mutators.RemoveConditionalMutator_EQUAL_IF,indexOf,1639,NO_COVERAGE,none
ArrayUtils.java,org.apache.commons.lang3.ArrayUtils,org.pitest.mutationtest.engine.gregor.mutators.RemoveConditionalMutator_EQUAL_IF,indexOf,1641,NO_COVERAGE,none
ArrayUtils.java,org.apache.commons.lang3.ArrayUtils,org.pitest.mutationtest.engine.gregor.mutators.RemoveConditionalMutator_ORDER_ELSE,indexOf,1630,NO_COVERAGE,none
ArrayUtils.java,org.apache.commons.lang3.ArrayUtils,org.pitest.mutationtest.engine.gregor.mutators.RemoveConditionalMutator_ORDER_ELSE,indexOf,1634,NO_COVERAGE,none
ArrayUtils.java,org.apache.commons.lang3.ArrayUtils,org.pitest.mutationtest.engine.gregor.mutators.RemoveConditionalMutator_ORDER_ELSE,indexOf,1640,NO_COVERAGE,none
ArrayUtils.java,org.apache.commons.lang3.ArrayUtils,org.pitest.mutationtest.engine.gregor.mutators.RemoveConditionalMutator_ORDER_IF,indexOf,1630,NO_COVERAGE,none
ArrayUtils.java,org.apache.commons.lang3.ArrayUtils,org.pitest.mutationtest.engine.gregor.mutators.RemoveConditionalMutator_ORDER_IF,indexOf,1634,NO_COVERAGE,none
ArrayUtils.java,org.apache.commons.lang3.ArrayUtils,org.pitest.mutationtest.engine.gregor.mutators.RemoveConditionalMutator_ORDER_IF,indexOf,1640,NO_COVERAGE,none
ArrayUtils.java,org.apache.commons.lang3.ArrayUtils,org.pitest.mutationtest.engine.gregor.mutators.ReturnValsMutator,indexOf,1628,NO_COVERAGE,none
ArrayUtils.java,org.apache.commons.lang3.ArrayUtils,org.pitest.mutationtest.engine.gregor.mutators.ReturnValsMutator,indexOf,1636,NO_COVERAGE,none
ArrayUtils.java,org.apache.commons.lang3.ArrayUtils,org.pitest.mutationtest.engine.gregor.mutators.ReturnValsMutator,indexOf,1642,NO_COVERAGE,none
ArrayUtils.java,org.apache.commons.lang3.ArrayUtils,org.pitest.mutationtest.engine.gregor.mutators.ReturnValsMutator,indexOf,1646,NO_COVERAGE,none
ArrayUtils.java,org.apache.commons.lang3.ArrayUtils,org.pitest.mutationtest.engine.gregor.mutators.experimental.NakedReceiverMutator,indexOf,1639,NO_COVERAGE,none
ArrayUtils.java,org.apache.commons.lang3.ArrayUtils,org.pitest.mutationtest.engine.gregor.mutators.ArgumentPropagationMutator,indexOf,1934,NO_COVERAGE,none
ArrayUtils.java,org.apache.commons.lang3.ArrayUtils,org.pitest.mutationtest.engine.gregor.mutators.InlineConstantMutator,indexOf,1934,NO_COVERAGE,none
ArrayUtils.java,org.apache.commons.lang3.ArrayUtils,org.pitest.mutationtest.engine.gregor.mutators.NonVoidMethodCallMutator,indexOf,1934,NO_COVERAGE,none
ArrayUtils.java,org.apache.commons.lang3.ArrayUtils,org.pitest.mutationtest.engine.gregor.mutators.PrimitiveReturnsMutator,indexOf,1934,NO_COVERAGE,none
ArrayUtils.java,org.apache.commons.lang3.ArrayUtils,org.pitest.mutationtest.engine.gregor.mutators.ReturnValsMutator,indexOf,1934,NO_COVERAGE,none
ArrayUtils.java,org.apache.commons.lang3.ArrayUtils,org.pitest.mutationtest.engine.gregor.mutators.ConditionalsBoundaryMutator,indexOf,1955,NO_COVERAGE,none
ArrayUtils.java,org.apache.commons.lang3.ArrayUtils,org.pitest.mutationtest.engine.gregor.mutators.ConditionalsBoundaryMutator,indexOf,1958,NO_COVERAGE,none
ArrayUtils.java,org.apache.commons.lang3.ArrayUtils,org.pitest.mutationtest.engine.gregor.mutators.InlineConstantMutator,indexOf,1953,NO_COVERAGE,none
ArrayUtils.java,org.apache.commons.lang3.ArrayUtils,org.pitest.mutationtest.engine.gregor.mutators.InlineConstantMutator,indexOf,1956,NO_COVERAGE,none
ArrayUtils.java,org.apache.commons.lang3.ArrayUtils,org.pitest.mutationtest.engine.gregor.mutators.InlineConstantMutator,indexOf,1963,NO_COVERAGE,none
ArrayUtils.java,org.apache.commons.lang3.ArrayUtils,org.pitest.mutationtest.engine.gregor.mutators.NegateConditionalsMutator,indexOf,1952,NO_COVERAGE,none
ArrayUtils.java,org.apache.commons.lang3.ArrayUtils,org.pitest.mutationtest.engine.gregor.mutators.NegateConditionalsMutator,indexOf,1955,NO_COVERAGE,none
ArrayUtils.java,org.apache.commons.lang3.ArrayUtils,org.pitest.mutationtest.engine.gregor.mutators.NegateConditionalsMutator,indexOf,1958,NO_COVERAGE,none
ArrayUtils.java,org.apache.commons.lang3.ArrayUtils,org.pitest.mutationtest.engine.gregor.mutators.NegateConditionalsMutator,indexOf,1959,NO_COVERAGE,none
ArrayUtils.java,org.apache.commons.lang3.ArrayUtils,org.pitest.mutationtest.engine.gregor.mutators.PrimitiveReturnsMutator,indexOf,1953,NO_COVERAGE,none
ArrayUtils.java,org.apache.commons.lang3.ArrayUtils,org.pitest.mutationtest.engine.gregor.mutators.PrimitiveReturnsMutator,indexOf,1960,NO_COVERAGE,none
ArrayUtils.java,org.apache.commons.lang3.ArrayUtils,org.pitest.mutationtest.engine.gregor.mutators.PrimitiveReturnsMutator,indexOf,1963,NO_COVERAGE,none
ArrayUtils.java,org.apache.commons.lang3.ArrayUtils,org.pitest.mutationtest.engine.gregor.mutators.RemoveConditionalMutator_EQUAL_ELSE,indexOf,1952,NO_COVERAGE,none
ArrayUtils.java,org.apache.commons.lang3.ArrayUtils,org.pitest.mutationtest.engine.gregor.mutators.RemoveConditionalMutator_EQUAL_ELSE,indexOf,1959,NO_COVERAGE,none
ArrayUtils.java,org.apache.commons.lang3.ArrayUtils,org.pitest.mutationtest.engine.gregor.mutators.RemoveConditionalMutator_EQUAL_IF,indexOf,1952,NO_COVERAGE,none
ArrayUtils.java,org.apache.commons.lang3.ArrayUtils,org.pitest.mutationtest.engine.gregor.mutators.RemoveConditionalMutator_EQUAL_IF,indexOf,1959,NO_COVERAGE,none
ArrayUtils.java,org.apache.commons.lang3.ArrayUtils,org.pitest.mutationtest.engine.gregor.mutators.RemoveConditionalMutator_ORDER_ELSE,indexOf,1955,NO_COVERAGE,none
ArrayUtils.java,org.apache.commons.lang3.ArrayUtils,org.pitest.mutationtest.engine.gregor.mutators.RemoveConditionalMutator_ORDER_ELSE,indexOf,1958,NO_COVERAGE,none
ArrayUtils.java,org.apache.commons.lang3.ArrayUtils,org.pitest.mutationtest.engine.gregor.mutators.RemoveConditionalMutator_ORDER_IF,indexOf,1955,NO_COVERAGE,none
ArrayUtils.java,org.apache.commons.lang3.ArrayUtils,org.pitest.mutationtest.engine.gregor.mutators.RemoveConditionalMutator_ORDER_IF,indexOf,1958,NO_COVERAGE,none
ArrayUtils.java,org.apache.commons.lang3.ArrayUtils,org.pitest.mutationtest.engine.gregor.mutators.ReturnValsMutator,indexOf,1953,NO_COVERAGE,none
ArrayUtils.java,org.apache.commons.lang3.ArrayUtils,org.pitest.mutationtest.engine.gregor.mutators.ReturnValsMutator,indexOf,1960,NO_COVERAGE,none
ArrayUtils.java,org.apache.commons.lang3.ArrayUtils,org.pitest.mutationtest.engine.gregor.mutators.ReturnValsMutator,indexOf,1963,NO_COVERAGE,none
ArrayUtils.java,org.apache.commons.lang3.ArrayUtils,org.pitest.mutationtest.engine.gregor.mutators.ArgumentPropagationMutator,indexOf,2575,NO_COVERAGE,none
ArrayUtils.java,org.apache.commons.lang3.ArrayUtils,org.pitest.mutationtest.engine.gregor.mutators.InlineConstantMutator,indexOf,2575,NO_COVERAGE,none
ArrayUtils.java,org.apache.commons.lang3.ArrayUtils,org.pitest.mutationtest.engine.gregor.mutators.NonVoidMethodCallMutator,indexOf,2575,NO_COVERAGE,none
ArrayUtils.java,org.apache.commons.lang3.ArrayUtils,org.pitest.mutationtest.engine.gregor.mutators.PrimitiveReturnsMutator,indexOf,2575,NO_COVERAGE,none
ArrayUtils.java,org.apache.commons.lang3.ArrayUtils,org.pitest.mutationtest.engine.gregor.mutators.ReturnValsMutator,indexOf,2575,NO_COVERAGE,none
ArrayUtils.java,org.apache.commons.lang3.ArrayUtils,org.pitest.mutationtest.engine.gregor.mutators.ConditionalsBoundaryMutator,indexOf,2597,NO_COVERAGE,none
ArrayUtils.java,org.apache.commons.lang3.ArrayUtils,org.pitest.mutationtest.engine.gregor.mutators.ConditionalsBoundaryMutator,indexOf,2600,NO_COVERAGE,none
ArrayUtils.java,org.apache.commons.lang3.ArrayUtils,org.pitest.mutationtest.engine.gregor.mutators.InlineConstantMutator,indexOf,2595,NO_COVERAGE,none
ArrayUtils.java,org.apache.commons.lang3.ArrayUtils,org.pitest.mutationtest.engine.gregor.mutators.InlineConstantMutator,indexOf,2598,NO_COVERAGE,none
ArrayUtils.java,org.apache.commons.lang3.ArrayUtils,org.pitest.mutationtest.engine.gregor.mutators.InlineConstantMutator,indexOf,2605,NO_COVERAGE,none
ArrayUtils.java,org.apache.commons.lang3.ArrayUtils,org.pitest.mutationtest.engine.gregor.mutators.NegateConditionalsMutator,indexOf,2594,NO_COVERAGE,none
ArrayUtils.java,org.apache.commons.lang3.ArrayUtils,org.pitest.mutationtest.engine.gregor.mutators.NegateConditionalsMutator,indexOf,2597,NO_COVERAGE,none
ArrayUtils.java,org.apache.commons.lang3.ArrayUtils,org.pitest.mutationtest.engine.gregor.mutators.NegateConditionalsMutator,indexOf,2600,NO_COVERAGE,none
ArrayUtils.java,org.apache.commons.lang3.ArrayUtils,org.pitest.mutationtest.engine.gregor.mutators.NegateConditionalsMutator,indexOf,2601,NO_COVERAGE,none
ArrayUtils.java,org.apache.commons.lang3.ArrayUtils,org.pitest.mutationtest.engine.gregor.mutators.NonVoidMethodCallMutator,indexOf,2594,NO_COVERAGE,none
ArrayUtils.java,org.apache.commons.lang3.ArrayUtils,org.pitest.mutationtest.engine.gregor.mutators.PrimitiveReturnsMutator,indexOf,2595,NO_COVERAGE,none
ArrayUtils.java,org.apache.commons.lang3.ArrayUtils,org.pitest.mutationtest.engine.gregor.mutators.PrimitiveReturnsMutator,indexOf,2602,NO_COVERAGE,none
ArrayUtils.java,org.apache.commons.lang3.ArrayUtils,org.pitest.mutationtest.engine.gregor.mutators.PrimitiveReturnsMutator,indexOf,2605,NO_COVERAGE,none
ArrayUtils.java,org.apache.commons.lang3.ArrayUtils,org.pitest.mutationtest.engine.gregor.mutators.RemoveConditionalMutator_EQUAL_ELSE,indexOf,2594,NO_COVERAGE,none
ArrayUtils.java,org.apache.commons.lang3.ArrayUtils,org.pitest.mutationtest.engine.gregor.mutators.RemoveConditionalMutator_EQUAL_ELSE,indexOf,2601,NO_COVERAGE,none
ArrayUtils.java,org.apache.commons.lang3.ArrayUtils,org.pitest.mutationtest.engine.gregor.mutators.RemoveConditionalMutator_EQUAL_IF,indexOf,2594,NO_COVERAGE,none
ArrayUtils.java,org.apache.commons.lang3.ArrayUtils,org.pitest.mutationtest.engine.gregor.mutators.RemoveConditionalMutator_EQUAL_IF,indexOf,2601,NO_COVERAGE,none
ArrayUtils.java,org.apache.commons.lang3.ArrayUtils,org.pitest.mutationtest.engine.gregor.mutators.RemoveConditionalMutator_ORDER_ELSE,indexOf,2597,NO_COVERAGE,none
ArrayUtils.java,org.apache.commons.lang3.ArrayUtils,org.pitest.mutationtest.engine.gregor.mutators.RemoveConditionalMutator_ORDER_ELSE,indexOf,2600,NO_COVERAGE,none
ArrayUtils.java,org.apache.commons.lang3.ArrayUtils,org.pitest.mutationtest.engine.gregor.mutators.RemoveConditionalMutator_ORDER_IF,indexOf,2597,NO_COVERAGE,none
ArrayUtils.java,org.apache.commons.lang3.ArrayUtils,org.pitest.mutationtest.engine.gregor.mutators.RemoveConditionalMutator_ORDER_IF,indexOf,2600,NO_COVERAGE,none
ArrayUtils.java,org.apache.commons.lang3.ArrayUtils,org.pitest.mutationtest.engine.gregor.mutators.ReturnValsMutator,indexOf,2595,NO_COVERAGE,none
ArrayUtils.java,org.apache.commons.lang3.ArrayUtils,org.pitest.mutationtest.engine.gregor.mutators.ReturnValsMutator,indexOf,2602,NO_COVERAGE,none
ArrayUtils.java,org.apache.commons.lang3.ArrayUtils,org.pitest.mutationtest.engine.gregor.mutators.ReturnValsMutator,indexOf,2605,NO_COVERAGE,none
ArrayUtils.java,org.apache.commons.lang3.ArrayUtils,org.pitest.mutationtest.engine.gregor.mutators.BooleanTrueReturnValsMutator,isEmpty,3278,NO_COVERAGE,none
ArrayUtils.java,org.apache.commons.lang3.ArrayUtils,org.pitest.mutationtest.engine.gregor.mutators.InlineConstantMutator,isEmpty,3278,NO_COVERAGE,none
ArrayUtils.java,org.apache.commons.lang3.ArrayUtils,org.pitest.mutationtest.engine.gregor.mutators.InlineConstantMutator,isEmpty,3278,NO_COVERAGE,none
ArrayUtils.java,org.apache.commons.lang3.ArrayUtils,org.pitest.mutationtest.engine.gregor.mutators.NegateConditionalsMutator,isEmpty,3278,NO_COVERAGE,none
ArrayUtils.java,org.apache.commons.lang3.ArrayUtils,org.pitest.mutationtest.engine.gregor.mutators.NegateConditionalsMutator,isEmpty,3278,NO_COVERAGE,none
ArrayUtils.java,org.apache.commons.lang3.ArrayUtils,org.pitest.mutationtest.engine.gregor.mutators.RemoveConditionalMutator_EQUAL_ELSE,isEmpty,3278,NO_COVERAGE,none
ArrayUtils.java,org.apache.commons.lang3.ArrayUtils,org.pitest.mutationtest.engine.gregor.mutators.RemoveConditionalMutator_EQUAL_ELSE,isEmpty,3278,NO_COVERAGE,none
ArrayUtils.java,org.apache.commons.lang3.ArrayUtils,org.pitest.mutationtest.engine.gregor.mutators.RemoveConditionalMutator_EQUAL_IF,isEmpty,3278,NO_COVERAGE,none
ArrayUtils.java,org.apache.commons.lang3.ArrayUtils,org.pitest.mutationtest.engine.gregor.mutators.RemoveConditionalMutator_EQUAL_IF,isEmpty,3278,NO_COVERAGE,none
ArrayUtils.java,org.apache.commons.lang3.ArrayUtils,org.pitest.mutationtest.engine.gregor.mutators.ReturnValsMutator,isEmpty,3278,NO_COVERAGE,none
ArrayUtils.java,org.apache.commons.lang3.ArrayUtils,org.pitest.mutationtest.engine.gregor.mutators.BooleanTrueReturnValsMutator,isEmpty,3267,NO_COVERAGE,none
ArrayUtils.java,org.apache.commons.lang3.ArrayUtils,org.pitest.mutationtest.engine.gregor.mutators.InlineConstantMutator,isEmpty,3267,NO_COVERAGE,none
ArrayUtils.java,org.apache.commons.lang3.ArrayUtils,org.pitest.mutationtest.engine.gregor.mutators.InlineConstantMutator,isEmpty,3267,NO_COVERAGE,none
ArrayUtils.java,org.apache.commons.lang3.ArrayUtils,org.pitest.mutationtest.engine.gregor.mutators.NegateConditionalsMutator,isEmpty,3267,NO_COVERAGE,none
ArrayUtils.java,org.apache.commons.lang3.ArrayUtils,org.pitest.mutationtest.engine.gregor.mutators.NegateConditionalsMutator,isEmpty,3267,NO_COVERAGE,none
ArrayUtils.java,org.apache.commons.lang3.ArrayUtils,org.pitest.mutationtest.engine.gregor.mutators.RemoveConditionalMutator_EQUAL_ELSE,isEmpty,3267,NO_COVERAGE,none
ArrayUtils.java,org.apache.commons.lang3.ArrayUtils,org.pitest.mutationtest.engine.gregor.mutators.RemoveConditionalMutator_EQUAL_ELSE,isEmpty,3267,NO_COVERAGE,none
ArrayUtils.java,org.apache.commons.lang3.ArrayUtils,org.pitest.mutationtest.engine.gregor.mutators.RemoveConditionalMutator_EQUAL_IF,isEmpty,3267,NO_COVERAGE,none
ArrayUtils.java,org.apache.commons.lang3.ArrayUtils,org.pitest.mutationtest.engine.gregor.mutators.RemoveConditionalMutator_EQUAL_IF,isEmpty,3267,NO_COVERAGE,none
ArrayUtils.java,org.apache.commons.lang3.ArrayUtils,org.pitest.mutationtest.engine.gregor.mutators.ReturnValsMutator,isEmpty,3267,NO_COVERAGE,none
ArrayUtils.java,org.apache.commons.lang3.ArrayUtils,org.pitest.mutationtest.engine.gregor.mutators.BooleanTrueReturnValsMutator,isEmpty,3289,NO_COVERAGE,none
ArrayUtils.java,org.apache.commons.lang3.ArrayUtils,org.pitest.mutationtest.engine.gregor.mutators.InlineConstantMutator,isEmpty,3289,NO_COVERAGE,none
ArrayUtils.java,org.apache.commons.lang3.ArrayUtils,org.pitest.mutationtest.engine.gregor.mutators.InlineConstantMutator,isEmpty,3289,NO_COVERAGE,none
ArrayUtils.java,org.apache.commons.lang3.ArrayUtils,org.pitest.mutationtest.engine.gregor.mutators.NegateConditionalsMutator,isEmpty,3289,NO_COVERAGE,none
ArrayUtils.java,org.apache.commons.lang3.ArrayUtils,org.pitest.mutationtest.engine.gregor.mutators.NegateConditionalsMutator,isEmpty,3289,NO_COVERAGE,none
ArrayUtils.java,org.apache.commons.lang3.ArrayUtils,org.pitest.mutationtest.engine.gregor.mutators.RemoveConditionalMutator_EQUAL_ELSE,isEmpty,3289,NO_COVERAGE,none
ArrayUtils.java,org.apache.commons.lang3.ArrayUtils,org.pitest.mutationtest.engine.gregor.mutators.RemoveConditionalMutator_EQUAL_ELSE,isEmpty,3289,NO_COVERAGE,none
ArrayUtils.java,org.apache.commons.lang3.ArrayUtils,org.pitest.mutationtest.engine.gregor.mutators.RemoveConditionalMutator_EQUAL_IF,isEmpty,3289,NO_COVERAGE,none
ArrayUtils.java,org.apache.commons.lang3.ArrayUtils,org.pitest.mutationtest.engine.gregor.mutators.RemoveConditionalMutator_EQUAL_IF,isEmpty,3289,NO_COVERAGE,none
ArrayUtils.java,org.apache.commons.lang3.ArrayUtils,org.pitest.mutationtest.engine.gregor.mutators.ReturnValsMutator,isEmpty,3289,NO_COVERAGE,none
ArrayUtils.java,org.apache.commons.lang3.ArrayUtils,org.pitest.mutationtest.engine.gregor.mutators.BooleanTrueReturnValsMutator,isEmpty,3300,NO_COVERAGE,none
ArrayUtils.java,org.apache.commons.lang3.ArrayUtils,org.pitest.mutationtest.engine.gregor.mutators.InlineConstantMutator,isEmpty,3300,NO_COVERAGE,none
ArrayUtils.java,org.apache.commons.lang3.ArrayUtils,org.pitest.mutationtest.engine.gregor.mutators.InlineConstantMutator,isEmpty,3300,NO_COVERAGE,none
ArrayUtils.java,org.apache.commons.lang3.ArrayUtils,org.pitest.mutationtest.engine.gregor.mutators.NegateConditionalsMutator,isEmpty,3300,NO_COVERAGE,none
ArrayUtils.java,org.apache.commons.lang3.ArrayUtils,org.pitest.mutationtest.engine.gregor.mutators.NegateConditionalsMutator,isEmpty,3300,NO_COVERAGE,none
ArrayUtils.java,org.apache.commons.lang3.ArrayUtils,org.pitest.mutationtest.engine.gregor.mutators.RemoveConditionalMutator_EQUAL_ELSE,isEmpty,3300,NO_COVERAGE,none
ArrayUtils.java,org.apache.commons.lang3.ArrayUtils,org.pitest.mutationtest.engine.gregor.mutators.RemoveConditionalMutator_EQUAL_ELSE,isEmpty,3300,NO_COVERAGE,none
ArrayUtils.java,org.apache.commons.lang3.ArrayUtils,org.pitest.mutationtest.engine.gregor.mutators.RemoveConditionalMutator_EQUAL_IF,isEmpty,3300,NO_COVERAGE,none
ArrayUtils.java,org.apache.commons.lang3.ArrayUtils,org.pitest.mutationtest.engine.gregor.mutators.RemoveConditionalMutator_EQUAL_IF,isEmpty,3300,NO_COVERAGE,none
ArrayUtils.java,org.apache.commons.lang3.ArrayUtils,org.pitest.mutationtest.engine.gregor.mutators.ReturnValsMutator,isEmpty,3300,NO_COVERAGE,none
ArrayUtils.java,org.apache.commons.lang3.ArrayUtils,org.pitest.mutationtest.engine.gregor.mutators.BooleanTrueReturnValsMutator,isEmpty,3245,NO_COVERAGE,none
ArrayUtils.java,org.apache.commons.lang3.ArrayUtils,org.pitest.mutationtest.engine.gregor.mutators.InlineConstantMutator,isEmpty,3245,NO_COVERAGE,none
ArrayUtils.java,org.apache.commons.lang3.ArrayUtils,org.pitest.mutationtest.engine.gregor.mutators.InlineConstantMutator,isEmpty,3245,NO_COVERAGE,none
ArrayUtils.java,org.apache.commons.lang3.ArrayUtils,org.pitest.mutationtest.engine.gregor.mutators.NegateConditionalsMutator,isEmpty,3245,NO_COVERAGE,none
ArrayUtils.java,org.apache.commons.lang3.ArrayUtils,org.pitest.mutationtest.engine.gregor.mutators.NegateConditionalsMutator,isEmpty,3245,NO_COVERAGE,none
ArrayUtils.java,org.apache.commons.lang3.ArrayUtils,org.pitest.mutationtest.engine.gregor.mutators.RemoveConditionalMutator_EQUAL_ELSE,isEmpty,3245,NO_COVERAGE,none
ArrayUtils.java,org.apache.commons.lang3.ArrayUtils,org.pitest.mutationtest.engine.gregor.mutators.RemoveConditionalMutator_EQUAL_ELSE,isEmpty,3245,NO_COVERAGE,none
ArrayUtils.java,org.apache.commons.lang3.ArrayUtils,org.pitest.mutationtest.engine.gregor.mutators.RemoveConditionalMutator_EQUAL_IF,isEmpty,3245,NO_COVERAGE,none
ArrayUtils.java,org.apache.commons.lang3.ArrayUtils,org.pitest.mutationtest.engine.gregor.mutators.RemoveConditionalMutator_EQUAL_IF,isEmpty,3245,NO_COVERAGE,none
ArrayUtils.java,org.apache.commons.lang3.ArrayUtils,org.pitest.mutationtest.engine.gregor.mutators.ReturnValsMutator,isEmpty,3245,NO_COVERAGE,none
ArrayUtils.java,org.apache.commons.lang3.ArrayUtils,org.pitest.mutationtest.engine.gregor.mutators.BooleanTrueReturnValsMutator,isEmpty,3234,NO_COVERAGE,none
ArrayUtils.java,org.apache.commons.lang3.ArrayUtils,org.pitest.mutationtest.engine.gregor.mutators.InlineConstantMutator,isEmpty,3234,NO_COVERAGE,none
ArrayUtils.java,org.apache.commons.lang3.ArrayUtils,org.pitest.mutationtest.engine.gregor.mutators.InlineConstantMutator,isEmpty,3234,NO_COVERAGE,none
ArrayUtils.java,org.apache.commons.lang3.ArrayUtils,org.pitest.mutationtest.engine.gregor.mutators.NegateConditionalsMutator,isEmpty,3234,NO_COVERAGE,none
ArrayUtils.java,org.apache.commons.lang3.ArrayUtils,org.pitest.mutationtest.engine.gregor.mutators.NegateConditionalsMutator,isEmpty,3234,NO_COVERAGE,none
ArrayUtils.java,org.apache.commons.lang3.ArrayUtils,org.pitest.mutationtest.engine.gregor.mutators.RemoveConditionalMutator_EQUAL_ELSE,isEmpty,3234,NO_COVERAGE,none
ArrayUtils.java,org.apache.commons.lang3.ArrayUtils,org.pitest.mutationtest.engine.gregor.mutators.RemoveConditionalMutator_EQUAL_ELSE,isEmpty,3234,NO_COVERAGE,none
ArrayUtils.java,org.apache.commons.lang3.ArrayUtils,org.pitest.mutationtest.engine.gregor.mutators.RemoveConditionalMutator_EQUAL_IF,isEmpty,3234,NO_COVERAGE,none
ArrayUtils.java,org.apache.commons.lang3.ArrayUtils,org.pitest.mutationtest.engine.gregor.mutators.RemoveConditionalMutator_EQUAL_IF,isEmpty,3234,NO_COVERAGE,none
ArrayUtils.java,org.apache.commons.lang3.ArrayUtils,org.pitest.mutationtest.engine.gregor.mutators.ReturnValsMutator,isEmpty,3234,NO_COVERAGE,none
ArrayUtils.java,org.apache.commons.lang3.ArrayUtils,org.pitest.mutationtest.engine.gregor.mutators.BooleanTrueReturnValsMutator,isEmpty,3223,KILLED,org.apache.commons.lang3.StringUtils_ESTest.test18
ArrayUtils.java,org.apache.commons.lang3.ArrayUtils,org.pitest.mutationtest.engine.gregor.mutators.InlineConstantMutator,isEmpty,3223,KILLED,org.apache.commons.lang3.StringUtils_ESTest.test20
ArrayUtils.java,org.apache.commons.lang3.ArrayUtils,org.pitest.mutationtest.engine.gregor.mutators.InlineConstantMutator,isEmpty,3223,KILLED,org.apache.commons.lang3.StringUtils_ESTest.test18
ArrayUtils.java,org.apache.commons.lang3.ArrayUtils,org.pitest.mutationtest.engine.gregor.mutators.NegateConditionalsMutator,isEmpty,3223,KILLED,org.apache.commons.lang3.StringUtils_ESTest.test20
ArrayUtils.java,org.apache.commons.lang3.ArrayUtils,org.pitest.mutationtest.engine.gregor.mutators.NegateConditionalsMutator,isEmpty,3223,KILLED,org.apache.commons.lang3.StringUtils_ESTest.test18
ArrayUtils.java,org.apache.commons.lang3.ArrayUtils,org.pitest.mutationtest.engine.gregor.mutators.RemoveConditionalMutator_EQUAL_ELSE,isEmpty,3223,KILLED,org.apache.commons.lang3.StringUtils_ESTest.test18
ArrayUtils.java,org.apache.commons.lang3.ArrayUtils,org.pitest.mutationtest.engine.gregor.mutators.RemoveConditionalMutator_EQUAL_ELSE,isEmpty,3223,SURVIVED,none
ArrayUtils.java,org.apache.commons.lang3.ArrayUtils,org.pitest.mutationtest.engine.gregor.mutators.RemoveConditionalMutator_EQUAL_IF,isEmpty,3223,KILLED,org.apache.commons.lang3.StringUtils_ESTest.test20
ArrayUtils.java,org.apache.commons.lang3.ArrayUtils,org.pitest.mutationtest.engine.gregor.mutators.RemoveConditionalMutator_EQUAL_IF,isEmpty,3223,KILLED,org.apache.commons.lang3.StringUtils_ESTest.test18
ArrayUtils.java,org.apache.commons.lang3.ArrayUtils,org.pitest.mutationtest.engine.gregor.mutators.ReturnValsMutator,isEmpty,3223,KILLED,org.apache.commons.lang3.StringUtils_ESTest.test20
ArrayUtils.java,org.apache.commons.lang3.ArrayUtils,org.pitest.mutationtest.engine.gregor.mutators.BooleanTrueReturnValsMutator,isEmpty,3256,NO_COVERAGE,none
ArrayUtils.java,org.apache.commons.lang3.ArrayUtils,org.pitest.mutationtest.engine.gregor.mutators.InlineConstantMutator,isEmpty,3256,NO_COVERAGE,none
ArrayUtils.java,org.apache.commons.lang3.ArrayUtils,org.pitest.mutationtest.engine.gregor.mutators.InlineConstantMutator,isEmpty,3256,NO_COVERAGE,none
ArrayUtils.java,org.apache.commons.lang3.ArrayUtils,org.pitest.mutationtest.engine.gregor.mutators.NegateConditionalsMutator,isEmpty,3256,NO_COVERAGE,none
ArrayUtils.java,org.apache.commons.lang3.ArrayUtils,org.pitest.mutationtest.engine.gregor.mutators.NegateConditionalsMutator,isEmpty,3256,NO_COVERAGE,none
ArrayUtils.java,org.apache.commons.lang3.ArrayUtils,org.pitest.mutationtest.engine.gregor.mutators.RemoveConditionalMutator_EQUAL_ELSE,isEmpty,3256,NO_COVERAGE,none
ArrayUtils.java,org.apache.commons.lang3.ArrayUtils,org.pitest.mutationtest.engine.gregor.mutators.RemoveConditionalMutator_EQUAL_ELSE,isEmpty,3256,NO_COVERAGE,none
ArrayUtils.java,org.apache.commons.lang3.ArrayUtils,org.pitest.mutationtest.engine.gregor.mutators.RemoveConditionalMutator_EQUAL_IF,isEmpty,3256,NO_COVERAGE,none
ArrayUtils.java,org.apache.commons.lang3.ArrayUtils,org.pitest.mutationtest.engine.gregor.mutators.RemoveConditionalMutator_EQUAL_IF,isEmpty,3256,NO_COVERAGE,none
ArrayUtils.java,org.apache.commons.lang3.ArrayUtils,org.pitest.mutationtest.engine.gregor.mutators.ReturnValsMutator,isEmpty,3256,NO_COVERAGE,none
ArrayUtils.java,org.apache.commons.lang3.ArrayUtils,org.pitest.mutationtest.engine.gregor.mutators.BooleanTrueReturnValsMutator,isEmpty,3311,NO_COVERAGE,none
ArrayUtils.java,org.apache.commons.lang3.ArrayUtils,org.pitest.mutationtest.engine.gregor.mutators.InlineConstantMutator,isEmpty,3311,NO_COVERAGE,none
ArrayUtils.java,org.apache.commons.lang3.ArrayUtils,org.pitest.mutationtest.engine.gregor.mutators.InlineConstantMutator,isEmpty,3311,NO_COVERAGE,none
ArrayUtils.java,org.apache.commons.lang3.ArrayUtils,org.pitest.mutationtest.engine.gregor.mutators.NegateConditionalsMutator,isEmpty,3311,NO_COVERAGE,none
ArrayUtils.java,org.apache.commons.lang3.ArrayUtils,org.pitest.mutationtest.engine.gregor.mutators.NegateConditionalsMutator,isEmpty,3311,NO_COVERAGE,none
ArrayUtils.java,org.apache.commons.lang3.ArrayUtils,org.pitest.mutationtest.engine.gregor.mutators.RemoveConditionalMutator_EQUAL_ELSE,isEmpty,3311,NO_COVERAGE,none
ArrayUtils.java,org.apache.commons.lang3.ArrayUtils,org.pitest.mutationtest.engine.gregor.mutators.RemoveConditionalMutator_EQUAL_ELSE,isEmpty,3311,NO_COVERAGE,none
ArrayUtils.java,org.apache.commons.lang3.ArrayUtils,org.pitest.mutationtest.engine.gregor.mutators.RemoveConditionalMutator_EQUAL_IF,isEmpty,3311,NO_COVERAGE,none
ArrayUtils.java,org.apache.commons.lang3.ArrayUtils,org.pitest.mutationtest.engine.gregor.mutators.RemoveConditionalMutator_EQUAL_IF,isEmpty,3311,NO_COVERAGE,none
ArrayUtils.java,org.apache.commons.lang3.ArrayUtils,org.pitest.mutationtest.engine.gregor.mutators.ReturnValsMutator,isEmpty,3311,NO_COVERAGE,none
ArrayUtils.java,org.apache.commons.lang3.ArrayUtils,org.pitest.mutationtest.engine.gregor.mutators.BooleanFalseReturnValsMutator,isEquals,195,NO_COVERAGE,none
ArrayUtils.java,org.apache.commons.lang3.ArrayUtils,org.pitest.mutationtest.engine.gregor.mutators.BooleanTrueReturnValsMutator,isEquals,195,NO_COVERAGE,none
ArrayUtils.java,org.apache.commons.lang3.ArrayUtils,org.pitest.mutationtest.engine.gregor.mutators.ConstructorCallMutator,isEquals,195,NO_COVERAGE,none
ArrayUtils.java,org.apache.commons.lang3.ArrayUtils,org.pitest.mutationtest.engine.gregor.mutators.NonVoidMethodCallMutator,isEquals,195,NO_COVERAGE,none
ArrayUtils.java,org.apache.commons.lang3.ArrayUtils,org.pitest.mutationtest.engine.gregor.mutators.NonVoidMethodCallMutator,isEquals,195,NO_COVERAGE,none
ArrayUtils.java,org.apache.commons.lang3.ArrayUtils,org.pitest.mutationtest.engine.gregor.mutators.ReturnValsMutator,isEquals,195,NO_COVERAGE,none
ArrayUtils.java,org.apache.commons.lang3.ArrayUtils,org.pitest.mutationtest.engine.gregor.mutators.experimental.NakedReceiverMutator,isEquals,195,NO_COVERAGE,none
ArrayUtils.java,org.apache.commons.lang3.ArrayUtils,org.pitest.mutationtest.engine.gregor.mutators.BooleanTrueReturnValsMutator,isNotEmpty,3378,NO_COVERAGE,none
ArrayUtils.java,org.apache.commons.lang3.ArrayUtils,org.pitest.mutationtest.engine.gregor.mutators.InlineConstantMutator,isNotEmpty,3378,NO_COVERAGE,none
ArrayUtils.java,org.apache.commons.lang3.ArrayUtils,org.pitest.mutationtest.engine.gregor.mutators.InlineConstantMutator,isNotEmpty,3378,NO_COVERAGE,none
ArrayUtils.java,org.apache.commons.lang3.ArrayUtils,org.pitest.mutationtest.engine.gregor.mutators.NegateConditionalsMutator,isNotEmpty,3378,NO_COVERAGE,none
ArrayUtils.java,org.apache.commons.lang3.ArrayUtils,org.pitest.mutationtest.engine.gregor.mutators.NegateConditionalsMutator,isNotEmpty,3378,NO_COVERAGE,none
ArrayUtils.java,org.apache.commons.lang3.ArrayUtils,org.pitest.mutationtest.engine.gregor.mutators.RemoveConditionalMutator_EQUAL_ELSE,isNotEmpty,3378,NO_COVERAGE,none
ArrayUtils.java,org.apache.commons.lang3.ArrayUtils,org.pitest.mutationtest.engine.gregor.mutators.RemoveConditionalMutator_EQUAL_ELSE,isNotEmpty,3378,NO_COVERAGE,none
ArrayUtils.java,org.apache.commons.lang3.ArrayUtils,org.pitest.mutationtest.engine.gregor.mutators.RemoveConditionalMutator_EQUAL_IF,isNotEmpty,3378,NO_COVERAGE,none
ArrayUtils.java,org.apache.commons.lang3.ArrayUtils,org.pitest.mutationtest.engine.gregor.mutators.RemoveConditionalMutator_EQUAL_IF,isNotEmpty,3378,NO_COVERAGE,none
ArrayUtils.java,org.apache.commons.lang3.ArrayUtils,org.pitest.mutationtest.engine.gregor.mutators.ReturnValsMutator,isNotEmpty,3378,NO_COVERAGE,none
ArrayUtils.java,org.apache.commons.lang3.ArrayUtils,org.pitest.mutationtest.engine.gregor.mutators.BooleanTrueReturnValsMutator,isNotEmpty,3367,NO_COVERAGE,none
ArrayUtils.java,org.apache.commons.lang3.ArrayUtils,org.pitest.mutationtest.engine.gregor.mutators.InlineConstantMutator,isNotEmpty,3367,NO_COVERAGE,none
ArrayUtils.java,org.apache.commons.lang3.ArrayUtils,org.pitest.mutationtest.engine.gregor.mutators.InlineConstantMutator,isNotEmpty,3367,NO_COVERAGE,none
ArrayUtils.java,org.apache.commons.lang3.ArrayUtils,org.pitest.mutationtest.engine.gregor.mutators.NegateConditionalsMutator,isNotEmpty,3367,NO_COVERAGE,none
ArrayUtils.java,org.apache.commons.lang3.ArrayUtils,org.pitest.mutationtest.engine.gregor.mutators.NegateConditionalsMutator,isNotEmpty,3367,NO_COVERAGE,none
ArrayUtils.java,org.apache.commons.lang3.ArrayUtils,org.pitest.mutationtest.engine.gregor.mutators.RemoveConditionalMutator_EQUAL_ELSE,isNotEmpty,3367,NO_COVERAGE,none
ArrayUtils.java,org.apache.commons.lang3.ArrayUtils,org.pitest.mutationtest.engine.gregor.mutators.RemoveConditionalMutator_EQUAL_ELSE,isNotEmpty,3367,NO_COVERAGE,none
ArrayUtils.java,org.apache.commons.lang3.ArrayUtils,org.pitest.mutationtest.engine.gregor.mutators.RemoveConditionalMutator_EQUAL_IF,isNotEmpty,3367,NO_COVERAGE,none
ArrayUtils.java,org.apache.commons.lang3.ArrayUtils,org.pitest.mutationtest.engine.gregor.mutators.RemoveConditionalMutator_EQUAL_IF,isNotEmpty,3367,NO_COVERAGE,none
ArrayUtils.java,org.apache.commons.lang3.ArrayUtils,org.pitest.mutationtest.engine.gregor.mutators.ReturnValsMutator,isNotEmpty,3367,NO_COVERAGE,none
ArrayUtils.java,org.apache.commons.lang3.ArrayUtils,org.pitest.mutationtest.engine.gregor.mutators.BooleanTrueReturnValsMutator,isNotEmpty,3389,NO_COVERAGE,none
ArrayUtils.java,org.apache.commons.lang3.ArrayUtils,org.pitest.mutationtest.engine.gregor.mutators.InlineConstantMutator,isNotEmpty,3389,NO_COVERAGE,none
ArrayUtils.java,org.apache.commons.lang3.ArrayUtils,org.pitest.mutationtest.engine.gregor.mutators.InlineConstantMutator,isNotEmpty,3389,NO_COVERAGE,none
ArrayUtils.java,org.apache.commons.lang3.ArrayUtils,org.pitest.mutationtest.engine.gregor.mutators.NegateConditionalsMutator,isNotEmpty,3389,NO_COVERAGE,none
ArrayUtils.java,org.apache.commons.lang3.ArrayUtils,org.pitest.mutationtest.engine.gregor.mutators.NegateConditionalsMutator,isNotEmpty,3389,NO_COVERAGE,none
ArrayUtils.java,org.apache.commons.lang3.ArrayUtils,org.pitest.mutationtest.engine.gregor.mutators.RemoveConditionalMutator_EQUAL_ELSE,isNotEmpty,3389,NO_COVERAGE,none
ArrayUtils.java,org.apache.commons.lang3.ArrayUtils,org.pitest.mutationtest.engine.gregor.mutators.RemoveConditionalMutator_EQUAL_ELSE,isNotEmpty,3389,NO_COVERAGE,none
ArrayUtils.java,org.apache.commons.lang3.ArrayUtils,org.pitest.mutationtest.engine.gregor.mutators.RemoveConditionalMutator_EQUAL_IF,isNotEmpty,3389,NO_COVERAGE,none
ArrayUtils.java,org.apache.commons.lang3.ArrayUtils,org.pitest.mutationtest.engine.gregor.mutators.RemoveConditionalMutator_EQUAL_IF,isNotEmpty,3389,NO_COVERAGE,none
ArrayUtils.java,org.apache.commons.lang3.ArrayUtils,org.pitest.mutationtest.engine.gregor.mutators.ReturnValsMutator,isNotEmpty,3389,NO_COVERAGE,none
ArrayUtils.java,org.apache.commons.lang3.ArrayUtils,org.pitest.mutationtest.engine.gregor.mutators.BooleanTrueReturnValsMutator,isNotEmpty,3400,NO_COVERAGE,none
ArrayUtils.java,org.apache.commons.lang3.ArrayUtils,org.pitest.mutationtest.engine.gregor.mutators.InlineConstantMutator,isNotEmpty,3400,NO_COVERAGE,none
ArrayUtils.java,org.apache.commons.lang3.ArrayUtils,org.pitest.mutationtest.engine.gregor.mutators.InlineConstantMutator,isNotEmpty,3400,NO_COVERAGE,none
ArrayUtils.java,org.apache.commons.lang3.ArrayUtils,org.pitest.mutationtest.engine.gregor.mutators.NegateConditionalsMutator,isNotEmpty,3400,NO_COVERAGE,none
ArrayUtils.java,org.apache.commons.lang3.ArrayUtils,org.pitest.mutationtest.engine.gregor.mutators.NegateConditionalsMutator,isNotEmpty,3400,NO_COVERAGE,none
ArrayUtils.java,org.apache.commons.lang3.ArrayUtils,org.pitest.mutationtest.engine.gregor.mutators.RemoveConditionalMutator_EQUAL_ELSE,isNotEmpty,3400,NO_COVERAGE,none
ArrayUtils.java,org.apache.commons.lang3.ArrayUtils,org.pitest.mutationtest.engine.gregor.mutators.RemoveConditionalMutator_EQUAL_ELSE,isNotEmpty,3400,NO_COVERAGE,none
ArrayUtils.java,org.apache.commons.lang3.ArrayUtils,org.pitest.mutationtest.engine.gregor.mutators.RemoveConditionalMutator_EQUAL_IF,isNotEmpty,3400,NO_COVERAGE,none
ArrayUtils.java,org.apache.commons.lang3.ArrayUtils,org.pitest.mutationtest.engine.gregor.mutators.RemoveConditionalMutator_EQUAL_IF,isNotEmpty,3400,NO_COVERAGE,none
ArrayUtils.java,org.apache.commons.lang3.ArrayUtils,org.pitest.mutationtest.engine.gregor.mutators.ReturnValsMutator,isNotEmpty,3400,NO_COVERAGE,none
ArrayUtils.java,org.apache.commons.lang3.ArrayUtils,org.pitest.mutationtest.engine.gregor.mutators.BooleanTrueReturnValsMutator,isNotEmpty,3345,NO_COVERAGE,none
ArrayUtils.java,org.apache.commons.lang3.ArrayUtils,org.pitest.mutationtest.engine.gregor.mutators.InlineConstantMutator,isNotEmpty,3345,NO_COVERAGE,none
ArrayUtils.java,org.apache.commons.lang3.ArrayUtils,org.pitest.mutationtest.engine.gregor.mutators.InlineConstantMutator,isNotEmpty,3345,NO_COVERAGE,none
ArrayUtils.java,org.apache.commons.lang3.ArrayUtils,org.pitest.mutationtest.engine.gregor.mutators.NegateConditionalsMutator,isNotEmpty,3345,NO_COVERAGE,none
ArrayUtils.java,org.apache.commons.lang3.ArrayUtils,org.pitest.mutationtest.engine.gregor.mutators.NegateConditionalsMutator,isNotEmpty,3345,NO_COVERAGE,none
ArrayUtils.java,org.apache.commons.lang3.ArrayUtils,org.pitest.mutationtest.engine.gregor.mutators.RemoveConditionalMutator_EQUAL_ELSE,isNotEmpty,3345,NO_COVERAGE,none
ArrayUtils.java,org.apache.commons.lang3.ArrayUtils,org.pitest.mutationtest.engine.gregor.mutators.RemoveConditionalMutator_EQUAL_ELSE,isNotEmpty,3345,NO_COVERAGE,none
ArrayUtils.java,org.apache.commons.lang3.ArrayUtils,org.pitest.mutationtest.engine.gregor.mutators.RemoveConditionalMutator_EQUAL_IF,isNotEmpty,3345,NO_COVERAGE,none
ArrayUtils.java,org.apache.commons.lang3.ArrayUtils,org.pitest.mutationtest.engine.gregor.mutators.RemoveConditionalMutator_EQUAL_IF,isNotEmpty,3345,NO_COVERAGE,none
ArrayUtils.java,org.apache.commons.lang3.ArrayUtils,org.pitest.mutationtest.engine.gregor.mutators.ReturnValsMutator,isNotEmpty,3345,NO_COVERAGE,none
ArrayUtils.java,org.apache.commons.lang3.ArrayUtils,org.pitest.mutationtest.engine.gregor.mutators.BooleanTrueReturnValsMutator,isNotEmpty,3334,NO_COVERAGE,none
ArrayUtils.java,org.apache.commons.lang3.ArrayUtils,org.pitest.mutationtest.engine.gregor.mutators.InlineConstantMutator,isNotEmpty,3334,NO_COVERAGE,none
ArrayUtils.java,org.apache.commons.lang3.ArrayUtils,org.pitest.mutationtest.engine.gregor.mutators.InlineConstantMutator,isNotEmpty,3334,NO_COVERAGE,none
ArrayUtils.java,org.apache.commons.lang3.ArrayUtils,org.pitest.mutationtest.engine.gregor.mutators.NegateConditionalsMutator,isNotEmpty,3334,NO_COVERAGE,none
ArrayUtils.java,org.apache.commons.lang3.ArrayUtils,org.pitest.mutationtest.engine.gregor.mutators.NegateConditionalsMutator,isNotEmpty,3334,NO_COVERAGE,none
ArrayUtils.java,org.apache.commons.lang3.ArrayUtils,org.pitest.mutationtest.engine.gregor.mutators.RemoveConditionalMutator_EQUAL_ELSE,isNotEmpty,3334,NO_COVERAGE,none
ArrayUtils.java,org.apache.commons.lang3.ArrayUtils,org.pitest.mutationtest.engine.gregor.mutators.RemoveConditionalMutator_EQUAL_ELSE,isNotEmpty,3334,NO_COVERAGE,none
ArrayUtils.java,org.apache.commons.lang3.ArrayUtils,org.pitest.mutationtest.engine.gregor.mutators.RemoveConditionalMutator_EQUAL_IF,isNotEmpty,3334,NO_COVERAGE,none
ArrayUtils.java,org.apache.commons.lang3.ArrayUtils,org.pitest.mutationtest.engine.gregor.mutators.RemoveConditionalMutator_EQUAL_IF,isNotEmpty,3334,NO_COVERAGE,none
ArrayUtils.java,org.apache.commons.lang3.ArrayUtils,org.pitest.mutationtest.engine.gregor.mutators.ReturnValsMutator,isNotEmpty,3334,NO_COVERAGE,none
ArrayUtils.java,org.apache.commons.lang3.ArrayUtils,org.pitest.mutationtest.engine.gregor.mutators.BooleanTrueReturnValsMutator,isNotEmpty,3323,NO_COVERAGE,none
ArrayUtils.java,org.apache.commons.lang3.ArrayUtils,org.pitest.mutationtest.engine.gregor.mutators.InlineConstantMutator,isNotEmpty,3323,NO_COVERAGE,none
ArrayUtils.java,org.apache.commons.lang3.ArrayUtils,org.pitest.mutationtest.engine.gregor.mutators.InlineConstantMutator,isNotEmpty,3323,NO_COVERAGE,none
ArrayUtils.java,org.apache.commons.lang3.ArrayUtils,org.pitest.mutationtest.engine.gregor.mutators.NegateConditionalsMutator,isNotEmpty,3323,NO_COVERAGE,none
ArrayUtils.java,org.apache.commons.lang3.ArrayUtils,org.pitest.mutationtest.engine.gregor.mutators.NegateConditionalsMutator,isNotEmpty,3323,NO_COVERAGE,none
ArrayUtils.java,org.apache.commons.lang3.ArrayUtils,org.pitest.mutationtest.engine.gregor.mutators.RemoveConditionalMutator_EQUAL_ELSE,isNotEmpty,3323,NO_COVERAGE,none
ArrayUtils.java,org.apache.commons.lang3.ArrayUtils,org.pitest.mutationtest.engine.gregor.mutators.RemoveConditionalMutator_EQUAL_ELSE,isNotEmpty,3323,NO_COVERAGE,none
ArrayUtils.java,org.apache.commons.lang3.ArrayUtils,org.pitest.mutationtest.engine.gregor.mutators.RemoveConditionalMutator_EQUAL_IF,isNotEmpty,3323,NO_COVERAGE,none
ArrayUtils.java,org.apache.commons.lang3.ArrayUtils,org.pitest.mutationtest.engine.gregor.mutators.RemoveConditionalMutator_EQUAL_IF,isNotEmpty,3323,NO_COVERAGE,none
ArrayUtils.java,org.apache.commons.lang3.ArrayUtils,org.pitest.mutationtest.engine.gregor.mutators.ReturnValsMutator,isNotEmpty,3323,NO_COVERAGE,none
ArrayUtils.java,org.apache.commons.lang3.ArrayUtils,org.pitest.mutationtest.engine.gregor.mutators.BooleanTrueReturnValsMutator,isNotEmpty,3356,NO_COVERAGE,none
ArrayUtils.java,org.apache.commons.lang3.ArrayUtils,org.pitest.mutationtest.engine.gregor.mutators.InlineConstantMutator,isNotEmpty,3356,NO_COVERAGE,none
ArrayUtils.java,org.apache.commons.lang3.ArrayUtils,org.pitest.mutationtest.engine.gregor.mutators.InlineConstantMutator,isNotEmpty,3356,NO_COVERAGE,none
ArrayUtils.java,org.apache.commons.lang3.ArrayUtils,org.pitest.mutationtest.engine.gregor.mutators.NegateConditionalsMutator,isNotEmpty,3356,NO_COVERAGE,none
ArrayUtils.java,org.apache.commons.lang3.ArrayUtils,org.pitest.mutationtest.engine.gregor.mutators.NegateConditionalsMutator,isNotEmpty,3356,NO_COVERAGE,none
ArrayUtils.java,org.apache.commons.lang3.ArrayUtils,org.pitest.mutationtest.engine.gregor.mutators.RemoveConditionalMutator_EQUAL_ELSE,isNotEmpty,3356,NO_COVERAGE,none
ArrayUtils.java,org.apache.commons.lang3.ArrayUtils,org.pitest.mutationtest.engine.gregor.mutators.RemoveConditionalMutator_EQUAL_ELSE,isNotEmpty,3356,NO_COVERAGE,none
ArrayUtils.java,org.apache.commons.lang3.ArrayUtils,org.pitest.mutationtest.engine.gregor.mutators.RemoveConditionalMutator_EQUAL_IF,isNotEmpty,3356,NO_COVERAGE,none
ArrayUtils.java,org.apache.commons.lang3.ArrayUtils,org.pitest.mutationtest.engine.gregor.mutators.RemoveConditionalMutator_EQUAL_IF,isNotEmpty,3356,NO_COVERAGE,none
ArrayUtils.java,org.apache.commons.lang3.ArrayUtils,org.pitest.mutationtest.engine.gregor.mutators.ReturnValsMutator,isNotEmpty,3356,NO_COVERAGE,none
ArrayUtils.java,org.apache.commons.lang3.ArrayUtils,org.pitest.mutationtest.engine.gregor.mutators.BooleanTrueReturnValsMutator,isNotEmpty,3411,NO_COVERAGE,none
ArrayUtils.java,org.apache.commons.lang3.ArrayUtils,org.pitest.mutationtest.engine.gregor.mutators.InlineConstantMutator,isNotEmpty,3411,NO_COVERAGE,none
ArrayUtils.java,org.apache.commons.lang3.ArrayUtils,org.pitest.mutationtest.engine.gregor.mutators.InlineConstantMutator,isNotEmpty,3411,NO_COVERAGE,none
ArrayUtils.java,org.apache.commons.lang3.ArrayUtils,org.pitest.mutationtest.engine.gregor.mutators.NegateConditionalsMutator,isNotEmpty,3411,NO_COVERAGE,none
ArrayUtils.java,org.apache.commons.lang3.ArrayUtils,org.pitest.mutationtest.engine.gregor.mutators.NegateConditionalsMutator,isNotEmpty,3411,NO_COVERAGE,none
ArrayUtils.java,org.apache.commons.lang3.ArrayUtils,org.pitest.mutationtest.engine.gregor.mutators.RemoveConditionalMutator_EQUAL_ELSE,isNotEmpty,3411,NO_COVERAGE,none
ArrayUtils.java,org.apache.commons.lang3.ArrayUtils,org.pitest.mutationtest.engine.gregor.mutators.RemoveConditionalMutator_EQUAL_ELSE,isNotEmpty,3411,NO_COVERAGE,none
ArrayUtils.java,org.apache.commons.lang3.ArrayUtils,org.pitest.mutationtest.engine.gregor.mutators.RemoveConditionalMutator_EQUAL_IF,isNotEmpty,3411,NO_COVERAGE,none
ArrayUtils.java,org.apache.commons.lang3.ArrayUtils,org.pitest.mutationtest.engine.gregor.mutators.RemoveConditionalMutator_EQUAL_IF,isNotEmpty,3411,NO_COVERAGE,none
ArrayUtils.java,org.apache.commons.lang3.ArrayUtils,org.pitest.mutationtest.engine.gregor.mutators.ReturnValsMutator,isNotEmpty,3411,NO_COVERAGE,none
ArrayUtils.java,org.apache.commons.lang3.ArrayUtils,org.pitest.mutationtest.engine.gregor.mutators.BooleanFalseReturnValsMutator,isSameLength,1281,NO_COVERAGE,none
ArrayUtils.java,org.apache.commons.lang3.ArrayUtils,org.pitest.mutationtest.engine.gregor.mutators.BooleanTrueReturnValsMutator,isSameLength,1279,NO_COVERAGE,none
ArrayUtils.java,org.apache.commons.lang3.ArrayUtils,org.pitest.mutationtest.engine.gregor.mutators.ConditionalsBoundaryMutator,isSameLength,1276,NO_COVERAGE,none
ArrayUtils.java,org.apache.commons.lang3.ArrayUtils,org.pitest.mutationtest.engine.gregor.mutators.ConditionalsBoundaryMutator,isSameLength,1276,NO_COVERAGE,none
ArrayUtils.java,org.apache.commons.lang3.ArrayUtils,org.pitest.mutationtest.engine.gregor.mutators.InlineConstantMutator,isSameLength,1279,NO_COVERAGE,none
ArrayUtils.java,org.apache.commons.lang3.ArrayUtils,org.pitest.mutationtest.engine.gregor.mutators.InlineConstantMutator,isSameLength,1281,NO_COVERAGE,none
ArrayUtils.java,org.apache.commons.lang3.ArrayUtils,org.pitest.mutationtest.engine.gregor.mutators.NegateConditionalsMutator,isSameLength,1276,NO_COVERAGE,none
ArrayUtils.java,org.apache.commons.lang3.ArrayUtils,org.pitest.mutationtest.engine.gregor.mutators.NegateConditionalsMutator,isSameLength,1276,NO_COVERAGE,none
ArrayUtils.java,org.apache.commons.lang3.ArrayUtils,org.pitest.mutationtest.engine.gregor.mutators.NegateConditionalsMutator,isSameLength,1276,NO_COVERAGE,none
ArrayUtils.java,org.apache.commons.lang3.ArrayUtils,org.pitest.mutationtest.engine.gregor.mutators.NegateConditionalsMutator,isSameLength,1276,NO_COVERAGE,none
ArrayUtils.java,org.apache.commons.lang3.ArrayUtils,org.pitest.mutationtest.engine.gregor.mutators.NegateConditionalsMutator,isSameLength,1276,NO_COVERAGE,none
ArrayUtils.java,org.apache.commons.lang3.ArrayUtils,org.pitest.mutationtest.engine.gregor.mutators.NegateConditionalsMutator,isSameLength,1276,NO_COVERAGE,none
ArrayUtils.java,org.apache.commons.lang3.ArrayUtils,org.pitest.mutationtest.engine.gregor.mutators.NegateConditionalsMutator,isSameLength,1276,NO_COVERAGE,none
ArrayUtils.java,org.apache.commons.lang3.ArrayUtils,org.pitest.mutationtest.engine.gregor.mutators.NegateConditionalsMutator,isSameLength,1276,NO_COVERAGE,none
ArrayUtils.java,org.apache.commons.lang3.ArrayUtils,org.pitest.mutationtest.engine.gregor.mutators.NegateConditionalsMutator,isSameLength,1276,NO_COVERAGE,none
ArrayUtils.java,org.apache.commons.lang3.ArrayUtils,org.pitest.mutationtest.engine.gregor.mutators.RemoveConditionalMutator_EQUAL_ELSE,isSameLength,1276,NO_COVERAGE,none
ArrayUtils.java,org.apache.commons.lang3.ArrayUtils,org.pitest.mutationtest.engine.gregor.mutators.RemoveConditionalMutator_EQUAL_ELSE,isSameLength,1276,NO_COVERAGE,none
ArrayUtils.java,org.apache.commons.lang3.ArrayUtils,org.pitest.mutationtest.engine.gregor.mutators.RemoveConditionalMutator_EQUAL_ELSE,isSameLength,1276,NO_COVERAGE,none
ArrayUtils.java,org.apache.commons.lang3.ArrayUtils,org.pitest.mutationtest.engine.gregor.mutators.RemoveConditionalMutator_EQUAL_ELSE,isSameLength,1276,NO_COVERAGE,none
ArrayUtils.java,org.apache.commons.lang3.ArrayUtils,org.pitest.mutationtest.engine.gregor.mutators.RemoveConditionalMutator_EQUAL_ELSE,isSameLength,1276,NO_COVERAGE,none
ArrayUtils.java,org.apache.commons.lang3.ArrayUtils,org.pitest.mutationtest.engine.gregor.mutators.RemoveConditionalMutator_EQUAL_ELSE,isSameLength,1276,NO_COVERAGE,none
ArrayUtils.java,org.apache.commons.lang3.ArrayUtils,org.pitest.mutationtest.engine.gregor.mutators.RemoveConditionalMutator_EQUAL_ELSE,isSameLength,1276,NO_COVERAGE,none
ArrayUtils.java,org.apache.commons.lang3.ArrayUtils,org.pitest.mutationtest.engine.gregor.mutators.RemoveConditionalMutator_EQUAL_IF,isSameLength,1276,NO_COVERAGE,none
ArrayUtils.java,org.apache.commons.lang3.ArrayUtils,org.pitest.mutationtest.engine.gregor.mutators.RemoveConditionalMutator_EQUAL_IF,isSameLength,1276,NO_COVERAGE,none
ArrayUtils.java,org.apache.commons.lang3.ArrayUtils,org.pitest.mutationtest.engine.gregor.mutators.RemoveConditionalMutator_EQUAL_IF,isSameLength,1276,NO_COVERAGE,none
ArrayUtils.java,org.apache.commons.lang3.ArrayUtils,org.pitest.mutationtest.engine.gregor.mutators.RemoveConditionalMutator_EQUAL_IF,isSameLength,1276,NO_COVERAGE,none
ArrayUtils.java,org.apache.commons.lang3.ArrayUtils,org.pitest.mutationtest.engine.gregor.mutators.RemoveConditionalMutator_EQUAL_IF,isSameLength,1276,NO_COVERAGE,none
ArrayUtils.java,org.apache.commons.lang3.ArrayUtils,org.pitest.mutationtest.engine.gregor.mutators.RemoveConditionalMutator_EQUAL_IF,isSameLength,1276,NO_COVERAGE,none
ArrayUtils.java,org.apache.commons.lang3.ArrayUtils,org.pitest.mutationtest.engine.gregor.mutators.RemoveConditionalMutator_EQUAL_IF,isSameLength,1276,NO_COVERAGE,none
ArrayUtils.java,org.apache.commons.lang3.ArrayUtils,org.pitest.mutationtest.engine.gregor.mutators.RemoveConditionalMutator_ORDER_ELSE,isSameLength,1276,NO_COVERAGE,none
ArrayUtils.java,org.apache.commons.lang3.ArrayUtils,org.pitest.mutationtest.engine.gregor.mutators.RemoveConditionalMutator_ORDER_ELSE,isSameLength,1276,NO_COVERAGE,none
ArrayUtils.java,org.apache.commons.lang3.ArrayUtils,org.pitest.mutationtest.engine.gregor.mutators.RemoveConditionalMutator_ORDER_IF,isSameLength,1276,NO_COVERAGE,none
ArrayUtils.java,org.apache.commons.lang3.ArrayUtils,org.pitest.mutationtest.engine.gregor.mutators.RemoveConditionalMutator_ORDER_IF,isSameLength,1276,NO_COVERAGE,none
ArrayUtils.java,org.apache.commons.lang3.ArrayUtils,org.pitest.mutationtest.engine.gregor.mutators.ReturnValsMutator,isSameLength,1279,NO_COVERAGE,none
ArrayUtils.java,org.apache.commons.lang3.ArrayUtils,org.pitest.mutationtest.engine.gregor.mutators.ReturnValsMutator,isSameLength,1281,NO_COVERAGE,none
ArrayUtils.java,org.apache.commons.lang3.ArrayUtils,org.pitest.mutationtest.engine.gregor.mutators.BooleanFalseReturnValsMutator,isSameLength,1263,NO_COVERAGE,none
ArrayUtils.java,org.apache.commons.lang3.ArrayUtils,org.pitest.mutationtest.engine.gregor.mutators.BooleanTrueReturnValsMutator,isSameLength,1261,NO_COVERAGE,none
ArrayUtils.java,org.apache.commons.lang3.ArrayUtils,org.pitest.mutationtest.engine.gregor.mutators.ConditionalsBoundaryMutator,isSameLength,1258,NO_COVERAGE,none
ArrayUtils.java,org.apache.commons.lang3.ArrayUtils,org.pitest.mutationtest.engine.gregor.mutators.ConditionalsBoundaryMutator,isSameLength,1258,NO_COVERAGE,none
ArrayUtils.java,org.apache.commons.lang3.ArrayUtils,org.pitest.mutationtest.engine.gregor.mutators.InlineConstantMutator,isSameLength,1261,NO_COVERAGE,none
ArrayUtils.java,org.apache.commons.lang3.ArrayUtils,org.pitest.mutationtest.engine.gregor.mutators.InlineConstantMutator,isSameLength,1263,NO_COVERAGE,none
ArrayUtils.java,org.apache.commons.lang3.ArrayUtils,org.pitest.mutationtest.engine.gregor.mutators.NegateConditionalsMutator,isSameLength,1258,NO_COVERAGE,none
ArrayUtils.java,org.apache.commons.lang3.ArrayUtils,org.pitest.mutationtest.engine.gregor.mutators.NegateConditionalsMutator,isSameLength,1258,NO_COVERAGE,none
ArrayUtils.java,org.apache.commons.lang3.ArrayUtils,org.pitest.mutationtest.engine.gregor.mutators.NegateConditionalsMutator,isSameLength,1258,NO_COVERAGE,none
ArrayUtils.java,org.apache.commons.lang3.ArrayUtils,org.pitest.mutationtest.engine.gregor.mutators.NegateConditionalsMutator,isSameLength,1258,NO_COVERAGE,none
ArrayUtils.java,org.apache.commons.lang3.ArrayUtils,org.pitest.mutationtest.engine.gregor.mutators.NegateConditionalsMutator,isSameLength,1258,NO_COVERAGE,none
ArrayUtils.java,org.apache.commons.lang3.ArrayUtils,org.pitest.mutationtest.engine.gregor.mutators.NegateConditionalsMutator,isSameLength,1258,NO_COVERAGE,none
ArrayUtils.java,org.apache.commons.lang3.ArrayUtils,org.pitest.mutationtest.engine.gregor.mutators.NegateConditionalsMutator,isSameLength,1258,NO_COVERAGE,none
ArrayUtils.java,org.apache.commons.lang3.ArrayUtils,org.pitest.mutationtest.engine.gregor.mutators.NegateConditionalsMutator,isSameLength,1258,NO_COVERAGE,none
ArrayUtils.java,org.apache.commons.lang3.ArrayUtils,org.pitest.mutationtest.engine.gregor.mutators.NegateConditionalsMutator,isSameLength,1258,NO_COVERAGE,none
ArrayUtils.java,org.apache.commons.lang3.ArrayUtils,org.pitest.mutationtest.engine.gregor.mutators.RemoveConditionalMutator_EQUAL_ELSE,isSameLength,1258,NO_COVERAGE,none
ArrayUtils.java,org.apache.commons.lang3.ArrayUtils,org.pitest.mutationtest.engine.gregor.mutators.RemoveConditionalMutator_EQUAL_ELSE,isSameLength,1258,NO_COVERAGE,none
ArrayUtils.java,org.apache.commons.lang3.ArrayUtils,org.pitest.mutationtest.engine.gregor.mutators.RemoveConditionalMutator_EQUAL_ELSE,isSameLength,1258,NO_COVERAGE,none
ArrayUtils.java,org.apache.commons.lang3.ArrayUtils,org.pitest.mutationtest.engine.gregor.mutators.RemoveConditionalMutator_EQUAL_ELSE,isSameLength,1258,NO_COVERAGE,none
ArrayUtils.java,org.apache.commons.lang3.ArrayUtils,org.pitest.mutationtest.engine.gregor.mutators.RemoveConditionalMutator_EQUAL_ELSE,isSameLength,1258,NO_COVERAGE,none
ArrayUtils.java,org.apache.commons.lang3.ArrayUtils,org.pitest.mutationtest.engine.gregor.mutators.RemoveConditionalMutator_EQUAL_ELSE,isSameLength,1258,NO_COVERAGE,none
ArrayUtils.java,org.apache.commons.lang3.ArrayUtils,org.pitest.mutationtest.engine.gregor.mutators.RemoveConditionalMutator_EQUAL_ELSE,isSameLength,1258,NO_COVERAGE,none
ArrayUtils.java,org.apache.commons.lang3.ArrayUtils,org.pitest.mutationtest.engine.gregor.mutators.RemoveConditionalMutator_EQUAL_IF,isSameLength,1258,NO_COVERAGE,none
ArrayUtils.java,org.apache.commons.lang3.ArrayUtils,org.pitest.mutationtest.engine.gregor.mutators.RemoveConditionalMutator_EQUAL_IF,isSameLength,1258,NO_COVERAGE,none
ArrayUtils.java,org.apache.commons.lang3.ArrayUtils,org.pitest.mutationtest.engine.gregor.mutators.RemoveConditionalMutator_EQUAL_IF,isSameLength,1258,NO_COVERAGE,none
ArrayUtils.java,org.apache.commons.lang3.ArrayUtils,org.pitest.mutationtest.engine.gregor.mutators.RemoveConditionalMutator_EQUAL_IF,isSameLength,1258,NO_COVERAGE,none
ArrayUtils.java,org.apache.commons.lang3.ArrayUtils,org.pitest.mutationtest.engine.gregor.mutators.RemoveConditionalMutator_EQUAL_IF,isSameLength,1258,NO_COVERAGE,none
ArrayUtils.java,org.apache.commons.lang3.ArrayUtils,org.pitest.mutationtest.engine.gregor.mutators.RemoveConditionalMutator_EQUAL_IF,isSameLength,1258,NO_COVERAGE,none
ArrayUtils.java,org.apache.commons.lang3.ArrayUtils,org.pitest.mutationtest.engine.gregor.mutators.RemoveConditionalMutator_EQUAL_IF,isSameLength,1258,NO_COVERAGE,none
ArrayUtils.java,org.apache.commons.lang3.ArrayUtils,org.pitest.mutationtest.engine.gregor.mutators.RemoveConditionalMutator_ORDER_ELSE,isSameLength,1258,NO_COVERAGE,none
ArrayUtils.java,org.apache.commons.lang3.ArrayUtils,org.pitest.mutationtest.engine.gregor.mutators.RemoveConditionalMutator_ORDER_ELSE,isSameLength,1258,NO_COVERAGE,none
ArrayUtils.java,org.apache.commons.lang3.ArrayUtils,org.pitest.mutationtest.engine.gregor.mutators.RemoveConditionalMutator_ORDER_IF,isSameLength,1258,NO_COVERAGE,none
ArrayUtils.java,org.apache.commons.lang3.ArrayUtils,org.pitest.mutationtest.engine.gregor.mutators.RemoveConditionalMutator_ORDER_IF,isSameLength,1258,NO_COVERAGE,none
ArrayUtils.java,org.apache.commons.lang3.ArrayUtils,org.pitest.mutationtest.engine.gregor.mutators.ReturnValsMutator,isSameLength,1261,NO_COVERAGE,none
ArrayUtils.java,org.apache.commons.lang3.ArrayUtils,org.pitest.mutationtest.engine.gregor.mutators.ReturnValsMutator,isSameLength,1263,NO_COVERAGE,none
ArrayUtils.java,org.apache.commons.lang3.ArrayUtils,org.pitest.mutationtest.engine.gregor.mutators.BooleanFalseReturnValsMutator,isSameLength,1299,NO_COVERAGE,none
ArrayUtils.java,org.apache.commons.lang3.ArrayUtils,org.pitest.mutationtest.engine.gregor.mutators.BooleanTrueReturnValsMutator,isSameLength,1297,NO_COVERAGE,none
ArrayUtils.java,org.apache.commons.lang3.ArrayUtils,org.pitest.mutationtest.engine.gregor.mutators.ConditionalsBoundaryMutator,isSameLength,1294,NO_COVERAGE,none
ArrayUtils.java,org.apache.commons.lang3.ArrayUtils,org.pitest.mutationtest.engine.gregor.mutators.ConditionalsBoundaryMutator,isSameLength,1294,NO_COVERAGE,none
ArrayUtils.java,org.apache.commons.lang3.ArrayUtils,org.pitest.mutationtest.engine.gregor.mutators.InlineConstantMutator,isSameLength,1297,NO_COVERAGE,none
ArrayUtils.java,org.apache.commons.lang3.ArrayUtils,org.pitest.mutationtest.engine.gregor.mutators.InlineConstantMutator,isSameLength,1299,NO_COVERAGE,none
ArrayUtils.java,org.apache.commons.lang3.ArrayUtils,org.pitest.mutationtest.engine.gregor.mutators.NegateConditionalsMutator,isSameLength,1294,NO_COVERAGE,none
ArrayUtils.java,org.apache.commons.lang3.ArrayUtils,org.pitest.mutationtest.engine.gregor.mutators.NegateConditionalsMutator,isSameLength,1294,NO_COVERAGE,none
ArrayUtils.java,org.apache.commons.lang3.ArrayUtils,org.pitest.mutationtest.engine.gregor.mutators.NegateConditionalsMutator,isSameLength,1294,NO_COVERAGE,none
ArrayUtils.java,org.apache.commons.lang3.ArrayUtils,org.pitest.mutationtest.engine.gregor.mutators.NegateConditionalsMutator,isSameLength,1294,NO_COVERAGE,none
ArrayUtils.java,org.apache.commons.lang3.ArrayUtils,org.pitest.mutationtest.engine.gregor.mutators.NegateConditionalsMutator,isSameLength,1294,NO_COVERAGE,none
ArrayUtils.java,org.apache.commons.lang3.ArrayUtils,org.pitest.mutationtest.engine.gregor.mutators.NegateConditionalsMutator,isSameLength,1294,NO_COVERAGE,none
ArrayUtils.java,org.apache.commons.lang3.ArrayUtils,org.pitest.mutationtest.engine.gregor.mutators.NegateConditionalsMutator,isSameLength,1294,NO_COVERAGE,none
ArrayUtils.java,org.apache.commons.lang3.ArrayUtils,org.pitest.mutationtest.engine.gregor.mutators.NegateConditionalsMutator,isSameLength,1294,NO_COVERAGE,none
ArrayUtils.java,org.apache.commons.lang3.ArrayUtils,org.pitest.mutationtest.engine.gregor.mutators.NegateConditionalsMutator,isSameLength,1294,NO_COVERAGE,none
ArrayUtils.java,org.apache.commons.lang3.ArrayUtils,org.pitest.mutationtest.engine.gregor.mutators.RemoveConditionalMutator_EQUAL_ELSE,isSameLength,1294,NO_COVERAGE,none
ArrayUtils.java,org.apache.commons.lang3.ArrayUtils,org.pitest.mutationtest.engine.gregor.mutators.RemoveConditionalMutator_EQUAL_ELSE,isSameLength,1294,NO_COVERAGE,none
ArrayUtils.java,org.apache.commons.lang3.ArrayUtils,org.pitest.mutationtest.engine.gregor.mutators.RemoveConditionalMutator_EQUAL_ELSE,isSameLength,1294,NO_COVERAGE,none
ArrayUtils.java,org.apache.commons.lang3.ArrayUtils,org.pitest.mutationtest.engine.gregor.mutators.RemoveConditionalMutator_EQUAL_ELSE,isSameLength,1294,NO_COVERAGE,none
ArrayUtils.java,org.apache.commons.lang3.ArrayUtils,org.pitest.mutationtest.engine.gregor.mutators.RemoveConditionalMutator_EQUAL_ELSE,isSameLength,1294,NO_COVERAGE,none
ArrayUtils.java,org.apache.commons.lang3.ArrayUtils,org.pitest.mutationtest.engine.gregor.mutators.RemoveConditionalMutator_EQUAL_ELSE,isSameLength,1294,NO_COVERAGE,none
ArrayUtils.java,org.apache.commons.lang3.ArrayUtils,org.pitest.mutationtest.engine.gregor.mutators.RemoveConditionalMutator_EQUAL_ELSE,isSameLength,1294,NO_COVERAGE,none
ArrayUtils.java,org.apache.commons.lang3.ArrayUtils,org.pitest.mutationtest.engine.gregor.mutators.RemoveConditionalMutator_EQUAL_IF,isSameLength,1294,NO_COVERAGE,none
ArrayUtils.java,org.apache.commons.lang3.ArrayUtils,org.pitest.mutationtest.engine.gregor.mutators.RemoveConditionalMutator_EQUAL_IF,isSameLength,1294,NO_COVERAGE,none
ArrayUtils.java,org.apache.commons.lang3.ArrayUtils,org.pitest.mutationtest.engine.gregor.mutators.RemoveConditionalMutator_EQUAL_IF,isSameLength,1294,NO_COVERAGE,none
ArrayUtils.java,org.apache.commons.lang3.ArrayUtils,org.pitest.mutationtest.engine.gregor.mutators.RemoveConditionalMutator_EQUAL_IF,isSameLength,1294,NO_COVERAGE,none
ArrayUtils.java,org.apache.commons.lang3.ArrayUtils,org.pitest.mutationtest.engine.gregor.mutators.RemoveConditionalMutator_EQUAL_IF,isSameLength,1294,NO_COVERAGE,none
ArrayUtils.java,org.apache.commons.lang3.ArrayUtils,org.pitest.mutationtest.engine.gregor.mutators.RemoveConditionalMutator_EQUAL_IF,isSameLength,1294,NO_COVERAGE,none
ArrayUtils.java,org.apache.commons.lang3.ArrayUtils,org.pitest.mutationtest.engine.gregor.mutators.RemoveConditionalMutator_EQUAL_IF,isSameLength,1294,NO_COVERAGE,none
ArrayUtils.java,org.apache.commons.lang3.ArrayUtils,org.pitest.mutationtest.engine.gregor.mutators.RemoveConditionalMutator_ORDER_ELSE,isSameLength,1294,NO_COVERAGE,none
ArrayUtils.java,org.apache.commons.lang3.ArrayUtils,org.pitest.mutationtest.engine.gregor.mutators.RemoveConditionalMutator_ORDER_ELSE,isSameLength,1294,NO_COVERAGE,none
ArrayUtils.java,org.apache.commons.lang3.ArrayUtils,org.pitest.mutationtest.engine.gregor.mutators.RemoveConditionalMutator_ORDER_IF,isSameLength,1294,NO_COVERAGE,none
ArrayUtils.java,org.apache.commons.lang3.ArrayUtils,org.pitest.mutationtest.engine.gregor.mutators.RemoveConditionalMutator_ORDER_IF,isSameLength,1294,NO_COVERAGE,none
ArrayUtils.java,org.apache.commons.lang3.ArrayUtils,org.pitest.mutationtest.engine.gregor.mutators.ReturnValsMutator,isSameLength,1297,NO_COVERAGE,none
ArrayUtils.java,org.apache.commons.lang3.ArrayUtils,org.pitest.mutationtest.engine.gregor.mutators.ReturnValsMutator,isSameLength,1299,NO_COVERAGE,none
ArrayUtils.java,org.apache.commons.lang3.ArrayUtils,org.pitest.mutationtest.engine.gregor.mutators.BooleanFalseReturnValsMutator,isSameLength,1317,NO_COVERAGE,none
ArrayUtils.java,org.apache.commons.lang3.ArrayUtils,org.pitest.mutationtest.engine.gregor.mutators.BooleanTrueReturnValsMutator,isSameLength,1315,NO_COVERAGE,none
ArrayUtils.java,org.apache.commons.lang3.ArrayUtils,org.pitest.mutationtest.engine.gregor.mutators.ConditionalsBoundaryMutator,isSameLength,1312,NO_COVERAGE,none
ArrayUtils.java,org.apache.commons.lang3.ArrayUtils,org.pitest.mutationtest.engine.gregor.mutators.ConditionalsBoundaryMutator,isSameLength,1312,NO_COVERAGE,none
ArrayUtils.java,org.apache.commons.lang3.ArrayUtils,org.pitest.mutationtest.engine.gregor.mutators.InlineConstantMutator,isSameLength,1315,NO_COVERAGE,none
ArrayUtils.java,org.apache.commons.lang3.ArrayUtils,org.pitest.mutationtest.engine.gregor.mutators.InlineConstantMutator,isSameLength,1317,NO_COVERAGE,none
ArrayUtils.java,org.apache.commons.lang3.ArrayUtils,org.pitest.mutationtest.engine.gregor.mutators.NegateConditionalsMutator,isSameLength,1312,NO_COVERAGE,none
ArrayUtils.java,org.apache.commons.lang3.ArrayUtils,org.pitest.mutationtest.engine.gregor.mutators.NegateConditionalsMutator,isSameLength,1312,NO_COVERAGE,none
ArrayUtils.java,org.apache.commons.lang3.ArrayUtils,org.pitest.mutationtest.engine.gregor.mutators.NegateConditionalsMutator,isSameLength,1312,NO_COVERAGE,none
ArrayUtils.java,org.apache.commons.lang3.ArrayUtils,org.pitest.mutationtest.engine.gregor.mutators.NegateConditionalsMutator,isSameLength,1312,NO_COVERAGE,none
ArrayUtils.java,org.apache.commons.lang3.ArrayUtils,org.pitest.mutationtest.engine.gregor.mutators.NegateConditionalsMutator,isSameLength,1312,NO_COVERAGE,none
ArrayUtils.java,org.apache.commons.lang3.ArrayUtils,org.pitest.mutationtest.engine.gregor.mutators.NegateConditionalsMutator,isSameLength,1312,NO_COVERAGE,none
ArrayUtils.java,org.apache.commons.lang3.ArrayUtils,org.pitest.mutationtest.engine.gregor.mutators.NegateConditionalsMutator,isSameLength,1312,NO_COVERAGE,none
ArrayUtils.java,org.apache.commons.lang3.ArrayUtils,org.pitest.mutationtest.engine.gregor.mutators.NegateConditionalsMutator,isSameLength,1312,NO_COVERAGE,none
ArrayUtils.java,org.apache.commons.lang3.ArrayUtils,org.pitest.mutationtest.engine.gregor.mutators.NegateConditionalsMutator,isSameLength,1312,NO_COVERAGE,none
ArrayUtils.java,org.apache.commons.lang3.ArrayUtils,org.pitest.mutationtest.engine.gregor.mutators.RemoveConditionalMutator_EQUAL_ELSE,isSameLength,1312,NO_COVERAGE,none
ArrayUtils.java,org.apache.commons.lang3.ArrayUtils,org.pitest.mutationtest.engine.gregor.mutators.RemoveConditionalMutator_EQUAL_ELSE,isSameLength,1312,NO_COVERAGE,none
ArrayUtils.java,org.apache.commons.lang3.ArrayUtils,org.pitest.mutationtest.engine.gregor.mutators.RemoveConditionalMutator_EQUAL_ELSE,isSameLength,1312,NO_COVERAGE,none
ArrayUtils.java,org.apache.commons.lang3.ArrayUtils,org.pitest.mutationtest.engine.gregor.mutators.RemoveConditionalMutator_EQUAL_ELSE,isSameLength,1312,NO_COVERAGE,none
ArrayUtils.java,org.apache.commons.lang3.ArrayUtils,org.pitest.mutationtest.engine.gregor.mutators.RemoveConditionalMutator_EQUAL_ELSE,isSameLength,1312,NO_COVERAGE,none
ArrayUtils.java,org.apache.commons.lang3.ArrayUtils,org.pitest.mutationtest.engine.gregor.mutators.RemoveConditionalMutator_EQUAL_ELSE,isSameLength,1312,NO_COVERAGE,none
ArrayUtils.java,org.apache.commons.lang3.ArrayUtils,org.pitest.mutationtest.engine.gregor.mutators.RemoveConditionalMutator_EQUAL_ELSE,isSameLength,1312,NO_COVERAGE,none
ArrayUtils.java,org.apache.commons.lang3.ArrayUtils,org.pitest.mutationtest.engine.gregor.mutators.RemoveConditionalMutator_EQUAL_IF,isSameLength,1312,NO_COVERAGE,none
ArrayUtils.java,org.apache.commons.lang3.ArrayUtils,org.pitest.mutationtest.engine.gregor.mutators.RemoveConditionalMutator_EQUAL_IF,isSameLength,1312,NO_COVERAGE,none
ArrayUtils.java,org.apache.commons.lang3.ArrayUtils,org.pitest.mutationtest.engine.gregor.mutators.RemoveConditionalMutator_EQUAL_IF,isSameLength,1312,NO_COVERAGE,none
ArrayUtils.java,org.apache.commons.lang3.ArrayUtils,org.pitest.mutationtest.engine.gregor.mutators.RemoveConditionalMutator_EQUAL_IF,isSameLength,1312,NO_COVERAGE,none
ArrayUtils.java,org.apache.commons.lang3.ArrayUtils,org.pitest.mutationtest.engine.gregor.mutators.RemoveConditionalMutator_EQUAL_IF,isSameLength,1312,NO_COVERAGE,none
ArrayUtils.java,org.apache.commons.lang3.ArrayUtils,org.pitest.mutationtest.engine.gregor.mutators.RemoveConditionalMutator_EQUAL_IF,isSameLength,1312,NO_COVERAGE,none
ArrayUtils.java,org.apache.commons.lang3.ArrayUtils,org.pitest.mutationtest.engine.gregor.mutators.RemoveConditionalMutator_EQUAL_IF,isSameLength,1312,NO_COVERAGE,none
ArrayUtils.java,org.apache.commons.lang3.ArrayUtils,org.pitest.mutationtest.engine.gregor.mutators.RemoveConditionalMutator_ORDER_ELSE,isSameLength,1312,NO_COVERAGE,none
ArrayUtils.java,org.apache.commons.lang3.ArrayUtils,org.pitest.mutationtest.engine.gregor.mutators.RemoveConditionalMutator_ORDER_ELSE,isSameLength,1312,NO_COVERAGE,none
ArrayUtils.java,org.apache.commons.lang3.ArrayUtils,org.pitest.mutationtest.engine.gregor.mutators.RemoveConditionalMutator_ORDER_IF,isSameLength,1312,NO_COVERAGE,none
ArrayUtils.java,org.apache.commons.lang3.ArrayUtils,org.pitest.mutationtest.engine.gregor.mutators.RemoveConditionalMutator_ORDER_IF,isSameLength,1312,NO_COVERAGE,none
ArrayUtils.java,org.apache.commons.lang3.ArrayUtils,org.pitest.mutationtest.engine.gregor.mutators.ReturnValsMutator,isSameLength,1315,NO_COVERAGE,none
ArrayUtils.java,org.apache.commons.lang3.ArrayUtils,org.pitest.mutationtest.engine.gregor.mutators.ReturnValsMutator,isSameLength,1317,NO_COVERAGE,none
ArrayUtils.java,org.apache.commons.lang3.ArrayUtils,org.pitest.mutationtest.engine.gregor.mutators.BooleanFalseReturnValsMutator,isSameLength,1227,NO_COVERAGE,none
ArrayUtils.java,org.apache.commons.lang3.ArrayUtils,org.pitest.mutationtest.engine.gregor.mutators.BooleanTrueReturnValsMutator,isSameLength,1225,NO_COVERAGE,none
ArrayUtils.java,org.apache.commons.lang3.ArrayUtils,org.pitest.mutationtest.engine.gregor.mutators.ConditionalsBoundaryMutator,isSameLength,1222,NO_COVERAGE,none
ArrayUtils.java,org.apache.commons.lang3.ArrayUtils,org.pitest.mutationtest.engine.gregor.mutators.ConditionalsBoundaryMutator,isSameLength,1222,NO_COVERAGE,none
ArrayUtils.java,org.apache.commons.lang3.ArrayUtils,org.pitest.mutationtest.engine.gregor.mutators.InlineConstantMutator,isSameLength,1225,NO_COVERAGE,none
ArrayUtils.java,org.apache.commons.lang3.ArrayUtils,org.pitest.mutationtest.engine.gregor.mutators.InlineConstantMutator,isSameLength,1227,NO_COVERAGE,none
ArrayUtils.java,org.apache.commons.lang3.ArrayUtils,org.pitest.mutationtest.engine.gregor.mutators.NegateConditionalsMutator,isSameLength,1222,NO_COVERAGE,none
ArrayUtils.java,org.apache.commons.lang3.ArrayUtils,org.pitest.mutationtest.engine.gregor.mutators.NegateConditionalsMutator,isSameLength,1222,NO_COVERAGE,none
ArrayUtils.java,org.apache.commons.lang3.ArrayUtils,org.pitest.mutationtest.engine.gregor.mutators.NegateConditionalsMutator,isSameLength,1222,NO_COVERAGE,none
ArrayUtils.java,org.apache.commons.lang3.ArrayUtils,org.pitest.mutationtest.engine.gregor.mutators.NegateConditionalsMutator,isSameLength,1222,NO_COVERAGE,none
ArrayUtils.java,org.apache.commons.lang3.ArrayUtils,org.pitest.mutationtest.engine.gregor.mutators.NegateConditionalsMutator,isSameLength,1222,NO_COVERAGE,none
ArrayUtils.java,org.apache.commons.lang3.ArrayUtils,org.pitest.mutationtest.engine.gregor.mutators.NegateConditionalsMutator,isSameLength,1222,NO_COVERAGE,none
ArrayUtils.java,org.apache.commons.lang3.ArrayUtils,org.pitest.mutationtest.engine.gregor.mutators.NegateConditionalsMutator,isSameLength,1222,NO_COVERAGE,none
ArrayUtils.java,org.apache.commons.lang3.ArrayUtils,org.pitest.mutationtest.engine.gregor.mutators.NegateConditionalsMutator,isSameLength,1222,NO_COVERAGE,none
ArrayUtils.java,org.apache.commons.lang3.ArrayUtils,org.pitest.mutationtest.engine.gregor.mutators.NegateConditionalsMutator,isSameLength,1222,NO_COVERAGE,none
ArrayUtils.java,org.apache.commons.lang3.ArrayUtils,org.pitest.mutationtest.engine.gregor.mutators.RemoveConditionalMutator_EQUAL_ELSE,isSameLength,1222,NO_COVERAGE,none
ArrayUtils.java,org.apache.commons.lang3.ArrayUtils,org.pitest.mutationtest.engine.gregor.mutators.RemoveConditionalMutator_EQUAL_ELSE,isSameLength,1222,NO_COVERAGE,none
ArrayUtils.java,org.apache.commons.lang3.ArrayUtils,org.pitest.mutationtest.engine.gregor.mutators.RemoveConditionalMutator_EQUAL_ELSE,isSameLength,1222,NO_COVERAGE,none
ArrayUtils.java,org.apache.commons.lang3.ArrayUtils,org.pitest.mutationtest.engine.gregor.mutators.RemoveConditionalMutator_EQUAL_ELSE,isSameLength,1222,NO_COVERAGE,none
ArrayUtils.java,org.apache.commons.lang3.ArrayUtils,org.pitest.mutationtest.engine.gregor.mutators.RemoveConditionalMutator_EQUAL_ELSE,isSameLength,1222,NO_COVERAGE,none
ArrayUtils.java,org.apache.commons.lang3.ArrayUtils,org.pitest.mutationtest.engine.gregor.mutators.RemoveConditionalMutator_EQUAL_ELSE,isSameLength,1222,NO_COVERAGE,none
ArrayUtils.java,org.apache.commons.lang3.ArrayUtils,org.pitest.mutationtest.engine.gregor.mutators.RemoveConditionalMutator_EQUAL_ELSE,isSameLength,1222,NO_COVERAGE,none
ArrayUtils.java,org.apache.commons.lang3.ArrayUtils,org.pitest.mutationtest.engine.gregor.mutators.RemoveConditionalMutator_EQUAL_IF,isSameLength,1222,NO_COVERAGE,none
ArrayUtils.java,org.apache.commons.lang3.ArrayUtils,org.pitest.mutationtest.engine.gregor.mutators.RemoveConditionalMutator_EQUAL_IF,isSameLength,1222,NO_COVERAGE,none
ArrayUtils.java,org.apache.commons.lang3.ArrayUtils,org.pitest.mutationtest.engine.gregor.mutators.RemoveConditionalMutator_EQUAL_IF,isSameLength,1222,NO_COVERAGE,none
ArrayUtils.java,org.apache.commons.lang3.ArrayUtils,org.pitest.mutationtest.engine.gregor.mutators.RemoveConditionalMutator_EQUAL_IF,isSameLength,1222,NO_COVERAGE,none
ArrayUtils.java,org.apache.commons.lang3.ArrayUtils,org.pitest.mutationtest.engine.gregor.mutators.RemoveConditionalMutator_EQUAL_IF,isSameLength,1222,NO_COVERAGE,none
ArrayUtils.java,org.apache.commons.lang3.ArrayUtils,org.pitest.mutationtest.engine.gregor.mutators.RemoveConditionalMutator_EQUAL_IF,isSameLength,1222,NO_COVERAGE,none
ArrayUtils.java,org.apache.commons.lang3.ArrayUtils,org.pitest.mutationtest.engine.gregor.mutators.RemoveConditionalMutator_EQUAL_IF,isSameLength,1222,NO_COVERAGE,none
ArrayUtils.java,org.apache.commons.lang3.ArrayUtils,org.pitest.mutationtest.engine.gregor.mutators.RemoveConditionalMutator_ORDER_ELSE,isSameLength,1222,NO_COVERAGE,none
ArrayUtils.java,org.apache.commons.lang3.ArrayUtils,org.pitest.mutationtest.engine.gregor.mutators.RemoveConditionalMutator_ORDER_ELSE,isSameLength,1222,NO_COVERAGE,none
ArrayUtils.java,org.apache.commons.lang3.ArrayUtils,org.pitest.mutationtest.engine.gregor.mutators.RemoveConditionalMutator_ORDER_IF,isSameLength,1222,NO_COVERAGE,none
ArrayUtils.java,org.apache.commons.lang3.ArrayUtils,org.pitest.mutationtest.engine.gregor.mutators.RemoveConditionalMutator_ORDER_IF,isSameLength,1222,NO_COVERAGE,none
ArrayUtils.java,org.apache.commons.lang3.ArrayUtils,org.pitest.mutationtest.engine.gregor.mutators.ReturnValsMutator,isSameLength,1225,NO_COVERAGE,none
ArrayUtils.java,org.apache.commons.lang3.ArrayUtils,org.pitest.mutationtest.engine.gregor.mutators.ReturnValsMutator,isSameLength,1227,NO_COVERAGE,none
ArrayUtils.java,org.apache.commons.lang3.ArrayUtils,org.pitest.mutationtest.engine.gregor.mutators.BooleanFalseReturnValsMutator,isSameLength,1209,NO_COVERAGE,none
ArrayUtils.java,org.apache.commons.lang3.ArrayUtils,org.pitest.mutationtest.engine.gregor.mutators.BooleanTrueReturnValsMutator,isSameLength,1207,NO_COVERAGE,none
ArrayUtils.java,org.apache.commons.lang3.ArrayUtils,org.pitest.mutationtest.engine.gregor.mutators.ConditionalsBoundaryMutator,isSameLength,1204,NO_COVERAGE,none
ArrayUtils.java,org.apache.commons.lang3.ArrayUtils,org.pitest.mutationtest.engine.gregor.mutators.ConditionalsBoundaryMutator,isSameLength,1204,NO_COVERAGE,none
ArrayUtils.java,org.apache.commons.lang3.ArrayUtils,org.pitest.mutationtest.engine.gregor.mutators.InlineConstantMutator,isSameLength,1207,NO_COVERAGE,none
ArrayUtils.java,org.apache.commons.lang3.ArrayUtils,org.pitest.mutationtest.engine.gregor.mutators.InlineConstantMutator,isSameLength,1209,NO_COVERAGE,none
ArrayUtils.java,org.apache.commons.lang3.ArrayUtils,org.pitest.mutationtest.engine.gregor.mutators.NegateConditionalsMutator,isSameLength,1204,NO_COVERAGE,none
ArrayUtils.java,org.apache.commons.lang3.ArrayUtils,org.pitest.mutationtest.engine.gregor.mutators.NegateConditionalsMutator,isSameLength,1204,NO_COVERAGE,none
ArrayUtils.java,org.apache.commons.lang3.ArrayUtils,org.pitest.mutationtest.engine.gregor.mutators.NegateConditionalsMutator,isSameLength,1204,NO_COVERAGE,none
ArrayUtils.java,org.apache.commons.lang3.ArrayUtils,org.pitest.mutationtest.engine.gregor.mutators.NegateConditionalsMutator,isSameLength,1204,NO_COVERAGE,none
ArrayUtils.java,org.apache.commons.lang3.ArrayUtils,org.pitest.mutationtest.engine.gregor.mutators.NegateConditionalsMutator,isSameLength,1204,NO_COVERAGE,none
ArrayUtils.java,org.apache.commons.lang3.ArrayUtils,org.pitest.mutationtest.engine.gregor.mutators.NegateConditionalsMutator,isSameLength,1204,NO_COVERAGE,none
ArrayUtils.java,org.apache.commons.lang3.ArrayUtils,org.pitest.mutationtest.engine.gregor.mutators.NegateConditionalsMutator,isSameLength,1204,NO_COVERAGE,none
ArrayUtils.java,org.apache.commons.lang3.ArrayUtils,org.pitest.mutationtest.engine.gregor.mutators.NegateConditionalsMutator,isSameLength,1204,NO_COVERAGE,none
ArrayUtils.java,org.apache.commons.lang3.ArrayUtils,org.pitest.mutationtest.engine.gregor.mutators.NegateConditionalsMutator,isSameLength,1204,NO_COVERAGE,none
ArrayUtils.java,org.apache.commons.lang3.ArrayUtils,org.pitest.mutationtest.engine.gregor.mutators.RemoveConditionalMutator_EQUAL_ELSE,isSameLength,1204,NO_COVERAGE,none
ArrayUtils.java,org.apache.commons.lang3.ArrayUtils,org.pitest.mutationtest.engine.gregor.mutators.RemoveConditionalMutator_EQUAL_ELSE,isSameLength,1204,NO_COVERAGE,none
ArrayUtils.java,org.apache.commons.lang3.ArrayUtils,org.pitest.mutationtest.engine.gregor.mutators.RemoveConditionalMutator_EQUAL_ELSE,isSameLength,1204,NO_COVERAGE,none
ArrayUtils.java,org.apache.commons.lang3.ArrayUtils,org.pitest.mutationtest.engine.gregor.mutators.RemoveConditionalMutator_EQUAL_ELSE,isSameLength,1204,NO_COVERAGE,none
ArrayUtils.java,org.apache.commons.lang3.ArrayUtils,org.pitest.mutationtest.engine.gregor.mutators.RemoveConditionalMutator_EQUAL_ELSE,isSameLength,1204,NO_COVERAGE,none
ArrayUtils.java,org.apache.commons.lang3.ArrayUtils,org.pitest.mutationtest.engine.gregor.mutators.RemoveConditionalMutator_EQUAL_ELSE,isSameLength,1204,NO_COVERAGE,none
ArrayUtils.java,org.apache.commons.lang3.ArrayUtils,org.pitest.mutationtest.engine.gregor.mutators.RemoveConditionalMutator_EQUAL_ELSE,isSameLength,1204,NO_COVERAGE,none
ArrayUtils.java,org.apache.commons.lang3.ArrayUtils,org.pitest.mutationtest.engine.gregor.mutators.RemoveConditionalMutator_EQUAL_IF,isSameLength,1204,NO_COVERAGE,none
ArrayUtils.java,org.apache.commons.lang3.ArrayUtils,org.pitest.mutationtest.engine.gregor.mutators.RemoveConditionalMutator_EQUAL_IF,isSameLength,1204,NO_COVERAGE,none
ArrayUtils.java,org.apache.commons.lang3.ArrayUtils,org.pitest.mutationtest.engine.gregor.mutators.RemoveConditionalMutator_EQUAL_IF,isSameLength,1204,NO_COVERAGE,none
ArrayUtils.java,org.apache.commons.lang3.ArrayUtils,org.pitest.mutationtest.engine.gregor.mutators.RemoveConditionalMutator_EQUAL_IF,isSameLength,1204,NO_COVERAGE,none
ArrayUtils.java,org.apache.commons.lang3.ArrayUtils,org.pitest.mutationtest.engine.gregor.mutators.RemoveConditionalMutator_EQUAL_IF,isSameLength,1204,NO_COVERAGE,none
ArrayUtils.java,org.apache.commons.lang3.ArrayUtils,org.pitest.mutationtest.engine.gregor.mutators.RemoveConditionalMutator_EQUAL_IF,isSameLength,1204,NO_COVERAGE,none
ArrayUtils.java,org.apache.commons.lang3.ArrayUtils,org.pitest.mutationtest.engine.gregor.mutators.RemoveConditionalMutator_EQUAL_IF,isSameLength,1204,NO_COVERAGE,none
ArrayUtils.java,org.apache.commons.lang3.ArrayUtils,org.pitest.mutationtest.engine.gregor.mutators.RemoveConditionalMutator_ORDER_ELSE,isSameLength,1204,NO_COVERAGE,none
ArrayUtils.java,org.apache.commons.lang3.ArrayUtils,org.pitest.mutationtest.engine.gregor.mutators.RemoveConditionalMutator_ORDER_ELSE,isSameLength,1204,NO_COVERAGE,none
ArrayUtils.java,org.apache.commons.lang3.ArrayUtils,org.pitest.mutationtest.engine.gregor.mutators.RemoveConditionalMutator_ORDER_IF,isSameLength,1204,NO_COVERAGE,none
ArrayUtils.java,org.apache.commons.lang3.ArrayUtils,org.pitest.mutationtest.engine.gregor.mutators.RemoveConditionalMutator_ORDER_IF,isSameLength,1204,NO_COVERAGE,none
ArrayUtils.java,org.apache.commons.lang3.ArrayUtils,org.pitest.mutationtest.engine.gregor.mutators.ReturnValsMutator,isSameLength,1207,NO_COVERAGE,none
ArrayUtils.java,org.apache.commons.lang3.ArrayUtils,org.pitest.mutationtest.engine.gregor.mutators.ReturnValsMutator,isSameLength,1209,NO_COVERAGE,none
ArrayUtils.java,org.apache.commons.lang3.ArrayUtils,org.pitest.mutationtest.engine.gregor.mutators.BooleanFalseReturnValsMutator,isSameLength,1191,NO_COVERAGE,none
ArrayUtils.java,org.apache.commons.lang3.ArrayUtils,org.pitest.mutationtest.engine.gregor.mutators.BooleanTrueReturnValsMutator,isSameLength,1189,NO_COVERAGE,none
ArrayUtils.java,org.apache.commons.lang3.ArrayUtils,org.pitest.mutationtest.engine.gregor.mutators.ConditionalsBoundaryMutator,isSameLength,1186,NO_COVERAGE,none
ArrayUtils.java,org.apache.commons.lang3.ArrayUtils,org.pitest.mutationtest.engine.gregor.mutators.ConditionalsBoundaryMutator,isSameLength,1186,NO_COVERAGE,none
ArrayUtils.java,org.apache.commons.lang3.ArrayUtils,org.pitest.mutationtest.engine.gregor.mutators.InlineConstantMutator,isSameLength,1189,NO_COVERAGE,none
ArrayUtils.java,org.apache.commons.lang3.ArrayUtils,org.pitest.mutationtest.engine.gregor.mutators.InlineConstantMutator,isSameLength,1191,NO_COVERAGE,none
ArrayUtils.java,org.apache.commons.lang3.ArrayUtils,org.pitest.mutationtest.engine.gregor.mutators.NegateConditionalsMutator,isSameLength,1186,NO_COVERAGE,none
ArrayUtils.java,org.apache.commons.lang3.ArrayUtils,org.pitest.mutationtest.engine.gregor.mutators.NegateConditionalsMutator,isSameLength,1186,NO_COVERAGE,none
ArrayUtils.java,org.apache.commons.lang3.ArrayUtils,org.pitest.mutationtest.engine.gregor.mutators.NegateConditionalsMutator,isSameLength,1186,NO_COVERAGE,none
ArrayUtils.java,org.apache.commons.lang3.ArrayUtils,org.pitest.mutationtest.engine.gregor.mutators.NegateConditionalsMutator,isSameLength,1186,NO_COVERAGE,none
ArrayUtils.java,org.apache.commons.lang3.ArrayUtils,org.pitest.mutationtest.engine.gregor.mutators.NegateConditionalsMutator,isSameLength,1186,NO_COVERAGE,none
ArrayUtils.java,org.apache.commons.lang3.ArrayUtils,org.pitest.mutationtest.engine.gregor.mutators.NegateConditionalsMutator,isSameLength,1186,NO_COVERAGE,none
ArrayUtils.java,org.apache.commons.lang3.ArrayUtils,org.pitest.mutationtest.engine.gregor.mutators.NegateConditionalsMutator,isSameLength,1186,NO_COVERAGE,none
ArrayUtils.java,org.apache.commons.lang3.ArrayUtils,org.pitest.mutationtest.engine.gregor.mutators.NegateConditionalsMutator,isSameLength,1186,NO_COVERAGE,none
ArrayUtils.java,org.apache.commons.lang3.ArrayUtils,org.pitest.mutationtest.engine.gregor.mutators.NegateConditionalsMutator,isSameLength,1186,NO_COVERAGE,none
ArrayUtils.java,org.apache.commons.lang3.ArrayUtils,org.pitest.mutationtest.engine.gregor.mutators.RemoveConditionalMutator_EQUAL_ELSE,isSameLength,1186,NO_COVERAGE,none
ArrayUtils.java,org.apache.commons.lang3.ArrayUtils,org.pitest.mutationtest.engine.gregor.mutators.RemoveConditionalMutator_EQUAL_ELSE,isSameLength,1186,NO_COVERAGE,none
ArrayUtils.java,org.apache.commons.lang3.ArrayUtils,org.pitest.mutationtest.engine.gregor.mutators.RemoveConditionalMutator_EQUAL_ELSE,isSameLength,1186,NO_COVERAGE,none
ArrayUtils.java,org.apache.commons.lang3.ArrayUtils,org.pitest.mutationtest.engine.gregor.mutators.RemoveConditionalMutator_EQUAL_ELSE,isSameLength,1186,NO_COVERAGE,none
ArrayUtils.java,org.apache.commons.lang3.ArrayUtils,org.pitest.mutationtest.engine.gregor.mutators.RemoveConditionalMutator_EQUAL_ELSE,isSameLength,1186,NO_COVERAGE,none
ArrayUtils.java,org.apache.commons.lang3.ArrayUtils,org.pitest.mutationtest.engine.gregor.mutators.RemoveConditionalMutator_EQUAL_ELSE,isSameLength,1186,NO_COVERAGE,none
ArrayUtils.java,org.apache.commons.lang3.ArrayUtils,org.pitest.mutationtest.engine.gregor.mutators.RemoveConditionalMutator_EQUAL_ELSE,isSameLength,1186,NO_COVERAGE,none
ArrayUtils.java,org.apache.commons.lang3.ArrayUtils,org.pitest.mutationtest.engine.gregor.mutators.RemoveConditionalMutator_EQUAL_IF,isSameLength,1186,NO_COVERAGE,none
ArrayUtils.java,org.apache.commons.lang3.ArrayUtils,org.pitest.mutationtest.engine.gregor.mutators.RemoveConditionalMutator_EQUAL_IF,isSameLength,1186,NO_COVERAGE,none
ArrayUtils.java,org.apache.commons.lang3.ArrayUtils,org.pitest.mutationtest.engine.gregor.mutators.RemoveConditionalMutator_EQUAL_IF,isSameLength,1186,NO_COVERAGE,none
ArrayUtils.java,org.apache.commons.lang3.ArrayUtils,org.pitest.mutationtest.engine.gregor.mutators.RemoveConditionalMutator_EQUAL_IF,isSameLength,1186,NO_COVERAGE,none
ArrayUtils.java,org.apache.commons.lang3.ArrayUtils,org.pitest.mutationtest.engine.gregor.mutators.RemoveConditionalMutator_EQUAL_IF,isSameLength,1186,NO_COVERAGE,none
ArrayUtils.java,org.apache.commons.lang3.ArrayUtils,org.pitest.mutationtest.engine.gregor.mutators.RemoveConditionalMutator_EQUAL_IF,isSameLength,1186,NO_COVERAGE,none
ArrayUtils.java,org.apache.commons.lang3.ArrayUtils,org.pitest.mutationtest.engine.gregor.mutators.RemoveConditionalMutator_EQUAL_IF,isSameLength,1186,NO_COVERAGE,none
ArrayUtils.java,org.apache.commons.lang3.ArrayUtils,org.pitest.mutationtest.engine.gregor.mutators.RemoveConditionalMutator_ORDER_ELSE,isSameLength,1186,NO_COVERAGE,none
ArrayUtils.java,org.apache.commons.lang3.ArrayUtils,org.pitest.mutationtest.engine.gregor.mutators.RemoveConditionalMutator_ORDER_ELSE,isSameLength,1186,NO_COVERAGE,none
ArrayUtils.java,org.apache.commons.lang3.ArrayUtils,org.pitest.mutationtest.engine.gregor.mutators.RemoveConditionalMutator_ORDER_IF,isSameLength,1186,NO_COVERAGE,none
ArrayUtils.java,org.apache.commons.lang3.ArrayUtils,org.pitest.mutationtest.engine.gregor.mutators.RemoveConditionalMutator_ORDER_IF,isSameLength,1186,NO_COVERAGE,none
ArrayUtils.java,org.apache.commons.lang3.ArrayUtils,org.pitest.mutationtest.engine.gregor.mutators.ReturnValsMutator,isSameLength,1189,NO_COVERAGE,none
ArrayUtils.java,org.apache.commons.lang3.ArrayUtils,org.pitest.mutationtest.engine.gregor.mutators.ReturnValsMutator,isSameLength,1191,NO_COVERAGE,none
ArrayUtils.java,org.apache.commons.lang3.ArrayUtils,org.pitest.mutationtest.engine.gregor.mutators.BooleanFalseReturnValsMutator,isSameLength,1245,NO_COVERAGE,none
ArrayUtils.java,org.apache.commons.lang3.ArrayUtils,org.pitest.mutationtest.engine.gregor.mutators.BooleanTrueReturnValsMutator,isSameLength,1243,NO_COVERAGE,none
ArrayUtils.java,org.apache.commons.lang3.ArrayUtils,org.pitest.mutationtest.engine.gregor.mutators.ConditionalsBoundaryMutator,isSameLength,1240,NO_COVERAGE,none
ArrayUtils.java,org.apache.commons.lang3.ArrayUtils,org.pitest.mutationtest.engine.gregor.mutators.ConditionalsBoundaryMutator,isSameLength,1240,NO_COVERAGE,none
ArrayUtils.java,org.apache.commons.lang3.ArrayUtils,org.pitest.mutationtest.engine.gregor.mutators.InlineConstantMutator,isSameLength,1243,NO_COVERAGE,none
ArrayUtils.java,org.apache.commons.lang3.ArrayUtils,org.pitest.mutationtest.engine.gregor.mutators.InlineConstantMutator,isSameLength,1245,NO_COVERAGE,none
ArrayUtils.java,org.apache.commons.lang3.ArrayUtils,org.pitest.mutationtest.engine.gregor.mutators.NegateConditionalsMutator,isSameLength,1240,NO_COVERAGE,none
ArrayUtils.java,org.apache.commons.lang3.ArrayUtils,org.pitest.mutationtest.engine.gregor.mutators.NegateConditionalsMutator,isSameLength,1240,NO_COVERAGE,none
ArrayUtils.java,org.apache.commons.lang3.ArrayUtils,org.pitest.mutationtest.engine.gregor.mutators.NegateConditionalsMutator,isSameLength,1240,NO_COVERAGE,none
ArrayUtils.java,org.apache.commons.lang3.ArrayUtils,org.pitest.mutationtest.engine.gregor.mutators.NegateConditionalsMutator,isSameLength,1240,NO_COVERAGE,none
ArrayUtils.java,org.apache.commons.lang3.ArrayUtils,org.pitest.mutationtest.engine.gregor.mutators.NegateConditionalsMutator,isSameLength,1240,NO_COVERAGE,none
ArrayUtils.java,org.apache.commons.lang3.ArrayUtils,org.pitest.mutationtest.engine.gregor.mutators.NegateConditionalsMutator,isSameLength,1240,NO_COVERAGE,none
ArrayUtils.java,org.apache.commons.lang3.ArrayUtils,org.pitest.mutationtest.engine.gregor.mutators.NegateConditionalsMutator,isSameLength,1240,NO_COVERAGE,none
ArrayUtils.java,org.apache.commons.lang3.ArrayUtils,org.pitest.mutationtest.engine.gregor.mutators.NegateConditionalsMutator,isSameLength,1240,NO_COVERAGE,none
ArrayUtils.java,org.apache.commons.lang3.ArrayUtils,org.pitest.mutationtest.engine.gregor.mutators.NegateConditionalsMutator,isSameLength,1240,NO_COVERAGE,none
ArrayUtils.java,org.apache.commons.lang3.ArrayUtils,org.pitest.mutationtest.engine.gregor.mutators.RemoveConditionalMutator_EQUAL_ELSE,isSameLength,1240,NO_COVERAGE,none
ArrayUtils.java,org.apache.commons.lang3.ArrayUtils,org.pitest.mutationtest.engine.gregor.mutators.RemoveConditionalMutator_EQUAL_ELSE,isSameLength,1240,NO_COVERAGE,none
ArrayUtils.java,org.apache.commons.lang3.ArrayUtils,org.pitest.mutationtest.engine.gregor.mutators.RemoveConditionalMutator_EQUAL_ELSE,isSameLength,1240,NO_COVERAGE,none
ArrayUtils.java,org.apache.commons.lang3.ArrayUtils,org.pitest.mutationtest.engine.gregor.mutators.RemoveConditionalMutator_EQUAL_ELSE,isSameLength,1240,NO_COVERAGE,none
ArrayUtils.java,org.apache.commons.lang3.ArrayUtils,org.pitest.mutationtest.engine.gregor.mutators.RemoveConditionalMutator_EQUAL_ELSE,isSameLength,1240,NO_COVERAGE,none
ArrayUtils.java,org.apache.commons.lang3.ArrayUtils,org.pitest.mutationtest.engine.gregor.mutators.RemoveConditionalMutator_EQUAL_ELSE,isSameLength,1240,NO_COVERAGE,none
ArrayUtils.java,org.apache.commons.lang3.ArrayUtils,org.pitest.mutationtest.engine.gregor.mutators.RemoveConditionalMutator_EQUAL_ELSE,isSameLength,1240,NO_COVERAGE,none
ArrayUtils.java,org.apache.commons.lang3.ArrayUtils,org.pitest.mutationtest.engine.gregor.mutators.RemoveConditionalMutator_EQUAL_IF,isSameLength,1240,NO_COVERAGE,none
ArrayUtils.java,org.apache.commons.lang3.ArrayUtils,org.pitest.mutationtest.engine.gregor.mutators.RemoveConditionalMutator_EQUAL_IF,isSameLength,1240,NO_COVERAGE,none
ArrayUtils.java,org.apache.commons.lang3.ArrayUtils,org.pitest.mutationtest.engine.gregor.mutators.RemoveConditionalMutator_EQUAL_IF,isSameLength,1240,NO_COVERAGE,none
ArrayUtils.java,org.apache.commons.lang3.ArrayUtils,org.pitest.mutationtest.engine.gregor.mutators.RemoveConditionalMutator_EQUAL_IF,isSameLength,1240,NO_COVERAGE,none
ArrayUtils.java,org.apache.commons.lang3.ArrayUtils,org.pitest.mutationtest.engine.gregor.mutators.RemoveConditionalMutator_EQUAL_IF,isSameLength,1240,NO_COVERAGE,none
ArrayUtils.java,org.apache.commons.lang3.ArrayUtils,org.pitest.mutationtest.engine.gregor.mutators.RemoveConditionalMutator_EQUAL_IF,isSameLength,1240,NO_COVERAGE,none
ArrayUtils.java,org.apache.commons.lang3.ArrayUtils,org.pitest.mutationtest.engine.gregor.mutators.RemoveConditionalMutator_EQUAL_IF,isSameLength,1240,NO_COVERAGE,none
ArrayUtils.java,org.apache.commons.lang3.ArrayUtils,org.pitest.mutationtest.engine.gregor.mutators.RemoveConditionalMutator_ORDER_ELSE,isSameLength,1240,NO_COVERAGE,none
ArrayUtils.java,org.apache.commons.lang3.ArrayUtils,org.pitest.mutationtest.engine.gregor.mutators.RemoveConditionalMutator_ORDER_ELSE,isSameLength,1240,NO_COVERAGE,none
ArrayUtils.java,org.apache.commons.lang3.ArrayUtils,org.pitest.mutationtest.engine.gregor.mutators.RemoveConditionalMutator_ORDER_IF,isSameLength,1240,NO_COVERAGE,none
ArrayUtils.java,org.apache.commons.lang3.ArrayUtils,org.pitest.mutationtest.engine.gregor.mutators.RemoveConditionalMutator_ORDER_IF,isSameLength,1240,NO_COVERAGE,none
ArrayUtils.java,org.apache.commons.lang3.ArrayUtils,org.pitest.mutationtest.engine.gregor.mutators.ReturnValsMutator,isSameLength,1243,NO_COVERAGE,none
ArrayUtils.java,org.apache.commons.lang3.ArrayUtils,org.pitest.mutationtest.engine.gregor.mutators.ReturnValsMutator,isSameLength,1245,NO_COVERAGE,none
ArrayUtils.java,org.apache.commons.lang3.ArrayUtils,org.pitest.mutationtest.engine.gregor.mutators.BooleanFalseReturnValsMutator,isSameLength,1335,NO_COVERAGE,none
ArrayUtils.java,org.apache.commons.lang3.ArrayUtils,org.pitest.mutationtest.engine.gregor.mutators.BooleanTrueReturnValsMutator,isSameLength,1333,NO_COVERAGE,none
ArrayUtils.java,org.apache.commons.lang3.ArrayUtils,org.pitest.mutationtest.engine.gregor.mutators.ConditionalsBoundaryMutator,isSameLength,1330,NO_COVERAGE,none
ArrayUtils.java,org.apache.commons.lang3.ArrayUtils,org.pitest.mutationtest.engine.gregor.mutators.ConditionalsBoundaryMutator,isSameLength,1330,NO_COVERAGE,none
ArrayUtils.java,org.apache.commons.lang3.ArrayUtils,org.pitest.mutationtest.engine.gregor.mutators.InlineConstantMutator,isSameLength,1333,NO_COVERAGE,none
ArrayUtils.java,org.apache.commons.lang3.ArrayUtils,org.pitest.mutationtest.engine.gregor.mutators.InlineConstantMutator,isSameLength,1335,NO_COVERAGE,none
ArrayUtils.java,org.apache.commons.lang3.ArrayUtils,org.pitest.mutationtest.engine.gregor.mutators.NegateConditionalsMutator,isSameLength,1330,NO_COVERAGE,none
ArrayUtils.java,org.apache.commons.lang3.ArrayUtils,org.pitest.mutationtest.engine.gregor.mutators.NegateConditionalsMutator,isSameLength,1330,NO_COVERAGE,none
ArrayUtils.java,org.apache.commons.lang3.ArrayUtils,org.pitest.mutationtest.engine.gregor.mutators.NegateConditionalsMutator,isSameLength,1330,NO_COVERAGE,none
ArrayUtils.java,org.apache.commons.lang3.ArrayUtils,org.pitest.mutationtest.engine.gregor.mutators.NegateConditionalsMutator,isSameLength,1330,NO_COVERAGE,none
ArrayUtils.java,org.apache.commons.lang3.ArrayUtils,org.pitest.mutationtest.engine.gregor.mutators.NegateConditionalsMutator,isSameLength,1330,NO_COVERAGE,none
ArrayUtils.java,org.apache.commons.lang3.ArrayUtils,org.pitest.mutationtest.engine.gregor.mutators.NegateConditionalsMutator,isSameLength,1330,NO_COVERAGE,none
ArrayUtils.java,org.apache.commons.lang3.ArrayUtils,org.pitest.mutationtest.engine.gregor.mutators.NegateConditionalsMutator,isSameLength,1330,NO_COVERAGE,none
ArrayUtils.java,org.apache.commons.lang3.ArrayUtils,org.pitest.mutationtest.engine.gregor.mutators.NegateConditionalsMutator,isSameLength,1330,NO_COVERAGE,none
ArrayUtils.java,org.apache.commons.lang3.ArrayUtils,org.pitest.mutationtest.engine.gregor.mutators.NegateConditionalsMutator,isSameLength,1330,NO_COVERAGE,none
ArrayUtils.java,org.apache.commons.lang3.ArrayUtils,org.pitest.mutationtest.engine.gregor.mutators.RemoveConditionalMutator_EQUAL_ELSE,isSameLength,1330,NO_COVERAGE,none
ArrayUtils.java,org.apache.commons.lang3.ArrayUtils,org.pitest.mutationtest.engine.gregor.mutators.RemoveConditionalMutator_EQUAL_ELSE,isSameLength,1330,NO_COVERAGE,none
ArrayUtils.java,org.apache.commons.lang3.ArrayUtils,org.pitest.mutationtest.engine.gregor.mutators.RemoveConditionalMutator_EQUAL_ELSE,isSameLength,1330,NO_COVERAGE,none
ArrayUtils.java,org.apache.commons.lang3.ArrayUtils,org.pitest.mutationtest.engine.gregor.mutators.RemoveConditionalMutator_EQUAL_ELSE,isSameLength,1330,NO_COVERAGE,none
ArrayUtils.java,org.apache.commons.lang3.ArrayUtils,org.pitest.mutationtest.engine.gregor.mutators.RemoveConditionalMutator_EQUAL_ELSE,isSameLength,1330,NO_COVERAGE,none
ArrayUtils.java,org.apache.commons.lang3.ArrayUtils,org.pitest.mutationtest.engine.gregor.mutators.RemoveConditionalMutator_EQUAL_ELSE,isSameLength,1330,NO_COVERAGE,none
ArrayUtils.java,org.apache.commons.lang3.ArrayUtils,org.pitest.mutationtest.engine.gregor.mutators.RemoveConditionalMutator_EQUAL_ELSE,isSameLength,1330,NO_COVERAGE,none
ArrayUtils.java,org.apache.commons.lang3.ArrayUtils,org.pitest.mutationtest.engine.gregor.mutators.RemoveConditionalMutator_EQUAL_IF,isSameLength,1330,NO_COVERAGE,none
ArrayUtils.java,org.apache.commons.lang3.ArrayUtils,org.pitest.mutationtest.engine.gregor.mutators.RemoveConditionalMutator_EQUAL_IF,isSameLength,1330,NO_COVERAGE,none
ArrayUtils.java,org.apache.commons.lang3.ArrayUtils,org.pitest.mutationtest.engine.gregor.mutators.RemoveConditionalMutator_EQUAL_IF,isSameLength,1330,NO_COVERAGE,none
ArrayUtils.java,org.apache.commons.lang3.ArrayUtils,org.pitest.mutationtest.engine.gregor.mutators.RemoveConditionalMutator_EQUAL_IF,isSameLength,1330,NO_COVERAGE,none
ArrayUtils.java,org.apache.commons.lang3.ArrayUtils,org.pitest.mutationtest.engine.gregor.mutators.RemoveConditionalMutator_EQUAL_IF,isSameLength,1330,NO_COVERAGE,none
ArrayUtils.java,org.apache.commons.lang3.ArrayUtils,org.pitest.mutationtest.engine.gregor.mutators.RemoveConditionalMutator_EQUAL_IF,isSameLength,1330,NO_COVERAGE,none
ArrayUtils.java,org.apache.commons.lang3.ArrayUtils,org.pitest.mutationtest.engine.gregor.mutators.RemoveConditionalMutator_EQUAL_IF,isSameLength,1330,NO_COVERAGE,none
ArrayUtils.java,org.apache.commons.lang3.ArrayUtils,org.pitest.mutationtest.engine.gregor.mutators.RemoveConditionalMutator_ORDER_ELSE,isSameLength,1330,NO_COVERAGE,none
ArrayUtils.java,org.apache.commons.lang3.ArrayUtils,org.pitest.mutationtest.engine.gregor.mutators.RemoveConditionalMutator_ORDER_ELSE,isSameLength,1330,NO_COVERAGE,none
ArrayUtils.java,org.apache.commons.lang3.ArrayUtils,org.pitest.mutationtest.engine.gregor.mutators.RemoveConditionalMutator_ORDER_IF,isSameLength,1330,NO_COVERAGE,none
ArrayUtils.java,org.apache.commons.lang3.ArrayUtils,org.pitest.mutationtest.engine.gregor.mutators.RemoveConditionalMutator_ORDER_IF,isSameLength,1330,NO_COVERAGE,none
ArrayUtils.java,org.apache.commons.lang3.ArrayUtils,org.pitest.mutationtest.engine.gregor.mutators.ReturnValsMutator,isSameLength,1333,NO_COVERAGE,none
ArrayUtils.java,org.apache.commons.lang3.ArrayUtils,org.pitest.mutationtest.engine.gregor.mutators.ReturnValsMutator,isSameLength,1335,NO_COVERAGE,none
ArrayUtils.java,org.apache.commons.lang3.ArrayUtils,org.pitest.mutationtest.engine.gregor.mutators.BooleanFalseReturnValsMutator,isSameType,1379,NO_COVERAGE,none
ArrayUtils.java,org.apache.commons.lang3.ArrayUtils,org.pitest.mutationtest.engine.gregor.mutators.BooleanTrueReturnValsMutator,isSameType,1379,NO_COVERAGE,none
ArrayUtils.java,org.apache.commons.lang3.ArrayUtils,org.pitest.mutationtest.engine.gregor.mutators.ConstructorCallMutator,isSameType,1377,NO_COVERAGE,none
ArrayUtils.java,org.apache.commons.lang3.ArrayUtils,org.pitest.mutationtest.engine.gregor.mutators.NegateConditionalsMutator,isSameType,1376,NO_COVERAGE,none
ArrayUtils.java,org.apache.commons.lang3.ArrayUtils,org.pitest.mutationtest.engine.gregor.mutators.NegateConditionalsMutator,isSameType,1376,NO_COVERAGE,none
ArrayUtils.java,org.apache.commons.lang3.ArrayUtils,org.pitest.mutationtest.engine.gregor.mutators.NonVoidMethodCallMutator,isSameType,1379,NO_COVERAGE,none
ArrayUtils.java,org.apache.commons.lang3.ArrayUtils,org.pitest.mutationtest.engine.gregor.mutators.NonVoidMethodCallMutator,isSameType,1379,NO_COVERAGE,none
ArrayUtils.java,org.apache.commons.lang3.ArrayUtils,org.pitest.mutationtest.engine.gregor.mutators.NonVoidMethodCallMutator,isSameType,1379,NO_COVERAGE,none
ArrayUtils.java,org.apache.commons.lang3.ArrayUtils,org.pitest.mutationtest.engine.gregor.mutators.NonVoidMethodCallMutator,isSameType,1379,NO_COVERAGE,none
ArrayUtils.java,org.apache.commons.lang3.ArrayUtils,org.pitest.mutationtest.engine.gregor.mutators.NonVoidMethodCallMutator,isSameType,1379,NO_COVERAGE,none
ArrayUtils.java,org.apache.commons.lang3.ArrayUtils,org.pitest.mutationtest.engine.gregor.mutators.RemoveConditionalMutator_EQUAL_ELSE,isSameType,1376,NO_COVERAGE,none
ArrayUtils.java,org.apache.commons.lang3.ArrayUtils,org.pitest.mutationtest.engine.gregor.mutators.RemoveConditionalMutator_EQUAL_ELSE,isSameType,1376,NO_COVERAGE,none
ArrayUtils.java,org.apache.commons.lang3.ArrayUtils,org.pitest.mutationtest.engine.gregor.mutators.RemoveConditionalMutator_EQUAL_IF,isSameType,1376,NO_COVERAGE,none
ArrayUtils.java,org.apache.commons.lang3.ArrayUtils,org.pitest.mutationtest.engine.gregor.mutators.RemoveConditionalMutator_EQUAL_IF,isSameType,1376,NO_COVERAGE,none
ArrayUtils.java,org.apache.commons.lang3.ArrayUtils,org.pitest.mutationtest.engine.gregor.mutators.ReturnValsMutator,isSameType,1379,NO_COVERAGE,none
ArrayUtils.java,org.apache.commons.lang3.ArrayUtils,org.pitest.mutationtest.engine.gregor.mutators.ArgumentPropagationMutator,lastIndexOf,2188,NO_COVERAGE,none
ArrayUtils.java,org.apache.commons.lang3.ArrayUtils,org.pitest.mutationtest.engine.gregor.mutators.InlineConstantMutator,lastIndexOf,2188,NO_COVERAGE,none
ArrayUtils.java,org.apache.commons.lang3.ArrayUtils,org.pitest.mutationtest.engine.gregor.mutators.NonVoidMethodCallMutator,lastIndexOf,2188,NO_COVERAGE,none
ArrayUtils.java,org.apache.commons.lang3.ArrayUtils,org.pitest.mutationtest.engine.gregor.mutators.PrimitiveReturnsMutator,lastIndexOf,2188,NO_COVERAGE,none
ArrayUtils.java,org.apache.commons.lang3.ArrayUtils,org.pitest.mutationtest.engine.gregor.mutators.ReturnValsMutator,lastIndexOf,2188,NO_COVERAGE,none
ArrayUtils.java,org.apache.commons.lang3.ArrayUtils,org.pitest.mutationtest.engine.gregor.mutators.ConditionalsBoundaryMutator,lastIndexOf,2209,NO_COVERAGE,none
ArrayUtils.java,org.apache.commons.lang3.ArrayUtils,org.pitest.mutationtest.engine.gregor.mutators.ConditionalsBoundaryMutator,lastIndexOf,2211,NO_COVERAGE,none
ArrayUtils.java,org.apache.commons.lang3.ArrayUtils,org.pitest.mutationtest.engine.gregor.mutators.ConditionalsBoundaryMutator,lastIndexOf,2214,NO_COVERAGE,none
ArrayUtils.java,org.apache.commons.lang3.ArrayUtils,org.pitest.mutationtest.engine.gregor.mutators.IncrementsMutator,lastIndexOf,2214,NO_COVERAGE,none
ArrayUtils.java,org.apache.commons.lang3.ArrayUtils,org.pitest.mutationtest.engine.gregor.mutators.InlineConstantMutator,lastIndexOf,2207,NO_COVERAGE,none
ArrayUtils.java,org.apache.commons.lang3.ArrayUtils,org.pitest.mutationtest.engine.gregor.mutators.InlineConstantMutator,lastIndexOf,2210,NO_COVERAGE,none
ArrayUtils.java,org.apache.commons.lang3.ArrayUtils,org.pitest.mutationtest.engine.gregor.mutators.InlineConstantMutator,lastIndexOf,2212,NO_COVERAGE,none
ArrayUtils.java,org.apache.commons.lang3.ArrayUtils,org.pitest.mutationtest.engine.gregor.mutators.InlineConstantMutator,lastIndexOf,2219,NO_COVERAGE,none
ArrayUtils.java,org.apache.commons.lang3.ArrayUtils,org.pitest.mutationtest.engine.gregor.mutators.MathMutator,lastIndexOf,2212,NO_COVERAGE,none
ArrayUtils.java,org.apache.commons.lang3.ArrayUtils,org.pitest.mutationtest.engine.gregor.mutators.NegateConditionalsMutator,lastIndexOf,2206,NO_COVERAGE,none
ArrayUtils.java,org.apache.commons.lang3.ArrayUtils,org.pitest.mutationtest.engine.gregor.mutators.NegateConditionalsMutator,lastIndexOf,2209,NO_COVERAGE,none
ArrayUtils.java,org.apache.commons.lang3.ArrayUtils,org.pitest.mutationtest.engine.gregor.mutators.NegateConditionalsMutator,lastIndexOf,2211,NO_COVERAGE,none
ArrayUtils.java,org.apache.commons.lang3.ArrayUtils,org.pitest.mutationtest.engine.gregor.mutators.NegateConditionalsMutator,lastIndexOf,2214,NO_COVERAGE,none
ArrayUtils.java,org.apache.commons.lang3.ArrayUtils,org.pitest.mutationtest.engine.gregor.mutators.NegateConditionalsMutator,lastIndexOf,2215,NO_COVERAGE,none
ArrayUtils.java,org.apache.commons.lang3.ArrayUtils,org.pitest.mutationtest.engine.gregor.mutators.PrimitiveReturnsMutator,lastIndexOf,2207,NO_COVERAGE,none
ArrayUtils.java,org.apache.commons.lang3.ArrayUtils,org.pitest.mutationtest.engine.gregor.mutators.PrimitiveReturnsMutator,lastIndexOf,2210,NO_COVERAGE,none
ArrayUtils.java,org.apache.commons.lang3.ArrayUtils,org.pitest.mutationtest.engine.gregor.mutators.PrimitiveReturnsMutator,lastIndexOf,2216,NO_COVERAGE,none
ArrayUtils.java,org.apache.commons.lang3.ArrayUtils,org.pitest.mutationtest.engine.gregor.mutators.PrimitiveReturnsMutator,lastIndexOf,2219,NO_COVERAGE,none
ArrayUtils.java,org.apache.commons.lang3.ArrayUtils,org.pitest.mutationtest.engine.gregor.mutators.RemoveConditionalMutator_EQUAL_ELSE,lastIndexOf,2206,NO_COVERAGE,none
ArrayUtils.java,org.apache.commons.lang3.ArrayUtils,org.pitest.mutationtest.engine.gregor.mutators.RemoveConditionalMutator_EQUAL_ELSE,lastIndexOf,2215,NO_COVERAGE,none
ArrayUtils.java,org.apache.commons.lang3.ArrayUtils,org.pitest.mutationtest.engine.gregor.mutators.RemoveConditionalMutator_EQUAL_IF,lastIndexOf,2206,NO_COVERAGE,none
ArrayUtils.java,org.apache.commons.lang3.ArrayUtils,org.pitest.mutationtest.engine.gregor.mutators.RemoveConditionalMutator_EQUAL_IF,lastIndexOf,2215,NO_COVERAGE,none
ArrayUtils.java,org.apache.commons.lang3.ArrayUtils,org.pitest.mutationtest.engine.gregor.mutators.RemoveConditionalMutator_ORDER_ELSE,lastIndexOf,2209,NO_COVERAGE,none
ArrayUtils.java,org.apache.commons.lang3.ArrayUtils,org.pitest.mutationtest.engine.gregor.mutators.RemoveConditionalMutator_ORDER_ELSE,lastIndexOf,2211,NO_COVERAGE,none
ArrayUtils.java,org.apache.commons.lang3.ArrayUtils,org.pitest.mutationtest.engine.gregor.mutators.RemoveConditionalMutator_ORDER_ELSE,lastIndexOf,2214,NO_COVERAGE,none
ArrayUtils.java,org.apache.commons.lang3.ArrayUtils,org.pitest.mutationtest.engine.gregor.mutators.RemoveConditionalMutator_ORDER_IF,lastIndexOf,2209,NO_COVERAGE,none
ArrayUtils.java,org.apache.commons.lang3.ArrayUtils,org.pitest.mutationtest.engine.gregor.mutators.RemoveConditionalMutator_ORDER_IF,lastIndexOf,2211,NO_COVERAGE,none
ArrayUtils.java,org.apache.commons.lang3.ArrayUtils,org.pitest.mutationtest.engine.gregor.mutators.RemoveConditionalMutator_ORDER_IF,lastIndexOf,2214,NO_COVERAGE,none
ArrayUtils.java,org.apache.commons.lang3.ArrayUtils,org.pitest.mutationtest.engine.gregor.mutators.ReturnValsMutator,lastIndexOf,2207,NO_COVERAGE,none
ArrayUtils.java,org.apache.commons.lang3.ArrayUtils,org.pitest.mutationtest.engine.gregor.mutators.ReturnValsMutator,lastIndexOf,2210,NO_COVERAGE,none
ArrayUtils.java,org.apache.commons.lang3.ArrayUtils,org.pitest.mutationtest.engine.gregor.mutators.ReturnValsMutator,lastIndexOf,2216,NO_COVERAGE,none
ArrayUtils.java,org.apache.commons.lang3.ArrayUtils,org.pitest.mutationtest.engine.gregor.mutators.ReturnValsMutator,lastIndexOf,2219,NO_COVERAGE,none
ArrayUtils.java,org.apache.commons.lang3.ArrayUtils,org.pitest.mutationtest.engine.gregor.mutators.experimental.RemoveIncrementsMutator,lastIndexOf,2214,NO_COVERAGE,none
ArrayUtils.java,org.apache.commons.lang3.ArrayUtils,org.pitest.mutationtest.engine.gregor.mutators.ArgumentPropagationMutator,lastIndexOf,2083,NO_COVERAGE,none
ArrayUtils.java,org.apache.commons.lang3.ArrayUtils,org.pitest.mutationtest.engine.gregor.mutators.InlineConstantMutator,lastIndexOf,2083,NO_COVERAGE,none
ArrayUtils.java,org.apache.commons.lang3.ArrayUtils,org.pitest.mutationtest.engine.gregor.mutators.NonVoidMethodCallMutator,lastIndexOf,2083,NO_COVERAGE,none
ArrayUtils.java,org.apache.commons.lang3.ArrayUtils,org.pitest.mutationtest.engine.gregor.mutators.PrimitiveReturnsMutator,lastIndexOf,2083,NO_COVERAGE,none
ArrayUtils.java,org.apache.commons.lang3.ArrayUtils,org.pitest.mutationtest.engine.gregor.mutators.ReturnValsMutator,lastIndexOf,2083,NO_COVERAGE,none
ArrayUtils.java,org.apache.commons.lang3.ArrayUtils,org.pitest.mutationtest.engine.gregor.mutators.ConditionalsBoundaryMutator,lastIndexOf,2105,NO_COVERAGE,none
ArrayUtils.java,org.apache.commons.lang3.ArrayUtils,org.pitest.mutationtest.engine.gregor.mutators.ConditionalsBoundaryMutator,lastIndexOf,2107,NO_COVERAGE,none
ArrayUtils.java,org.apache.commons.lang3.ArrayUtils,org.pitest.mutationtest.engine.gregor.mutators.ConditionalsBoundaryMutator,lastIndexOf,2110,NO_COVERAGE,none
ArrayUtils.java,org.apache.commons.lang3.ArrayUtils,org.pitest.mutationtest.engine.gregor.mutators.IncrementsMutator,lastIndexOf,2110,NO_COVERAGE,none
ArrayUtils.java,org.apache.commons.lang3.ArrayUtils,org.pitest.mutationtest.engine.gregor.mutators.InlineConstantMutator,lastIndexOf,2103,NO_COVERAGE,none
ArrayUtils.java,org.apache.commons.lang3.ArrayUtils,org.pitest.mutationtest.engine.gregor.mutators.InlineConstantMutator,lastIndexOf,2106,NO_COVERAGE,none
ArrayUtils.java,org.apache.commons.lang3.ArrayUtils,org.pitest.mutationtest.engine.gregor.mutators.InlineConstantMutator,lastIndexOf,2108,NO_COVERAGE,none
ArrayUtils.java,org.apache.commons.lang3.ArrayUtils,org.pitest.mutationtest.engine.gregor.mutators.InlineConstantMutator,lastIndexOf,2115,NO_COVERAGE,none
ArrayUtils.java,org.apache.commons.lang3.ArrayUtils,org.pitest.mutationtest.engine.gregor.mutators.MathMutator,lastIndexOf,2108,NO_COVERAGE,none
ArrayUtils.java,org.apache.commons.lang3.ArrayUtils,org.pitest.mutationtest.engine.gregor.mutators.NegateConditionalsMutator,lastIndexOf,2102,NO_COVERAGE,none
ArrayUtils.java,org.apache.commons.lang3.ArrayUtils,org.pitest.mutationtest.engine.gregor.mutators.NegateConditionalsMutator,lastIndexOf,2105,NO_COVERAGE,none
ArrayUtils.java,org.apache.commons.lang3.ArrayUtils,org.pitest.mutationtest.engine.gregor.mutators.NegateConditionalsMutator,lastIndexOf,2107,NO_COVERAGE,none
ArrayUtils.java,org.apache.commons.lang3.ArrayUtils,org.pitest.mutationtest.engine.gregor.mutators.NegateConditionalsMutator,lastIndexOf,2110,NO_COVERAGE,none
ArrayUtils.java,org.apache.commons.lang3.ArrayUtils,org.pitest.mutationtest.engine.gregor.mutators.NegateConditionalsMutator,lastIndexOf,2111,NO_COVERAGE,none
ArrayUtils.java,org.apache.commons.lang3.ArrayUtils,org.pitest.mutationtest.engine.gregor.mutators.PrimitiveReturnsMutator,lastIndexOf,2103,NO_COVERAGE,none
ArrayUtils.java,org.apache.commons.lang3.ArrayUtils,org.pitest.mutationtest.engine.gregor.mutators.PrimitiveReturnsMutator,lastIndexOf,2106,NO_COVERAGE,none
ArrayUtils.java,org.apache.commons.lang3.ArrayUtils,org.pitest.mutationtest.engine.gregor.mutators.PrimitiveReturnsMutator,lastIndexOf,2112,NO_COVERAGE,none
ArrayUtils.java,org.apache.commons.lang3.ArrayUtils,org.pitest.mutationtest.engine.gregor.mutators.PrimitiveReturnsMutator,lastIndexOf,2115,NO_COVERAGE,none
ArrayUtils.java,org.apache.commons.lang3.ArrayUtils,org.pitest.mutationtest.engine.gregor.mutators.RemoveConditionalMutator_EQUAL_ELSE,lastIndexOf,2102,NO_COVERAGE,none
ArrayUtils.java,org.apache.commons.lang3.ArrayUtils,org.pitest.mutationtest.engine.gregor.mutators.RemoveConditionalMutator_EQUAL_ELSE,lastIndexOf,2111,NO_COVERAGE,none
ArrayUtils.java,org.apache.commons.lang3.ArrayUtils,org.pitest.mutationtest.engine.gregor.mutators.RemoveConditionalMutator_EQUAL_IF,lastIndexOf,2102,NO_COVERAGE,none
ArrayUtils.java,org.apache.commons.lang3.ArrayUtils,org.pitest.mutationtest.engine.gregor.mutators.RemoveConditionalMutator_EQUAL_IF,lastIndexOf,2111,NO_COVERAGE,none
ArrayUtils.java,org.apache.commons.lang3.ArrayUtils,org.pitest.mutationtest.engine.gregor.mutators.RemoveConditionalMutator_ORDER_ELSE,lastIndexOf,2105,NO_COVERAGE,none
ArrayUtils.java,org.apache.commons.lang3.ArrayUtils,org.pitest.mutationtest.engine.gregor.mutators.RemoveConditionalMutator_ORDER_ELSE,lastIndexOf,2107,NO_COVERAGE,none
ArrayUtils.java,org.apache.commons.lang3.ArrayUtils,org.pitest.mutationtest.engine.gregor.mutators.RemoveConditionalMutator_ORDER_ELSE,lastIndexOf,2110,NO_COVERAGE,none
ArrayUtils.java,org.apache.commons.lang3.ArrayUtils,org.pitest.mutationtest.engine.gregor.mutators.RemoveConditionalMutator_ORDER_IF,lastIndexOf,2105,NO_COVERAGE,none
ArrayUtils.java,org.apache.commons.lang3.ArrayUtils,org.pitest.mutationtest.engine.gregor.mutators.RemoveConditionalMutator_ORDER_IF,lastIndexOf,2107,NO_COVERAGE,none
ArrayUtils.java,org.apache.commons.lang3.ArrayUtils,org.pitest.mutationtest.engine.gregor.mutators.RemoveConditionalMutator_ORDER_IF,lastIndexOf,2110,NO_COVERAGE,none
ArrayUtils.java,org.apache.commons.lang3.ArrayUtils,org.pitest.mutationtest.engine.gregor.mutators.ReturnValsMutator,lastIndexOf,2103,NO_COVERAGE,none
ArrayUtils.java,org.apache.commons.lang3.ArrayUtils,org.pitest.mutationtest.engine.gregor.mutators.ReturnValsMutator,lastIndexOf,2106,NO_COVERAGE,none
ArrayUtils.java,org.apache.commons.lang3.ArrayUtils,org.pitest.mutationtest.engine.gregor.mutators.ReturnValsMutator,lastIndexOf,2112,NO_COVERAGE,none
ArrayUtils.java,org.apache.commons.lang3.ArrayUtils,org.pitest.mutationtest.engine.gregor.mutators.ReturnValsMutator,lastIndexOf,2115,NO_COVERAGE,none
ArrayUtils.java,org.apache.commons.lang3.ArrayUtils,org.pitest.mutationtest.engine.gregor.mutators.experimental.RemoveIncrementsMutator,lastIndexOf,2110,NO_COVERAGE,none
ArrayUtils.java,org.apache.commons.lang3.ArrayUtils,org.pitest.mutationtest.engine.gregor.mutators.ArgumentPropagationMutator,lastIndexOf,2342,NO_COVERAGE,none
ArrayUtils.java,org.apache.commons.lang3.ArrayUtils,org.pitest.mutationtest.engine.gregor.mutators.InlineConstantMutator,lastIndexOf,2342,NO_COVERAGE,none
ArrayUtils.java,org.apache.commons.lang3.ArrayUtils,org.pitest.mutationtest.engine.gregor.mutators.NonVoidMethodCallMutator,lastIndexOf,2342,NO_COVERAGE,none
ArrayUtils.java,org.apache.commons.lang3.ArrayUtils,org.pitest.mutationtest.engine.gregor.mutators.PrimitiveReturnsMutator,lastIndexOf,2342,NO_COVERAGE,none
ArrayUtils.java,org.apache.commons.lang3.ArrayUtils,org.pitest.mutationtest.engine.gregor.mutators.ReturnValsMutator,lastIndexOf,2342,NO_COVERAGE,none
ArrayUtils.java,org.apache.commons.lang3.ArrayUtils,org.pitest.mutationtest.engine.gregor.mutators.ArgumentPropagationMutator,lastIndexOf,2359,NO_COVERAGE,none
ArrayUtils.java,org.apache.commons.lang3.ArrayUtils,org.pitest.mutationtest.engine.gregor.mutators.InlineConstantMutator,lastIndexOf,2359,NO_COVERAGE,none
ArrayUtils.java,org.apache.commons.lang3.ArrayUtils,org.pitest.mutationtest.engine.gregor.mutators.NonVoidMethodCallMutator,lastIndexOf,2359,NO_COVERAGE,none
ArrayUtils.java,org.apache.commons.lang3.ArrayUtils,org.pitest.mutationtest.engine.gregor.mutators.PrimitiveReturnsMutator,lastIndexOf,2359,NO_COVERAGE,none
ArrayUtils.java,org.apache.commons.lang3.ArrayUtils,org.pitest.mutationtest.engine.gregor.mutators.ReturnValsMutator,lastIndexOf,2359,NO_COVERAGE,none
ArrayUtils.java,org.apache.commons.lang3.ArrayUtils,org.pitest.mutationtest.engine.gregor.mutators.ConditionalsBoundaryMutator,lastIndexOf,2380,NO_COVERAGE,none
ArrayUtils.java,org.apache.commons.lang3.ArrayUtils,org.pitest.mutationtest.engine.gregor.mutators.ConditionalsBoundaryMutator,lastIndexOf,2382,NO_COVERAGE,none
ArrayUtils.java,org.apache.commons.lang3.ArrayUtils,org.pitest.mutationtest.engine.gregor.mutators.ConditionalsBoundaryMutator,lastIndexOf,2385,NO_COVERAGE,none
ArrayUtils.java,org.apache.commons.lang3.ArrayUtils,org.pitest.mutationtest.engine.gregor.mutators.IncrementsMutator,lastIndexOf,2385,NO_COVERAGE,none
ArrayUtils.java,org.apache.commons.lang3.ArrayUtils,org.pitest.mutationtest.engine.gregor.mutators.InlineConstantMutator,lastIndexOf,2378,NO_COVERAGE,none
ArrayUtils.java,org.apache.commons.lang3.ArrayUtils,org.pitest.mutationtest.engine.gregor.mutators.InlineConstantMutator,lastIndexOf,2381,NO_COVERAGE,none
ArrayUtils.java,org.apache.commons.lang3.ArrayUtils,org.pitest.mutationtest.engine.gregor.mutators.InlineConstantMutator,lastIndexOf,2383,NO_COVERAGE,none
ArrayUtils.java,org.apache.commons.lang3.ArrayUtils,org.pitest.mutationtest.engine.gregor.mutators.InlineConstantMutator,lastIndexOf,2390,NO_COVERAGE,none
ArrayUtils.java,org.apache.commons.lang3.ArrayUtils,org.pitest.mutationtest.engine.gregor.mutators.MathMutator,lastIndexOf,2383,NO_COVERAGE,none
ArrayUtils.java,org.apache.commons.lang3.ArrayUtils,org.pitest.mutationtest.engine.gregor.mutators.NegateConditionalsMutator,lastIndexOf,2377,NO_COVERAGE,none
ArrayUtils.java,org.apache.commons.lang3.ArrayUtils,org.pitest.mutationtest.engine.gregor.mutators.NegateConditionalsMutator,lastIndexOf,2380,NO_COVERAGE,none
ArrayUtils.java,org.apache.commons.lang3.ArrayUtils,org.pitest.mutationtest.engine.gregor.mutators.NegateConditionalsMutator,lastIndexOf,2382,NO_COVERAGE,none
ArrayUtils.java,org.apache.commons.lang3.ArrayUtils,org.pitest.mutationtest.engine.gregor.mutators.NegateConditionalsMutator,lastIndexOf,2385,NO_COVERAGE,none
ArrayUtils.java,org.apache.commons.lang3.ArrayUtils,org.pitest.mutationtest.engine.gregor.mutators.NegateConditionalsMutator,lastIndexOf,2386,NO_COVERAGE,none
ArrayUtils.java,org.apache.commons.lang3.ArrayUtils,org.pitest.mutationtest.engine.gregor.mutators.NonVoidMethodCallMutator,lastIndexOf,2377,NO_COVERAGE,none
ArrayUtils.java,org.apache.commons.lang3.ArrayUtils,org.pitest.mutationtest.engine.gregor.mutators.PrimitiveReturnsMutator,lastIndexOf,2378,NO_COVERAGE,none
ArrayUtils.java,org.apache.commons.lang3.ArrayUtils,org.pitest.mutationtest.engine.gregor.mutators.PrimitiveReturnsMutator,lastIndexOf,2381,NO_COVERAGE,none
ArrayUtils.java,org.apache.commons.lang3.ArrayUtils,org.pitest.mutationtest.engine.gregor.mutators.PrimitiveReturnsMutator,lastIndexOf,2387,NO_COVERAGE,none
ArrayUtils.java,org.apache.commons.lang3.ArrayUtils,org.pitest.mutationtest.engine.gregor.mutators.PrimitiveReturnsMutator,lastIndexOf,2390,NO_COVERAGE,none
ArrayUtils.java,org.apache.commons.lang3.ArrayUtils,org.pitest.mutationtest.engine.gregor.mutators.RemoveConditionalMutator_EQUAL_ELSE,lastIndexOf,2377,NO_COVERAGE,none
ArrayUtils.java,org.apache.commons.lang3.ArrayUtils,org.pitest.mutationtest.engine.gregor.mutators.RemoveConditionalMutator_EQUAL_ELSE,lastIndexOf,2386,NO_COVERAGE,none
ArrayUtils.java,org.apache.commons.lang3.ArrayUtils,org.pitest.mutationtest.engine.gregor.mutators.RemoveConditionalMutator_EQUAL_IF,lastIndexOf,2377,NO_COVERAGE,none
ArrayUtils.java,org.apache.commons.lang3.ArrayUtils,org.pitest.mutationtest.engine.gregor.mutators.RemoveConditionalMutator_EQUAL_IF,lastIndexOf,2386,NO_COVERAGE,none
ArrayUtils.java,org.apache.commons.lang3.ArrayUtils,org.pitest.mutationtest.engine.gregor.mutators.RemoveConditionalMutator_ORDER_ELSE,lastIndexOf,2380,NO_COVERAGE,none
ArrayUtils.java,org.apache.commons.lang3.ArrayUtils,org.pitest.mutationtest.engine.gregor.mutators.RemoveConditionalMutator_ORDER_ELSE,lastIndexOf,2382,NO_COVERAGE,none
ArrayUtils.java,org.apache.commons.lang3.ArrayUtils,org.pitest.mutationtest.engine.gregor.mutators.RemoveConditionalMutator_ORDER_ELSE,lastIndexOf,2385,NO_COVERAGE,none
ArrayUtils.java,org.apache.commons.lang3.ArrayUtils,org.pitest.mutationtest.engine.gregor.mutators.RemoveConditionalMutator_ORDER_IF,lastIndexOf,2380,NO_COVERAGE,none
ArrayUtils.java,org.apache.commons.lang3.ArrayUtils,org.pitest.mutationtest.engine.gregor.mutators.RemoveConditionalMutator_ORDER_IF,lastIndexOf,2382,NO_COVERAGE,none
ArrayUtils.java,org.apache.commons.lang3.ArrayUtils,org.pitest.mutationtest.engine.gregor.mutators.RemoveConditionalMutator_ORDER_IF,lastIndexOf,2385,NO_COVERAGE,none
ArrayUtils.java,org.apache.commons.lang3.ArrayUtils,org.pitest.mutationtest.engine.gregor.mutators.ReturnValsMutator,lastIndexOf,2378,NO_COVERAGE,none
ArrayUtils.java,org.apache.commons.lang3.ArrayUtils,org.pitest.mutationtest.engine.gregor.mutators.ReturnValsMutator,lastIndexOf,2381,NO_COVERAGE,none
ArrayUtils.java,org.apache.commons.lang3.ArrayUtils,org.pitest.mutationtest.engine.gregor.mutators.ReturnValsMutator,lastIndexOf,2387,NO_COVERAGE,none
ArrayUtils.java,org.apache.commons.lang3.ArrayUtils,org.pitest.mutationtest.engine.gregor.mutators.ReturnValsMutator,lastIndexOf,2390,NO_COVERAGE,none
ArrayUtils.java,org.apache.commons.lang3.ArrayUtils,org.pitest.mutationtest.engine.gregor.mutators.experimental.RemoveIncrementsMutator,lastIndexOf,2385,NO_COVERAGE,none
ArrayUtils.java,org.apache.commons.lang3.ArrayUtils,org.pitest.mutationtest.engine.gregor.mutators.ConditionalsBoundaryMutator,lastIndexOf,2414,NO_COVERAGE,none
ArrayUtils.java,org.apache.commons.lang3.ArrayUtils,org.pitest.mutationtest.engine.gregor.mutators.ConditionalsBoundaryMutator,lastIndexOf,2416,NO_COVERAGE,none
ArrayUtils.java,org.apache.commons.lang3.ArrayUtils,org.pitest.mutationtest.engine.gregor.mutators.ConditionalsBoundaryMutator,lastIndexOf,2421,NO_COVERAGE,none
ArrayUtils.java,org.apache.commons.lang3.ArrayUtils,org.pitest.mutationtest.engine.gregor.mutators.ConditionalsBoundaryMutator,lastIndexOf,2422,NO_COVERAGE,none
ArrayUtils.java,org.apache.commons.lang3.ArrayUtils,org.pitest.mutationtest.engine.gregor.mutators.ConditionalsBoundaryMutator,lastIndexOf,2422,NO_COVERAGE,none
ArrayUtils.java,org.apache.commons.lang3.ArrayUtils,org.pitest.mutationtest.engine.gregor.mutators.IncrementsMutator,lastIndexOf,2421,NO_COVERAGE,none
ArrayUtils.java,org.apache.commons.lang3.ArrayUtils,org.pitest.mutationtest.engine.gregor.mutators.InlineConstantMutator,lastIndexOf,2412,NO_COVERAGE,none
ArrayUtils.java,org.apache.commons.lang3.ArrayUtils,org.pitest.mutationtest.engine.gregor.mutators.InlineConstantMutator,lastIndexOf,2415,NO_COVERAGE,none
ArrayUtils.java,org.apache.commons.lang3.ArrayUtils,org.pitest.mutationtest.engine.gregor.mutators.InlineConstantMutator,lastIndexOf,2417,NO_COVERAGE,none
ArrayUtils.java,org.apache.commons.lang3.ArrayUtils,org.pitest.mutationtest.engine.gregor.mutators.InlineConstantMutator,lastIndexOf,2426,NO_COVERAGE,none
ArrayUtils.java,org.apache.commons.lang3.ArrayUtils,org.pitest.mutationtest.engine.gregor.mutators.MathMutator,lastIndexOf,2417,NO_COVERAGE,none
ArrayUtils.java,org.apache.commons.lang3.ArrayUtils,org.pitest.mutationtest.engine.gregor.mutators.MathMutator,lastIndexOf,2419,NO_COVERAGE,none
ArrayUtils.java,org.apache.commons.lang3.ArrayUtils,org.pitest.mutationtest.engine.gregor.mutators.MathMutator,lastIndexOf,2420,NO_COVERAGE,none
ArrayUtils.java,org.apache.commons.lang3.ArrayUtils,org.pitest.mutationtest.engine.gregor.mutators.NegateConditionalsMutator,lastIndexOf,2411,NO_COVERAGE,none
ArrayUtils.java,org.apache.commons.lang3.ArrayUtils,org.pitest.mutationtest.engine.gregor.mutators.NegateConditionalsMutator,lastIndexOf,2414,NO_COVERAGE,none
ArrayUtils.java,org.apache.commons.lang3.ArrayUtils,org.pitest.mutationtest.engine.gregor.mutators.NegateConditionalsMutator,lastIndexOf,2416,NO_COVERAGE,none
ArrayUtils.java,org.apache.commons.lang3.ArrayUtils,org.pitest.mutationtest.engine.gregor.mutators.NegateConditionalsMutator,lastIndexOf,2421,NO_COVERAGE,none
ArrayUtils.java,org.apache.commons.lang3.ArrayUtils,org.pitest.mutationtest.engine.gregor.mutators.NegateConditionalsMutator,lastIndexOf,2422,NO_COVERAGE,none
ArrayUtils.java,org.apache.commons.lang3.ArrayUtils,org.pitest.mutationtest.engine.gregor.mutators.NegateConditionalsMutator,lastIndexOf,2422,NO_COVERAGE,none
ArrayUtils.java,org.apache.commons.lang3.ArrayUtils,org.pitest.mutationtest.engine.gregor.mutators.NonVoidMethodCallMutator,lastIndexOf,2411,NO_COVERAGE,none
ArrayUtils.java,org.apache.commons.lang3.ArrayUtils,org.pitest.mutationtest.engine.gregor.mutators.PrimitiveReturnsMutator,lastIndexOf,2412,NO_COVERAGE,none
ArrayUtils.java,org.apache.commons.lang3.ArrayUtils,org.pitest.mutationtest.engine.gregor.mutators.PrimitiveReturnsMutator,lastIndexOf,2415,NO_COVERAGE,none
ArrayUtils.java,org.apache.commons.lang3.ArrayUtils,org.pitest.mutationtest.engine.gregor.mutators.PrimitiveReturnsMutator,lastIndexOf,2423,NO_COVERAGE,none
ArrayUtils.java,org.apache.commons.lang3.ArrayUtils,org.pitest.mutationtest.engine.gregor.mutators.PrimitiveReturnsMutator,lastIndexOf,2426,NO_COVERAGE,none
ArrayUtils.java,org.apache.commons.lang3.ArrayUtils,org.pitest.mutationtest.engine.gregor.mutators.RemoveConditionalMutator_EQUAL_ELSE,lastIndexOf,2411,NO_COVERAGE,none
ArrayUtils.java,org.apache.commons.lang3.ArrayUtils,org.pitest.mutationtest.engine.gregor.mutators.RemoveConditionalMutator_EQUAL_IF,lastIndexOf,2411,NO_COVERAGE,none
ArrayUtils.java,org.apache.commons.lang3.ArrayUtils,org.pitest.mutationtest.engine.gregor.mutators.RemoveConditionalMutator_ORDER_ELSE,lastIndexOf,2414,NO_COVERAGE,none
ArrayUtils.java,org.apache.commons.lang3.ArrayUtils,org.pitest.mutationtest.engine.gregor.mutators.RemoveConditionalMutator_ORDER_ELSE,lastIndexOf,2416,NO_COVERAGE,none
ArrayUtils.java,org.apache.commons.lang3.ArrayUtils,org.pitest.mutationtest.engine.gregor.mutators.RemoveConditionalMutator_ORDER_ELSE,lastIndexOf,2421,NO_COVERAGE,none
ArrayUtils.java,org.apache.commons.lang3.ArrayUtils,org.pitest.mutationtest.engine.gregor.mutators.RemoveConditionalMutator_ORDER_ELSE,lastIndexOf,2422,NO_COVERAGE,none
ArrayUtils.java,org.apache.commons.lang3.ArrayUtils,org.pitest.mutationtest.engine.gregor.mutators.RemoveConditionalMutator_ORDER_ELSE,lastIndexOf,2422,NO_COVERAGE,none
ArrayUtils.java,org.apache.commons.lang3.ArrayUtils,org.pitest.mutationtest.engine.gregor.mutators.RemoveConditionalMutator_ORDER_IF,lastIndexOf,2414,NO_COVERAGE,none
ArrayUtils.java,org.apache.commons.lang3.ArrayUtils,org.pitest.mutationtest.engine.gregor.mutators.RemoveConditionalMutator_ORDER_IF,lastIndexOf,2416,NO_COVERAGE,none
ArrayUtils.java,org.apache.commons.lang3.ArrayUtils,org.pitest.mutationtest.engine.gregor.mutators.RemoveConditionalMutator_ORDER_IF,lastIndexOf,2421,NO_COVERAGE,none
ArrayUtils.java,org.apache.commons.lang3.ArrayUtils,org.pitest.mutationtest.engine.gregor.mutators.RemoveConditionalMutator_ORDER_IF,lastIndexOf,2422,NO_COVERAGE,none
ArrayUtils.java,org.apache.commons.lang3.ArrayUtils,org.pitest.mutationtest.engine.gregor.mutators.RemoveConditionalMutator_ORDER_IF,lastIndexOf,2422,NO_COVERAGE,none
ArrayUtils.java,org.apache.commons.lang3.ArrayUtils,org.pitest.mutationtest.engine.gregor.mutators.ReturnValsMutator,lastIndexOf,2412,NO_COVERAGE,none
ArrayUtils.java,org.apache.commons.lang3.ArrayUtils,org.pitest.mutationtest.engine.gregor.mutators.ReturnValsMutator,lastIndexOf,2415,NO_COVERAGE,none
ArrayUtils.java,org.apache.commons.lang3.ArrayUtils,org.pitest.mutationtest.engine.gregor.mutators.ReturnValsMutator,lastIndexOf,2423,NO_COVERAGE,none
ArrayUtils.java,org.apache.commons.lang3.ArrayUtils,org.pitest.mutationtest.engine.gregor.mutators.ReturnValsMutator,lastIndexOf,2426,NO_COVERAGE,none
ArrayUtils.java,org.apache.commons.lang3.ArrayUtils,org.pitest.mutationtest.engine.gregor.mutators.experimental.RemoveIncrementsMutator,lastIndexOf,2421,NO_COVERAGE,none
ArrayUtils.java,org.apache.commons.lang3.ArrayUtils,org.pitest.mutationtest.engine.gregor.mutators.ArgumentPropagationMutator,lastIndexOf,2515,NO_COVERAGE,none
ArrayUtils.java,org.apache.commons.lang3.ArrayUtils,org.pitest.mutationtest.engine.gregor.mutators.InlineConstantMutator,lastIndexOf,2515,NO_COVERAGE,none
ArrayUtils.java,org.apache.commons.lang3.ArrayUtils,org.pitest.mutationtest.engine.gregor.mutators.NonVoidMethodCallMutator,lastIndexOf,2515,NO_COVERAGE,none
ArrayUtils.java,org.apache.commons.lang3.ArrayUtils,org.pitest.mutationtest.engine.gregor.mutators.PrimitiveReturnsMutator,lastIndexOf,2515,NO_COVERAGE,none
ArrayUtils.java,org.apache.commons.lang3.ArrayUtils,org.pitest.mutationtest.engine.gregor.mutators.ReturnValsMutator,lastIndexOf,2515,NO_COVERAGE,none
ArrayUtils.java,org.apache.commons.lang3.ArrayUtils,org.pitest.mutationtest.engine.gregor.mutators.ConditionalsBoundaryMutator,lastIndexOf,2536,NO_COVERAGE,none
ArrayUtils.java,org.apache.commons.lang3.ArrayUtils,org.pitest.mutationtest.engine.gregor.mutators.ConditionalsBoundaryMutator,lastIndexOf,2538,NO_COVERAGE,none
ArrayUtils.java,org.apache.commons.lang3.ArrayUtils,org.pitest.mutationtest.engine.gregor.mutators.ConditionalsBoundaryMutator,lastIndexOf,2541,NO_COVERAGE,none
ArrayUtils.java,org.apache.commons.lang3.ArrayUtils,org.pitest.mutationtest.engine.gregor.mutators.IncrementsMutator,lastIndexOf,2541,NO_COVERAGE,none
ArrayUtils.java,org.apache.commons.lang3.ArrayUtils,org.pitest.mutationtest.engine.gregor.mutators.InlineConstantMutator,lastIndexOf,2534,NO_COVERAGE,none
ArrayUtils.java,org.apache.commons.lang3.ArrayUtils,org.pitest.mutationtest.engine.gregor.mutators.InlineConstantMutator,lastIndexOf,2537,NO_COVERAGE,none
ArrayUtils.java,org.apache.commons.lang3.ArrayUtils,org.pitest.mutationtest.engine.gregor.mutators.InlineConstantMutator,lastIndexOf,2539,NO_COVERAGE,none
ArrayUtils.java,org.apache.commons.lang3.ArrayUtils,org.pitest.mutationtest.engine.gregor.mutators.InlineConstantMutator,lastIndexOf,2546,NO_COVERAGE,none
ArrayUtils.java,org.apache.commons.lang3.ArrayUtils,org.pitest.mutationtest.engine.gregor.mutators.MathMutator,lastIndexOf,2539,NO_COVERAGE,none
ArrayUtils.java,org.apache.commons.lang3.ArrayUtils,org.pitest.mutationtest.engine.gregor.mutators.NegateConditionalsMutator,lastIndexOf,2533,NO_COVERAGE,none
ArrayUtils.java,org.apache.commons.lang3.ArrayUtils,org.pitest.mutationtest.engine.gregor.mutators.NegateConditionalsMutator,lastIndexOf,2536,NO_COVERAGE,none
ArrayUtils.java,org.apache.commons.lang3.ArrayUtils,org.pitest.mutationtest.engine.gregor.mutators.NegateConditionalsMutator,lastIndexOf,2538,NO_COVERAGE,none
ArrayUtils.java,org.apache.commons.lang3.ArrayUtils,org.pitest.mutationtest.engine.gregor.mutators.NegateConditionalsMutator,lastIndexOf,2541,NO_COVERAGE,none
ArrayUtils.java,org.apache.commons.lang3.ArrayUtils,org.pitest.mutationtest.engine.gregor.mutators.NegateConditionalsMutator,lastIndexOf,2542,NO_COVERAGE,none
ArrayUtils.java,org.apache.commons.lang3.ArrayUtils,org.pitest.mutationtest.engine.gregor.mutators.NonVoidMethodCallMutator,lastIndexOf,2533,NO_COVERAGE,none
ArrayUtils.java,org.apache.commons.lang3.ArrayUtils,org.pitest.mutationtest.engine.gregor.mutators.PrimitiveReturnsMutator,lastIndexOf,2534,NO_COVERAGE,none
ArrayUtils.java,org.apache.commons.lang3.ArrayUtils,org.pitest.mutationtest.engine.gregor.mutators.PrimitiveReturnsMutator,lastIndexOf,2537,NO_COVERAGE,none
ArrayUtils.java,org.apache.commons.lang3.ArrayUtils,org.pitest.mutationtest.engine.gregor.mutators.PrimitiveReturnsMutator,lastIndexOf,2543,NO_COVERAGE,none
ArrayUtils.java,org.apache.commons.lang3.ArrayUtils,org.pitest.mutationtest.engine.gregor.mutators.PrimitiveReturnsMutator,lastIndexOf,2546,NO_COVERAGE,none
ArrayUtils.java,org.apache.commons.lang3.ArrayUtils,org.pitest.mutationtest.engine.gregor.mutators.RemoveConditionalMutator_EQUAL_ELSE,lastIndexOf,2533,NO_COVERAGE,none
ArrayUtils.java,org.apache.commons.lang3.ArrayUtils,org.pitest.mutationtest.engine.gregor.mutators.RemoveConditionalMutator_EQUAL_ELSE,lastIndexOf,2542,NO_COVERAGE,none
ArrayUtils.java,org.apache.commons.lang3.ArrayUtils,org.pitest.mutationtest.engine.gregor.mutators.RemoveConditionalMutator_EQUAL_IF,lastIndexOf,2533,NO_COVERAGE,none
ArrayUtils.java,org.apache.commons.lang3.ArrayUtils,org.pitest.mutationtest.engine.gregor.mutators.RemoveConditionalMutator_EQUAL_IF,lastIndexOf,2542,NO_COVERAGE,none
ArrayUtils.java,org.apache.commons.lang3.ArrayUtils,org.pitest.mutationtest.engine.gregor.mutators.RemoveConditionalMutator_ORDER_ELSE,lastIndexOf,2536,NO_COVERAGE,none
ArrayUtils.java,org.apache.commons.lang3.ArrayUtils,org.pitest.mutationtest.engine.gregor.mutators.RemoveConditionalMutator_ORDER_ELSE,lastIndexOf,2538,NO_COVERAGE,none
ArrayUtils.java,org.apache.commons.lang3.ArrayUtils,org.pitest.mutationtest.engine.gregor.mutators.RemoveConditionalMutator_ORDER_ELSE,lastIndexOf,2541,NO_COVERAGE,none
ArrayUtils.java,org.apache.commons.lang3.ArrayUtils,org.pitest.mutationtest.engine.gregor.mutators.RemoveConditionalMutator_ORDER_IF,lastIndexOf,2536,NO_COVERAGE,none
ArrayUtils.java,org.apache.commons.lang3.ArrayUtils,org.pitest.mutationtest.engine.gregor.mutators.RemoveConditionalMutator_ORDER_IF,lastIndexOf,2538,NO_COVERAGE,none
ArrayUtils.java,org.apache.commons.lang3.ArrayUtils,org.pitest.mutationtest.engine.gregor.mutators.RemoveConditionalMutator_ORDER_IF,lastIndexOf,2541,NO_COVERAGE,none
ArrayUtils.java,org.apache.commons.lang3.ArrayUtils,org.pitest.mutationtest.engine.gregor.mutators.ReturnValsMutator,lastIndexOf,2534,NO_COVERAGE,none
ArrayUtils.java,org.apache.commons.lang3.ArrayUtils,org.pitest.mutationtest.engine.gregor.mutators.ReturnValsMutator,lastIndexOf,2537,NO_COVERAGE,none
ArrayUtils.java,org.apache.commons.lang3.ArrayUtils,org.pitest.mutationtest.engine.gregor.mutators.ReturnValsMutator,lastIndexOf,2543,NO_COVERAGE,none
ArrayUtils.java,org.apache.commons.lang3.ArrayUtils,org.pitest.mutationtest.engine.gregor.mutators.ReturnValsMutator,lastIndexOf,2546,NO_COVERAGE,none
ArrayUtils.java,org.apache.commons.lang3.ArrayUtils,org.pitest.mutationtest.engine.gregor.mutators.experimental.RemoveIncrementsMutator,lastIndexOf,2541,NO_COVERAGE,none
ArrayUtils.java,org.apache.commons.lang3.ArrayUtils,org.pitest.mutationtest.engine.gregor.mutators.ArgumentPropagationMutator,lastIndexOf,1874,NO_COVERAGE,none
ArrayUtils.java,org.apache.commons.lang3.ArrayUtils,org.pitest.mutationtest.engine.gregor.mutators.InlineConstantMutator,lastIndexOf,1874,NO_COVERAGE,none
ArrayUtils.java,org.apache.commons.lang3.ArrayUtils,org.pitest.mutationtest.engine.gregor.mutators.NonVoidMethodCallMutator,lastIndexOf,1874,NO_COVERAGE,none
ArrayUtils.java,org.apache.commons.lang3.ArrayUtils,org.pitest.mutationtest.engine.gregor.mutators.PrimitiveReturnsMutator,lastIndexOf,1874,NO_COVERAGE,none
ArrayUtils.java,org.apache.commons.lang3.ArrayUtils,org.pitest.mutationtest.engine.gregor.mutators.ReturnValsMutator,lastIndexOf,1874,NO_COVERAGE,none
ArrayUtils.java,org.apache.commons.lang3.ArrayUtils,org.pitest.mutationtest.engine.gregor.mutators.ConditionalsBoundaryMutator,lastIndexOf,1895,NO_COVERAGE,none
ArrayUtils.java,org.apache.commons.lang3.ArrayUtils,org.pitest.mutationtest.engine.gregor.mutators.ConditionalsBoundaryMutator,lastIndexOf,1897,NO_COVERAGE,none
ArrayUtils.java,org.apache.commons.lang3.ArrayUtils,org.pitest.mutationtest.engine.gregor.mutators.ConditionalsBoundaryMutator,lastIndexOf,1900,NO_COVERAGE,none
ArrayUtils.java,org.apache.commons.lang3.ArrayUtils,org.pitest.mutationtest.engine.gregor.mutators.IncrementsMutator,lastIndexOf,1900,NO_COVERAGE,none
ArrayUtils.java,org.apache.commons.lang3.ArrayUtils,org.pitest.mutationtest.engine.gregor.mutators.InlineConstantMutator,lastIndexOf,1893,NO_COVERAGE,none
ArrayUtils.java,org.apache.commons.lang3.ArrayUtils,org.pitest.mutationtest.engine.gregor.mutators.InlineConstantMutator,lastIndexOf,1896,NO_COVERAGE,none
ArrayUtils.java,org.apache.commons.lang3.ArrayUtils,org.pitest.mutationtest.engine.gregor.mutators.InlineConstantMutator,lastIndexOf,1898,NO_COVERAGE,none
ArrayUtils.java,org.apache.commons.lang3.ArrayUtils,org.pitest.mutationtest.engine.gregor.mutators.InlineConstantMutator,lastIndexOf,1905,NO_COVERAGE,none
ArrayUtils.java,org.apache.commons.lang3.ArrayUtils,org.pitest.mutationtest.engine.gregor.mutators.MathMutator,lastIndexOf,1898,NO_COVERAGE,none
ArrayUtils.java,org.apache.commons.lang3.ArrayUtils,org.pitest.mutationtest.engine.gregor.mutators.NegateConditionalsMutator,lastIndexOf,1892,NO_COVERAGE,none
ArrayUtils.java,org.apache.commons.lang3.ArrayUtils,org.pitest.mutationtest.engine.gregor.mutators.NegateConditionalsMutator,lastIndexOf,1895,NO_COVERAGE,none
ArrayUtils.java,org.apache.commons.lang3.ArrayUtils,org.pitest.mutationtest.engine.gregor.mutators.NegateConditionalsMutator,lastIndexOf,1897,NO_COVERAGE,none
ArrayUtils.java,org.apache.commons.lang3.ArrayUtils,org.pitest.mutationtest.engine.gregor.mutators.NegateConditionalsMutator,lastIndexOf,1900,NO_COVERAGE,none
ArrayUtils.java,org.apache.commons.lang3.ArrayUtils,org.pitest.mutationtest.engine.gregor.mutators.NegateConditionalsMutator,lastIndexOf,1901,NO_COVERAGE,none
ArrayUtils.java,org.apache.commons.lang3.ArrayUtils,org.pitest.mutationtest.engine.gregor.mutators.PrimitiveReturnsMutator,lastIndexOf,1893,NO_COVERAGE,none
ArrayUtils.java,org.apache.commons.lang3.ArrayUtils,org.pitest.mutationtest.engine.gregor.mutators.PrimitiveReturnsMutator,lastIndexOf,1896,NO_COVERAGE,none
ArrayUtils.java,org.apache.commons.lang3.ArrayUtils,org.pitest.mutationtest.engine.gregor.mutators.PrimitiveReturnsMutator,lastIndexOf,1902,NO_COVERAGE,none
ArrayUtils.java,org.apache.commons.lang3.ArrayUtils,org.pitest.mutationtest.engine.gregor.mutators.PrimitiveReturnsMutator,lastIndexOf,1905,NO_COVERAGE,none
ArrayUtils.java,org.apache.commons.lang3.ArrayUtils,org.pitest.mutationtest.engine.gregor.mutators.RemoveConditionalMutator_EQUAL_ELSE,lastIndexOf,1892,NO_COVERAGE,none
ArrayUtils.java,org.apache.commons.lang3.ArrayUtils,org.pitest.mutationtest.engine.gregor.mutators.RemoveConditionalMutator_EQUAL_ELSE,lastIndexOf,1901,NO_COVERAGE,none
ArrayUtils.java,org.apache.commons.lang3.ArrayUtils,org.pitest.mutationtest.engine.gregor.mutators.RemoveConditionalMutator_EQUAL_IF,lastIndexOf,1892,NO_COVERAGE,none
ArrayUtils.java,org.apache.commons.lang3.ArrayUtils,org.pitest.mutationtest.engine.gregor.mutators.RemoveConditionalMutator_EQUAL_IF,lastIndexOf,1901,NO_COVERAGE,none
ArrayUtils.java,org.apache.commons.lang3.ArrayUtils,org.pitest.mutationtest.engine.gregor.mutators.RemoveConditionalMutator_ORDER_ELSE,lastIndexOf,1895,NO_COVERAGE,none
ArrayUtils.java,org.apache.commons.lang3.ArrayUtils,org.pitest.mutationtest.engine.gregor.mutators.RemoveConditionalMutator_ORDER_ELSE,lastIndexOf,1897,NO_COVERAGE,none
ArrayUtils.java,org.apache.commons.lang3.ArrayUtils,org.pitest.mutationtest.engine.gregor.mutators.RemoveConditionalMutator_ORDER_ELSE,lastIndexOf,1900,NO_COVERAGE,none
ArrayUtils.java,org.apache.commons.lang3.ArrayUtils,org.pitest.mutationtest.engine.gregor.mutators.RemoveConditionalMutator_ORDER_IF,lastIndexOf,1895,NO_COVERAGE,none
ArrayUtils.java,org.apache.commons.lang3.ArrayUtils,org.pitest.mutationtest.engine.gregor.mutators.RemoveConditionalMutator_ORDER_IF,lastIndexOf,1897,NO_COVERAGE,none
ArrayUtils.java,org.apache.commons.lang3.ArrayUtils,org.pitest.mutationtest.engine.gregor.mutators.RemoveConditionalMutator_ORDER_IF,lastIndexOf,1900,NO_COVERAGE,none
ArrayUtils.java,org.apache.commons.lang3.ArrayUtils,org.pitest.mutationtest.engine.gregor.mutators.ReturnValsMutator,lastIndexOf,1893,NO_COVERAGE,none
ArrayUtils.java,org.apache.commons.lang3.ArrayUtils,org.pitest.mutationtest.engine.gregor.mutators.ReturnValsMutator,lastIndexOf,1896,NO_COVERAGE,none
ArrayUtils.java,org.apache.commons.lang3.ArrayUtils,org.pitest.mutationtest.engine.gregor.mutators.ReturnValsMutator,lastIndexOf,1902,NO_COVERAGE,none
ArrayUtils.java,org.apache.commons.lang3.ArrayUtils,org.pitest.mutationtest.engine.gregor.mutators.ReturnValsMutator,lastIndexOf,1905,NO_COVERAGE,none
ArrayUtils.java,org.apache.commons.lang3.ArrayUtils,org.pitest.mutationtest.engine.gregor.mutators.experimental.RemoveIncrementsMutator,lastIndexOf,1900,NO_COVERAGE,none
ArrayUtils.java,org.apache.commons.lang3.ArrayUtils,org.pitest.mutationtest.engine.gregor.mutators.ArgumentPropagationMutator,lastIndexOf,1771,NO_COVERAGE,none
ArrayUtils.java,org.apache.commons.lang3.ArrayUtils,org.pitest.mutationtest.engine.gregor.mutators.InlineConstantMutator,lastIndexOf,1771,NO_COVERAGE,none
ArrayUtils.java,org.apache.commons.lang3.ArrayUtils,org.pitest.mutationtest.engine.gregor.mutators.NonVoidMethodCallMutator,lastIndexOf,1771,NO_COVERAGE,none
ArrayUtils.java,org.apache.commons.lang3.ArrayUtils,org.pitest.mutationtest.engine.gregor.mutators.PrimitiveReturnsMutator,lastIndexOf,1771,NO_COVERAGE,none
ArrayUtils.java,org.apache.commons.lang3.ArrayUtils,org.pitest.mutationtest.engine.gregor.mutators.ReturnValsMutator,lastIndexOf,1771,NO_COVERAGE,none
ArrayUtils.java,org.apache.commons.lang3.ArrayUtils,org.pitest.mutationtest.engine.gregor.mutators.ConditionalsBoundaryMutator,lastIndexOf,1792,NO_COVERAGE,none
ArrayUtils.java,org.apache.commons.lang3.ArrayUtils,org.pitest.mutationtest.engine.gregor.mutators.ConditionalsBoundaryMutator,lastIndexOf,1794,NO_COVERAGE,none
ArrayUtils.java,org.apache.commons.lang3.ArrayUtils,org.pitest.mutationtest.engine.gregor.mutators.ConditionalsBoundaryMutator,lastIndexOf,1797,NO_COVERAGE,none
ArrayUtils.java,org.apache.commons.lang3.ArrayUtils,org.pitest.mutationtest.engine.gregor.mutators.IncrementsMutator,lastIndexOf,1797,NO_COVERAGE,none
ArrayUtils.java,org.apache.commons.lang3.ArrayUtils,org.pitest.mutationtest.engine.gregor.mutators.InlineConstantMutator,lastIndexOf,1790,NO_COVERAGE,none
ArrayUtils.java,org.apache.commons.lang3.ArrayUtils,org.pitest.mutationtest.engine.gregor.mutators.InlineConstantMutator,lastIndexOf,1793,NO_COVERAGE,none
ArrayUtils.java,org.apache.commons.lang3.ArrayUtils,org.pitest.mutationtest.engine.gregor.mutators.InlineConstantMutator,lastIndexOf,1795,NO_COVERAGE,none
ArrayUtils.java,org.apache.commons.lang3.ArrayUtils,org.pitest.mutationtest.engine.gregor.mutators.InlineConstantMutator,lastIndexOf,1802,NO_COVERAGE,none
ArrayUtils.java,org.apache.commons.lang3.ArrayUtils,org.pitest.mutationtest.engine.gregor.mutators.MathMutator,lastIndexOf,1795,NO_COVERAGE,none
ArrayUtils.java,org.apache.commons.lang3.ArrayUtils,org.pitest.mutationtest.engine.gregor.mutators.NegateConditionalsMutator,lastIndexOf,1789,NO_COVERAGE,none
ArrayUtils.java,org.apache.commons.lang3.ArrayUtils,org.pitest.mutationtest.engine.gregor.mutators.NegateConditionalsMutator,lastIndexOf,1792,NO_COVERAGE,none
ArrayUtils.java,org.apache.commons.lang3.ArrayUtils,org.pitest.mutationtest.engine.gregor.mutators.NegateConditionalsMutator,lastIndexOf,1794,NO_COVERAGE,none
ArrayUtils.java,org.apache.commons.lang3.ArrayUtils,org.pitest.mutationtest.engine.gregor.mutators.NegateConditionalsMutator,lastIndexOf,1797,NO_COVERAGE,none
ArrayUtils.java,org.apache.commons.lang3.ArrayUtils,org.pitest.mutationtest.engine.gregor.mutators.NegateConditionalsMutator,lastIndexOf,1798,NO_COVERAGE,none
ArrayUtils.java,org.apache.commons.lang3.ArrayUtils,org.pitest.mutationtest.engine.gregor.mutators.PrimitiveReturnsMutator,lastIndexOf,1790,NO_COVERAGE,none
ArrayUtils.java,org.apache.commons.lang3.ArrayUtils,org.pitest.mutationtest.engine.gregor.mutators.PrimitiveReturnsMutator,lastIndexOf,1793,NO_COVERAGE,none
ArrayUtils.java,org.apache.commons.lang3.ArrayUtils,org.pitest.mutationtest.engine.gregor.mutators.PrimitiveReturnsMutator,lastIndexOf,1799,NO_COVERAGE,none
ArrayUtils.java,org.apache.commons.lang3.ArrayUtils,org.pitest.mutationtest.engine.gregor.mutators.PrimitiveReturnsMutator,lastIndexOf,1802,NO_COVERAGE,none
ArrayUtils.java,org.apache.commons.lang3.ArrayUtils,org.pitest.mutationtest.engine.gregor.mutators.RemoveConditionalMutator_EQUAL_ELSE,lastIndexOf,1789,NO_COVERAGE,none
ArrayUtils.java,org.apache.commons.lang3.ArrayUtils,org.pitest.mutationtest.engine.gregor.mutators.RemoveConditionalMutator_EQUAL_ELSE,lastIndexOf,1798,NO_COVERAGE,none
ArrayUtils.java,org.apache.commons.lang3.ArrayUtils,org.pitest.mutationtest.engine.gregor.mutators.RemoveConditionalMutator_EQUAL_IF,lastIndexOf,1789,NO_COVERAGE,none
ArrayUtils.java,org.apache.commons.lang3.ArrayUtils,org.pitest.mutationtest.engine.gregor.mutators.RemoveConditionalMutator_EQUAL_IF,lastIndexOf,1798,NO_COVERAGE,none
ArrayUtils.java,org.apache.commons.lang3.ArrayUtils,org.pitest.mutationtest.engine.gregor.mutators.RemoveConditionalMutator_ORDER_ELSE,lastIndexOf,1792,NO_COVERAGE,none
ArrayUtils.java,org.apache.commons.lang3.ArrayUtils,org.pitest.mutationtest.engine.gregor.mutators.RemoveConditionalMutator_ORDER_ELSE,lastIndexOf,1794,NO_COVERAGE,none
ArrayUtils.java,org.apache.commons.lang3.ArrayUtils,org.pitest.mutationtest.engine.gregor.mutators.RemoveConditionalMutator_ORDER_ELSE,lastIndexOf,1797,NO_COVERAGE,none
ArrayUtils.java,org.apache.commons.lang3.ArrayUtils,org.pitest.mutationtest.engine.gregor.mutators.RemoveConditionalMutator_ORDER_IF,lastIndexOf,1792,NO_COVERAGE,none
ArrayUtils.java,org.apache.commons.lang3.ArrayUtils,org.pitest.mutationtest.engine.gregor.mutators.RemoveConditionalMutator_ORDER_IF,lastIndexOf,1794,NO_COVERAGE,none
ArrayUtils.java,org.apache.commons.lang3.ArrayUtils,org.pitest.mutationtest.engine.gregor.mutators.RemoveConditionalMutator_ORDER_IF,lastIndexOf,1797,NO_COVERAGE,none
ArrayUtils.java,org.apache.commons.lang3.ArrayUtils,org.pitest.mutationtest.engine.gregor.mutators.ReturnValsMutator,lastIndexOf,1790,NO_COVERAGE,none
ArrayUtils.java,org.apache.commons.lang3.ArrayUtils,org.pitest.mutationtest.engine.gregor.mutators.ReturnValsMutator,lastIndexOf,1793,NO_COVERAGE,none
ArrayUtils.java,org.apache.commons.lang3.ArrayUtils,org.pitest.mutationtest.engine.gregor.mutators.ReturnValsMutator,lastIndexOf,1799,NO_COVERAGE,none
ArrayUtils.java,org.apache.commons.lang3.ArrayUtils,org.pitest.mutationtest.engine.gregor.mutators.ReturnValsMutator,lastIndexOf,1802,NO_COVERAGE,none
ArrayUtils.java,org.apache.commons.lang3.ArrayUtils,org.pitest.mutationtest.engine.gregor.mutators.experimental.RemoveIncrementsMutator,lastIndexOf,1797,NO_COVERAGE,none
ArrayUtils.java,org.apache.commons.lang3.ArrayUtils,org.pitest.mutationtest.engine.gregor.mutators.ArgumentPropagationMutator,lastIndexOf,1660,NO_COVERAGE,none
ArrayUtils.java,org.apache.commons.lang3.ArrayUtils,org.pitest.mutationtest.engine.gregor.mutators.InlineConstantMutator,lastIndexOf,1660,NO_COVERAGE,none
ArrayUtils.java,org.apache.commons.lang3.ArrayUtils,org.pitest.mutationtest.engine.gregor.mutators.NonVoidMethodCallMutator,lastIndexOf,1660,NO_COVERAGE,none
ArrayUtils.java,org.apache.commons.lang3.ArrayUtils,org.pitest.mutationtest.engine.gregor.mutators.PrimitiveReturnsMutator,lastIndexOf,1660,NO_COVERAGE,none
ArrayUtils.java,org.apache.commons.lang3.ArrayUtils,org.pitest.mutationtest.engine.gregor.mutators.ReturnValsMutator,lastIndexOf,1660,NO_COVERAGE,none
ArrayUtils.java,org.apache.commons.lang3.ArrayUtils,org.pitest.mutationtest.engine.gregor.mutators.ConditionalsBoundaryMutator,lastIndexOf,1681,NO_COVERAGE,none
ArrayUtils.java,org.apache.commons.lang3.ArrayUtils,org.pitest.mutationtest.engine.gregor.mutators.ConditionalsBoundaryMutator,lastIndexOf,1683,NO_COVERAGE,none
ArrayUtils.java,org.apache.commons.lang3.ArrayUtils,org.pitest.mutationtest.engine.gregor.mutators.ConditionalsBoundaryMutator,lastIndexOf,1687,NO_COVERAGE,none
ArrayUtils.java,org.apache.commons.lang3.ArrayUtils,org.pitest.mutationtest.engine.gregor.mutators.ConditionalsBoundaryMutator,lastIndexOf,1693,NO_COVERAGE,none
ArrayUtils.java,org.apache.commons.lang3.ArrayUtils,org.pitest.mutationtest.engine.gregor.mutators.IncrementsMutator,lastIndexOf,1687,NO_COVERAGE,none
ArrayUtils.java,org.apache.commons.lang3.ArrayUtils,org.pitest.mutationtest.engine.gregor.mutators.IncrementsMutator,lastIndexOf,1693,NO_COVERAGE,none
ArrayUtils.java,org.apache.commons.lang3.ArrayUtils,org.pitest.mutationtest.engine.gregor.mutators.InlineConstantMutator,lastIndexOf,1679,NO_COVERAGE,none
ArrayUtils.java,org.apache.commons.lang3.ArrayUtils,org.pitest.mutationtest.engine.gregor.mutators.InlineConstantMutator,lastIndexOf,1682,NO_COVERAGE,none
ArrayUtils.java,org.apache.commons.lang3.ArrayUtils,org.pitest.mutationtest.engine.gregor.mutators.InlineConstantMutator,lastIndexOf,1684,NO_COVERAGE,none
ArrayUtils.java,org.apache.commons.lang3.ArrayUtils,org.pitest.mutationtest.engine.gregor.mutators.InlineConstantMutator,lastIndexOf,1699,NO_COVERAGE,none
ArrayUtils.java,org.apache.commons.lang3.ArrayUtils,org.pitest.mutationtest.engine.gregor.mutators.MathMutator,lastIndexOf,1684,NO_COVERAGE,none
ArrayUtils.java,org.apache.commons.lang3.ArrayUtils,org.pitest.mutationtest.engine.gregor.mutators.NegateConditionalsMutator,lastIndexOf,1678,NO_COVERAGE,none
ArrayUtils.java,org.apache.commons.lang3.ArrayUtils,org.pitest.mutationtest.engine.gregor.mutators.NegateConditionalsMutator,lastIndexOf,1681,NO_COVERAGE,none
ArrayUtils.java,org.apache.commons.lang3.ArrayUtils,org.pitest.mutationtest.engine.gregor.mutators.NegateConditionalsMutator,lastIndexOf,1683,NO_COVERAGE,none
ArrayUtils.java,org.apache.commons.lang3.ArrayUtils,org.pitest.mutationtest.engine.gregor.mutators.NegateConditionalsMutator,lastIndexOf,1686,NO_COVERAGE,none
ArrayUtils.java,org.apache.commons.lang3.ArrayUtils,org.pitest.mutationtest.engine.gregor.mutators.NegateConditionalsMutator,lastIndexOf,1687,NO_COVERAGE,none
ArrayUtils.java,org.apache.commons.lang3.ArrayUtils,org.pitest.mutationtest.engine.gregor.mutators.NegateConditionalsMutator,lastIndexOf,1688,NO_COVERAGE,none
ArrayUtils.java,org.apache.commons.lang3.ArrayUtils,org.pitest.mutationtest.engine.gregor.mutators.NegateConditionalsMutator,lastIndexOf,1692,NO_COVERAGE,none
ArrayUtils.java,org.apache.commons.lang3.ArrayUtils,org.pitest.mutationtest.engine.gregor.mutators.NegateConditionalsMutator,lastIndexOf,1693,NO_COVERAGE,none
ArrayUtils.java,org.apache.commons.lang3.ArrayUtils,org.pitest.mutationtest.engine.gregor.mutators.NegateConditionalsMutator,lastIndexOf,1694,NO_COVERAGE,none
ArrayUtils.java,org.apache.commons.lang3.ArrayUtils,org.pitest.mutationtest.engine.gregor.mutators.NonVoidMethodCallMutator,lastIndexOf,1692,NO_COVERAGE,none
ArrayUtils.java,org.apache.commons.lang3.ArrayUtils,org.pitest.mutationtest.engine.gregor.mutators.NonVoidMethodCallMutator,lastIndexOf,1692,NO_COVERAGE,none
ArrayUtils.java,org.apache.commons.lang3.ArrayUtils,org.pitest.mutationtest.engine.gregor.mutators.NonVoidMethodCallMutator,lastIndexOf,1692,NO_COVERAGE,none
ArrayUtils.java,org.apache.commons.lang3.ArrayUtils,org.pitest.mutationtest.engine.gregor.mutators.NonVoidMethodCallMutator,lastIndexOf,1694,NO_COVERAGE,none
ArrayUtils.java,org.apache.commons.lang3.ArrayUtils,org.pitest.mutationtest.engine.gregor.mutators.PrimitiveReturnsMutator,lastIndexOf,1679,NO_COVERAGE,none
ArrayUtils.java,org.apache.commons.lang3.ArrayUtils,org.pitest.mutationtest.engine.gregor.mutators.PrimitiveReturnsMutator,lastIndexOf,1682,NO_COVERAGE,none
ArrayUtils.java,org.apache.commons.lang3.ArrayUtils,org.pitest.mutationtest.engine.gregor.mutators.PrimitiveReturnsMutator,lastIndexOf,1689,NO_COVERAGE,none
ArrayUtils.java,org.apache.commons.lang3.ArrayUtils,org.pitest.mutationtest.engine.gregor.mutators.PrimitiveReturnsMutator,lastIndexOf,1695,NO_COVERAGE,none
ArrayUtils.java,org.apache.commons.lang3.ArrayUtils,org.pitest.mutationtest.engine.gregor.mutators.PrimitiveReturnsMutator,lastIndexOf,1699,NO_COVERAGE,none
ArrayUtils.java,org.apache.commons.lang3.ArrayUtils,org.pitest.mutationtest.engine.gregor.mutators.RemoveConditionalMutator_EQUAL_ELSE,lastIndexOf,1678,NO_COVERAGE,none
ArrayUtils.java,org.apache.commons.lang3.ArrayUtils,org.pitest.mutationtest.engine.gregor.mutators.RemoveConditionalMutator_EQUAL_ELSE,lastIndexOf,1686,NO_COVERAGE,none
ArrayUtils.java,org.apache.commons.lang3.ArrayUtils,org.pitest.mutationtest.engine.gregor.mutators.RemoveConditionalMutator_EQUAL_ELSE,lastIndexOf,1688,NO_COVERAGE,none
ArrayUtils.java,org.apache.commons.lang3.ArrayUtils,org.pitest.mutationtest.engine.gregor.mutators.RemoveConditionalMutator_EQUAL_ELSE,lastIndexOf,1692,NO_COVERAGE,none
ArrayUtils.java,org.apache.commons.lang3.ArrayUtils,org.pitest.mutationtest.engine.gregor.mutators.RemoveConditionalMutator_EQUAL_ELSE,lastIndexOf,1694,NO_COVERAGE,none
ArrayUtils.java,org.apache.commons.lang3.ArrayUtils,org.pitest.mutationtest.engine.gregor.mutators.RemoveConditionalMutator_EQUAL_IF,lastIndexOf,1678,NO_COVERAGE,none
ArrayUtils.java,org.apache.commons.lang3.ArrayUtils,org.pitest.mutationtest.engine.gregor.mutators.RemoveConditionalMutator_EQUAL_IF,lastIndexOf,1686,NO_COVERAGE,none
ArrayUtils.java,org.apache.commons.lang3.ArrayUtils,org.pitest.mutationtest.engine.gregor.mutators.RemoveConditionalMutator_EQUAL_IF,lastIndexOf,1688,NO_COVERAGE,none
ArrayUtils.java,org.apache.commons.lang3.ArrayUtils,org.pitest.mutationtest.engine.gregor.mutators.RemoveConditionalMutator_EQUAL_IF,lastIndexOf,1692,NO_COVERAGE,none
ArrayUtils.java,org.apache.commons.lang3.ArrayUtils,org.pitest.mutationtest.engine.gregor.mutators.RemoveConditionalMutator_EQUAL_IF,lastIndexOf,1694,NO_COVERAGE,none
ArrayUtils.java,org.apache.commons.lang3.ArrayUtils,org.pitest.mutationtest.engine.gregor.mutators.RemoveConditionalMutator_ORDER_ELSE,lastIndexOf,1681,NO_COVERAGE,none
ArrayUtils.java,org.apache.commons.lang3.ArrayUtils,org.pitest.mutationtest.engine.gregor.mutators.RemoveConditionalMutator_ORDER_ELSE,lastIndexOf,1683,NO_COVERAGE,none
ArrayUtils.java,org.apache.commons.lang3.ArrayUtils,org.pitest.mutationtest.engine.gregor.mutators.RemoveConditionalMutator_ORDER_ELSE,lastIndexOf,1687,NO_COVERAGE,none
ArrayUtils.java,org.apache.commons.lang3.ArrayUtils,org.pitest.mutationtest.engine.gregor.mutators.RemoveConditionalMutator_ORDER_ELSE,lastIndexOf,1693,NO_COVERAGE,none
ArrayUtils.java,org.apache.commons.lang3.ArrayUtils,org.pitest.mutationtest.engine.gregor.mutators.RemoveConditionalMutator_ORDER_IF,lastIndexOf,1681,NO_COVERAGE,none
ArrayUtils.java,org.apache.commons.lang3.ArrayUtils,org.pitest.mutationtest.engine.gregor.mutators.RemoveConditionalMutator_ORDER_IF,lastIndexOf,1683,NO_COVERAGE,none
ArrayUtils.java,org.apache.commons.lang3.ArrayUtils,org.pitest.mutationtest.engine.gregor.mutators.RemoveConditionalMutator_ORDER_IF,lastIndexOf,1687,NO_COVERAGE,none
ArrayUtils.java,org.apache.commons.lang3.ArrayUtils,org.pitest.mutationtest.engine.gregor.mutators.RemoveConditionalMutator_ORDER_IF,lastIndexOf,1693,NO_COVERAGE,none
ArrayUtils.java,org.apache.commons.lang3.ArrayUtils,org.pitest.mutationtest.engine.gregor.mutators.ReturnValsMutator,lastIndexOf,1679,NO_COVERAGE,none
ArrayUtils.java,org.apache.commons.lang3.ArrayUtils,org.pitest.mutationtest.engine.gregor.mutators.ReturnValsMutator,lastIndexOf,1682,NO_COVERAGE,none
ArrayUtils.java,org.apache.commons.lang3.ArrayUtils,org.pitest.mutationtest.engine.gregor.mutators.ReturnValsMutator,lastIndexOf,1689,NO_COVERAGE,none
ArrayUtils.java,org.apache.commons.lang3.ArrayUtils,org.pitest.mutationtest.engine.gregor.mutators.ReturnValsMutator,lastIndexOf,1695,NO_COVERAGE,none
ArrayUtils.java,org.apache.commons.lang3.ArrayUtils,org.pitest.mutationtest.engine.gregor.mutators.ReturnValsMutator,lastIndexOf,1699,NO_COVERAGE,none
ArrayUtils.java,org.apache.commons.lang3.ArrayUtils,org.pitest.mutationtest.engine.gregor.mutators.experimental.NakedReceiverMutator,lastIndexOf,1692,NO_COVERAGE,none
ArrayUtils.java,org.apache.commons.lang3.ArrayUtils,org.pitest.mutationtest.engine.gregor.mutators.experimental.RemoveIncrementsMutator,lastIndexOf,1687,NO_COVERAGE,none
ArrayUtils.java,org.apache.commons.lang3.ArrayUtils,org.pitest.mutationtest.engine.gregor.mutators.experimental.RemoveIncrementsMutator,lastIndexOf,1693,NO_COVERAGE,none
ArrayUtils.java,org.apache.commons.lang3.ArrayUtils,org.pitest.mutationtest.engine.gregor.mutators.ArgumentPropagationMutator,lastIndexOf,1977,NO_COVERAGE,none
ArrayUtils.java,org.apache.commons.lang3.ArrayUtils,org.pitest.mutationtest.engine.gregor.mutators.InlineConstantMutator,lastIndexOf,1977,NO_COVERAGE,none
ArrayUtils.java,org.apache.commons.lang3.ArrayUtils,org.pitest.mutationtest.engine.gregor.mutators.NonVoidMethodCallMutator,lastIndexOf,1977,NO_COVERAGE,none
ArrayUtils.java,org.apache.commons.lang3.ArrayUtils,org.pitest.mutationtest.engine.gregor.mutators.PrimitiveReturnsMutator,lastIndexOf,1977,NO_COVERAGE,none
ArrayUtils.java,org.apache.commons.lang3.ArrayUtils,org.pitest.mutationtest.engine.gregor.mutators.ReturnValsMutator,lastIndexOf,1977,NO_COVERAGE,none
ArrayUtils.java,org.apache.commons.lang3.ArrayUtils,org.pitest.mutationtest.engine.gregor.mutators.ConditionalsBoundaryMutator,lastIndexOf,1998,NO_COVERAGE,none
ArrayUtils.java,org.apache.commons.lang3.ArrayUtils,org.pitest.mutationtest.engine.gregor.mutators.ConditionalsBoundaryMutator,lastIndexOf,2000,NO_COVERAGE,none
ArrayUtils.java,org.apache.commons.lang3.ArrayUtils,org.pitest.mutationtest.engine.gregor.mutators.ConditionalsBoundaryMutator,lastIndexOf,2003,NO_COVERAGE,none
ArrayUtils.java,org.apache.commons.lang3.ArrayUtils,org.pitest.mutationtest.engine.gregor.mutators.IncrementsMutator,lastIndexOf,2003,NO_COVERAGE,none
ArrayUtils.java,org.apache.commons.lang3.ArrayUtils,org.pitest.mutationtest.engine.gregor.mutators.InlineConstantMutator,lastIndexOf,1996,NO_COVERAGE,none
ArrayUtils.java,org.apache.commons.lang3.ArrayUtils,org.pitest.mutationtest.engine.gregor.mutators.InlineConstantMutator,lastIndexOf,1999,NO_COVERAGE,none
ArrayUtils.java,org.apache.commons.lang3.ArrayUtils,org.pitest.mutationtest.engine.gregor.mutators.InlineConstantMutator,lastIndexOf,2001,NO_COVERAGE,none
ArrayUtils.java,org.apache.commons.lang3.ArrayUtils,org.pitest.mutationtest.engine.gregor.mutators.InlineConstantMutator,lastIndexOf,2008,NO_COVERAGE,none
ArrayUtils.java,org.apache.commons.lang3.ArrayUtils,org.pitest.mutationtest.engine.gregor.mutators.MathMutator,lastIndexOf,2001,NO_COVERAGE,none
ArrayUtils.java,org.apache.commons.lang3.ArrayUtils,org.pitest.mutationtest.engine.gregor.mutators.NegateConditionalsMutator,lastIndexOf,1995,NO_COVERAGE,none
ArrayUtils.java,org.apache.commons.lang3.ArrayUtils,org.pitest.mutationtest.engine.gregor.mutators.NegateConditionalsMutator,lastIndexOf,1998,NO_COVERAGE,none
ArrayUtils.java,org.apache.commons.lang3.ArrayUtils,org.pitest.mutationtest.engine.gregor.mutators.NegateConditionalsMutator,lastIndexOf,2000,NO_COVERAGE,none
ArrayUtils.java,org.apache.commons.lang3.ArrayUtils,org.pitest.mutationtest.engine.gregor.mutators.NegateConditionalsMutator,lastIndexOf,2003,NO_COVERAGE,none
ArrayUtils.java,org.apache.commons.lang3.ArrayUtils,org.pitest.mutationtest.engine.gregor.mutators.NegateConditionalsMutator,lastIndexOf,2004,NO_COVERAGE,none
ArrayUtils.java,org.apache.commons.lang3.ArrayUtils,org.pitest.mutationtest.engine.gregor.mutators.PrimitiveReturnsMutator,lastIndexOf,1996,NO_COVERAGE,none
ArrayUtils.java,org.apache.commons.lang3.ArrayUtils,org.pitest.mutationtest.engine.gregor.mutators.PrimitiveReturnsMutator,lastIndexOf,1999,NO_COVERAGE,none
ArrayUtils.java,org.apache.commons.lang3.ArrayUtils,org.pitest.mutationtest.engine.gregor.mutators.PrimitiveReturnsMutator,lastIndexOf,2005,NO_COVERAGE,none
ArrayUtils.java,org.apache.commons.lang3.ArrayUtils,org.pitest.mutationtest.engine.gregor.mutators.PrimitiveReturnsMutator,lastIndexOf,2008,NO_COVERAGE,none
ArrayUtils.java,org.apache.commons.lang3.ArrayUtils,org.pitest.mutationtest.engine.gregor.mutators.RemoveConditionalMutator_EQUAL_ELSE,lastIndexOf,1995,NO_COVERAGE,none
ArrayUtils.java,org.apache.commons.lang3.ArrayUtils,org.pitest.mutationtest.engine.gregor.mutators.RemoveConditionalMutator_EQUAL_ELSE,lastIndexOf,2004,NO_COVERAGE,none
ArrayUtils.java,org.apache.commons.lang3.ArrayUtils,org.pitest.mutationtest.engine.gregor.mutators.RemoveConditionalMutator_EQUAL_IF,lastIndexOf,1995,NO_COVERAGE,none
ArrayUtils.java,org.apache.commons.lang3.ArrayUtils,org.pitest.mutationtest.engine.gregor.mutators.RemoveConditionalMutator_EQUAL_IF,lastIndexOf,2004,NO_COVERAGE,none
ArrayUtils.java,org.apache.commons.lang3.ArrayUtils,org.pitest.mutationtest.engine.gregor.mutators.RemoveConditionalMutator_ORDER_ELSE,lastIndexOf,1998,NO_COVERAGE,none
ArrayUtils.java,org.apache.commons.lang3.ArrayUtils,org.pitest.mutationtest.engine.gregor.mutators.RemoveConditionalMutator_ORDER_ELSE,lastIndexOf,2000,NO_COVERAGE,none
ArrayUtils.java,org.apache.commons.lang3.ArrayUtils,org.pitest.mutationtest.engine.gregor.mutators.RemoveConditionalMutator_ORDER_ELSE,lastIndexOf,2003,NO_COVERAGE,none
ArrayUtils.java,org.apache.commons.lang3.ArrayUtils,org.pitest.mutationtest.engine.gregor.mutators.RemoveConditionalMutator_ORDER_IF,lastIndexOf,1998,NO_COVERAGE,none
ArrayUtils.java,org.apache.commons.lang3.ArrayUtils,org.pitest.mutationtest.engine.gregor.mutators.RemoveConditionalMutator_ORDER_IF,lastIndexOf,2000,NO_COVERAGE,none
ArrayUtils.java,org.apache.commons.lang3.ArrayUtils,org.pitest.mutationtest.engine.gregor.mutators.RemoveConditionalMutator_ORDER_IF,lastIndexOf,2003,NO_COVERAGE,none
ArrayUtils.java,org.apache.commons.lang3.ArrayUtils,org.pitest.mutationtest.engine.gregor.mutators.ReturnValsMutator,lastIndexOf,1996,NO_COVERAGE,none
ArrayUtils.java,org.apache.commons.lang3.ArrayUtils,org.pitest.mutationtest.engine.gregor.mutators.ReturnValsMutator,lastIndexOf,1999,NO_COVERAGE,none
ArrayUtils.java,org.apache.commons.lang3.ArrayUtils,org.pitest.mutationtest.engine.gregor.mutators.ReturnValsMutator,lastIndexOf,2005,NO_COVERAGE,none
ArrayUtils.java,org.apache.commons.lang3.ArrayUtils,org.pitest.mutationtest.engine.gregor.mutators.ReturnValsMutator,lastIndexOf,2008,NO_COVERAGE,none
ArrayUtils.java,org.apache.commons.lang3.ArrayUtils,org.pitest.mutationtest.engine.gregor.mutators.experimental.RemoveIncrementsMutator,lastIndexOf,2003,NO_COVERAGE,none
ArrayUtils.java,org.apache.commons.lang3.ArrayUtils,org.pitest.mutationtest.engine.gregor.mutators.ArgumentPropagationMutator,lastIndexOf,2620,NO_COVERAGE,none
ArrayUtils.java,org.apache.commons.lang3.ArrayUtils,org.pitest.mutationtest.engine.gregor.mutators.InlineConstantMutator,lastIndexOf,2620,NO_COVERAGE,none
ArrayUtils.java,org.apache.commons.lang3.ArrayUtils,org.pitest.mutationtest.engine.gregor.mutators.NonVoidMethodCallMutator,lastIndexOf,2620,NO_COVERAGE,none
ArrayUtils.java,org.apache.commons.lang3.ArrayUtils,org.pitest.mutationtest.engine.gregor.mutators.PrimitiveReturnsMutator,lastIndexOf,2620,NO_COVERAGE,none
ArrayUtils.java,org.apache.commons.lang3.ArrayUtils,org.pitest.mutationtest.engine.gregor.mutators.ReturnValsMutator,lastIndexOf,2620,NO_COVERAGE,none
ArrayUtils.java,org.apache.commons.lang3.ArrayUtils,org.pitest.mutationtest.engine.gregor.mutators.ConditionalsBoundaryMutator,lastIndexOf,2641,NO_COVERAGE,none
ArrayUtils.java,org.apache.commons.lang3.ArrayUtils,org.pitest.mutationtest.engine.gregor.mutators.ConditionalsBoundaryMutator,lastIndexOf,2643,NO_COVERAGE,none
ArrayUtils.java,org.apache.commons.lang3.ArrayUtils,org.pitest.mutationtest.engine.gregor.mutators.ConditionalsBoundaryMutator,lastIndexOf,2646,NO_COVERAGE,none
ArrayUtils.java,org.apache.commons.lang3.ArrayUtils,org.pitest.mutationtest.engine.gregor.mutators.IncrementsMutator,lastIndexOf,2646,NO_COVERAGE,none
ArrayUtils.java,org.apache.commons.lang3.ArrayUtils,org.pitest.mutationtest.engine.gregor.mutators.InlineConstantMutator,lastIndexOf,2639,NO_COVERAGE,none
ArrayUtils.java,org.apache.commons.lang3.ArrayUtils,org.pitest.mutationtest.engine.gregor.mutators.InlineConstantMutator,lastIndexOf,2642,NO_COVERAGE,none
ArrayUtils.java,org.apache.commons.lang3.ArrayUtils,org.pitest.mutationtest.engine.gregor.mutators.InlineConstantMutator,lastIndexOf,2644,NO_COVERAGE,none
ArrayUtils.java,org.apache.commons.lang3.ArrayUtils,org.pitest.mutationtest.engine.gregor.mutators.InlineConstantMutator,lastIndexOf,2651,NO_COVERAGE,none
ArrayUtils.java,org.apache.commons.lang3.ArrayUtils,org.pitest.mutationtest.engine.gregor.mutators.MathMutator,lastIndexOf,2644,NO_COVERAGE,none
ArrayUtils.java,org.apache.commons.lang3.ArrayUtils,org.pitest.mutationtest.engine.gregor.mutators.NegateConditionalsMutator,lastIndexOf,2638,NO_COVERAGE,none
ArrayUtils.java,org.apache.commons.lang3.ArrayUtils,org.pitest.mutationtest.engine.gregor.mutators.NegateConditionalsMutator,lastIndexOf,2641,NO_COVERAGE,none
ArrayUtils.java,org.apache.commons.lang3.ArrayUtils,org.pitest.mutationtest.engine.gregor.mutators.NegateConditionalsMutator,lastIndexOf,2643,NO_COVERAGE,none
ArrayUtils.java,org.apache.commons.lang3.ArrayUtils,org.pitest.mutationtest.engine.gregor.mutators.NegateConditionalsMutator,lastIndexOf,2646,NO_COVERAGE,none
ArrayUtils.java,org.apache.commons.lang3.ArrayUtils,org.pitest.mutationtest.engine.gregor.mutators.NegateConditionalsMutator,lastIndexOf,2647,NO_COVERAGE,none
ArrayUtils.java,org.apache.commons.lang3.ArrayUtils,org.pitest.mutationtest.engine.gregor.mutators.NonVoidMethodCallMutator,lastIndexOf,2638,NO_COVERAGE,none
ArrayUtils.java,org.apache.commons.lang3.ArrayUtils,org.pitest.mutationtest.engine.gregor.mutators.PrimitiveReturnsMutator,lastIndexOf,2639,NO_COVERAGE,none
ArrayUtils.java,org.apache.commons.lang3.ArrayUtils,org.pitest.mutationtest.engine.gregor.mutators.PrimitiveReturnsMutator,lastIndexOf,2642,NO_COVERAGE,none
ArrayUtils.java,org.apache.commons.lang3.ArrayUtils,org.pitest.mutationtest.engine.gregor.mutators.PrimitiveReturnsMutator,lastIndexOf,2648,NO_COVERAGE,none
ArrayUtils.java,org.apache.commons.lang3.ArrayUtils,org.pitest.mutationtest.engine.gregor.mutators.PrimitiveReturnsMutator,lastIndexOf,2651,NO_COVERAGE,none
ArrayUtils.java,org.apache.commons.lang3.ArrayUtils,org.pitest.mutationtest.engine.gregor.mutators.RemoveConditionalMutator_EQUAL_ELSE,lastIndexOf,2638,NO_COVERAGE,none
ArrayUtils.java,org.apache.commons.lang3.ArrayUtils,org.pitest.mutationtest.engine.gregor.mutators.RemoveConditionalMutator_EQUAL_ELSE,lastIndexOf,2647,NO_COVERAGE,none
ArrayUtils.java,org.apache.commons.lang3.ArrayUtils,org.pitest.mutationtest.engine.gregor.mutators.RemoveConditionalMutator_EQUAL_IF,lastIndexOf,2638,NO_COVERAGE,none
ArrayUtils.java,org.apache.commons.lang3.ArrayUtils,org.pitest.mutationtest.engine.gregor.mutators.RemoveConditionalMutator_EQUAL_IF,lastIndexOf,2647,NO_COVERAGE,none
ArrayUtils.java,org.apache.commons.lang3.ArrayUtils,org.pitest.mutationtest.engine.gregor.mutators.RemoveConditionalMutator_ORDER_ELSE,lastIndexOf,2641,NO_COVERAGE,none
ArrayUtils.java,org.apache.commons.lang3.ArrayUtils,org.pitest.mutationtest.engine.gregor.mutators.RemoveConditionalMutator_ORDER_ELSE,lastIndexOf,2643,NO_COVERAGE,none
ArrayUtils.java,org.apache.commons.lang3.ArrayUtils,org.pitest.mutationtest.engine.gregor.mutators.RemoveConditionalMutator_ORDER_ELSE,lastIndexOf,2646,NO_COVERAGE,none
ArrayUtils.java,org.apache.commons.lang3.ArrayUtils,org.pitest.mutationtest.engine.gregor.mutators.RemoveConditionalMutator_ORDER_IF,lastIndexOf,2641,NO_COVERAGE,none
ArrayUtils.java,org.apache.commons.lang3.ArrayUtils,org.pitest.mutationtest.engine.gregor.mutators.RemoveConditionalMutator_ORDER_IF,lastIndexOf,2643,NO_COVERAGE,none
ArrayUtils.java,org.apache.commons.lang3.ArrayUtils,org.pitest.mutationtest.engine.gregor.mutators.RemoveConditionalMutator_ORDER_IF,lastIndexOf,2646,NO_COVERAGE,none
ArrayUtils.java,org.apache.commons.lang3.ArrayUtils,org.pitest.mutationtest.engine.gregor.mutators.ReturnValsMutator,lastIndexOf,2639,NO_COVERAGE,none
ArrayUtils.java,org.apache.commons.lang3.ArrayUtils,org.pitest.mutationtest.engine.gregor.mutators.ReturnValsMutator,lastIndexOf,2642,NO_COVERAGE,none
ArrayUtils.java,org.apache.commons.lang3.ArrayUtils,org.pitest.mutationtest.engine.gregor.mutators.ReturnValsMutator,lastIndexOf,2648,NO_COVERAGE,none
ArrayUtils.java,org.apache.commons.lang3.ArrayUtils,org.pitest.mutationtest.engine.gregor.mutators.ReturnValsMutator,lastIndexOf,2651,NO_COVERAGE,none
ArrayUtils.java,org.apache.commons.lang3.ArrayUtils,org.pitest.mutationtest.engine.gregor.mutators.experimental.RemoveIncrementsMutator,lastIndexOf,2646,NO_COVERAGE,none
ArrayUtils.java,org.apache.commons.lang3.ArrayUtils,org.pitest.mutationtest.engine.gregor.mutators.NegateConditionalsMutator,nullToEmpty,582,NO_COVERAGE,none
ArrayUtils.java,org.apache.commons.lang3.ArrayUtils,org.pitest.mutationtest.engine.gregor.mutators.NegateConditionalsMutator,nullToEmpty,582,NO_COVERAGE,none
ArrayUtils.java,org.apache.commons.lang3.ArrayUtils,org.pitest.mutationtest.engine.gregor.mutators.NullReturnValsMutator,nullToEmpty,583,NO_COVERAGE,none
ArrayUtils.java,org.apache.commons.lang3.ArrayUtils,org.pitest.mutationtest.engine.gregor.mutators.NullReturnValsMutator,nullToEmpty,585,NO_COVERAGE,none
ArrayUtils.java,org.apache.commons.lang3.ArrayUtils,org.pitest.mutationtest.engine.gregor.mutators.RemoveConditionalMutator_EQUAL_ELSE,nullToEmpty,582,NO_COVERAGE,none
ArrayUtils.java,org.apache.commons.lang3.ArrayUtils,org.pitest.mutationtest.engine.gregor.mutators.RemoveConditionalMutator_EQUAL_ELSE,nullToEmpty,582,NO_COVERAGE,none
ArrayUtils.java,org.apache.commons.lang3.ArrayUtils,org.pitest.mutationtest.engine.gregor.mutators.RemoveConditionalMutator_EQUAL_IF,nullToEmpty,582,NO_COVERAGE,none
ArrayUtils.java,org.apache.commons.lang3.ArrayUtils,org.pitest.mutationtest.engine.gregor.mutators.RemoveConditionalMutator_EQUAL_IF,nullToEmpty,582,NO_COVERAGE,none
ArrayUtils.java,org.apache.commons.lang3.ArrayUtils,org.pitest.mutationtest.engine.gregor.mutators.ReturnValsMutator,nullToEmpty,583,NO_COVERAGE,none
ArrayUtils.java,org.apache.commons.lang3.ArrayUtils,org.pitest.mutationtest.engine.gregor.mutators.ReturnValsMutator,nullToEmpty,585,NO_COVERAGE,none
ArrayUtils.java,org.apache.commons.lang3.ArrayUtils,org.pitest.mutationtest.engine.gregor.mutators.NegateConditionalsMutator,nullToEmpty,562,NO_COVERAGE,none
ArrayUtils.java,org.apache.commons.lang3.ArrayUtils,org.pitest.mutationtest.engine.gregor.mutators.NegateConditionalsMutator,nullToEmpty,562,NO_COVERAGE,none
ArrayUtils.java,org.apache.commons.lang3.ArrayUtils,org.pitest.mutationtest.engine.gregor.mutators.NullReturnValsMutator,nullToEmpty,563,NO_COVERAGE,none
ArrayUtils.java,org.apache.commons.lang3.ArrayUtils,org.pitest.mutationtest.engine.gregor.mutators.NullReturnValsMutator,nullToEmpty,565,NO_COVERAGE,none
ArrayUtils.java,org.apache.commons.lang3.ArrayUtils,org.pitest.mutationtest.engine.gregor.mutators.RemoveConditionalMutator_EQUAL_ELSE,nullToEmpty,562,NO_COVERAGE,none
ArrayUtils.java,org.apache.commons.lang3.ArrayUtils,org.pitest.mutationtest.engine.gregor.mutators.RemoveConditionalMutator_EQUAL_ELSE,nullToEmpty,562,NO_COVERAGE,none
ArrayUtils.java,org.apache.commons.lang3.ArrayUtils,org.pitest.mutationtest.engine.gregor.mutators.RemoveConditionalMutator_EQUAL_IF,nullToEmpty,562,NO_COVERAGE,none
ArrayUtils.java,org.apache.commons.lang3.ArrayUtils,org.pitest.mutationtest.engine.gregor.mutators.RemoveConditionalMutator_EQUAL_IF,nullToEmpty,562,NO_COVERAGE,none
ArrayUtils.java,org.apache.commons.lang3.ArrayUtils,org.pitest.mutationtest.engine.gregor.mutators.ReturnValsMutator,nullToEmpty,563,NO_COVERAGE,none
ArrayUtils.java,org.apache.commons.lang3.ArrayUtils,org.pitest.mutationtest.engine.gregor.mutators.ReturnValsMutator,nullToEmpty,565,NO_COVERAGE,none
ArrayUtils.java,org.apache.commons.lang3.ArrayUtils,org.pitest.mutationtest.engine.gregor.mutators.NegateConditionalsMutator,nullToEmpty,602,NO_COVERAGE,none
ArrayUtils.java,org.apache.commons.lang3.ArrayUtils,org.pitest.mutationtest.engine.gregor.mutators.NegateConditionalsMutator,nullToEmpty,602,NO_COVERAGE,none
ArrayUtils.java,org.apache.commons.lang3.ArrayUtils,org.pitest.mutationtest.engine.gregor.mutators.NullReturnValsMutator,nullToEmpty,603,NO_COVERAGE,none
ArrayUtils.java,org.apache.commons.lang3.ArrayUtils,org.pitest.mutationtest.engine.gregor.mutators.NullReturnValsMutator,nullToEmpty,605,NO_COVERAGE,none
ArrayUtils.java,org.apache.commons.lang3.ArrayUtils,org.pitest.mutationtest.engine.gregor.mutators.RemoveConditionalMutator_EQUAL_ELSE,nullToEmpty,602,NO_COVERAGE,none
ArrayUtils.java,org.apache.commons.lang3.ArrayUtils,org.pitest.mutationtest.engine.gregor.mutators.RemoveConditionalMutator_EQUAL_ELSE,nullToEmpty,602,NO_COVERAGE,none
ArrayUtils.java,org.apache.commons.lang3.ArrayUtils,org.pitest.mutationtest.engine.gregor.mutators.RemoveConditionalMutator_EQUAL_IF,nullToEmpty,602,NO_COVERAGE,none
ArrayUtils.java,org.apache.commons.lang3.ArrayUtils,org.pitest.mutationtest.engine.gregor.mutators.RemoveConditionalMutator_EQUAL_IF,nullToEmpty,602,NO_COVERAGE,none
ArrayUtils.java,org.apache.commons.lang3.ArrayUtils,org.pitest.mutationtest.engine.gregor.mutators.ReturnValsMutator,nullToEmpty,603,NO_COVERAGE,none
ArrayUtils.java,org.apache.commons.lang3.ArrayUtils,org.pitest.mutationtest.engine.gregor.mutators.ReturnValsMutator,nullToEmpty,605,NO_COVERAGE,none
ArrayUtils.java,org.apache.commons.lang3.ArrayUtils,org.pitest.mutationtest.engine.gregor.mutators.NegateConditionalsMutator,nullToEmpty,622,NO_COVERAGE,none
ArrayUtils.java,org.apache.commons.lang3.ArrayUtils,org.pitest.mutationtest.engine.gregor.mutators.NegateConditionalsMutator,nullToEmpty,622,NO_COVERAGE,none
ArrayUtils.java,org.apache.commons.lang3.ArrayUtils,org.pitest.mutationtest.engine.gregor.mutators.NullReturnValsMutator,nullToEmpty,623,NO_COVERAGE,none
ArrayUtils.java,org.apache.commons.lang3.ArrayUtils,org.pitest.mutationtest.engine.gregor.mutators.NullReturnValsMutator,nullToEmpty,625,NO_COVERAGE,none
ArrayUtils.java,org.apache.commons.lang3.ArrayUtils,org.pitest.mutationtest.engine.gregor.mutators.RemoveConditionalMutator_EQUAL_ELSE,nullToEmpty,622,NO_COVERAGE,none
ArrayUtils.java,org.apache.commons.lang3.ArrayUtils,org.pitest.mutationtest.engine.gregor.mutators.RemoveConditionalMutator_EQUAL_ELSE,nullToEmpty,622,NO_COVERAGE,none
ArrayUtils.java,org.apache.commons.lang3.ArrayUtils,org.pitest.mutationtest.engine.gregor.mutators.RemoveConditionalMutator_EQUAL_IF,nullToEmpty,622,NO_COVERAGE,none
ArrayUtils.java,org.apache.commons.lang3.ArrayUtils,org.pitest.mutationtest.engine.gregor.mutators.RemoveConditionalMutator_EQUAL_IF,nullToEmpty,622,NO_COVERAGE,none
ArrayUtils.java,org.apache.commons.lang3.ArrayUtils,org.pitest.mutationtest.engine.gregor.mutators.ReturnValsMutator,nullToEmpty,623,NO_COVERAGE,none
ArrayUtils.java,org.apache.commons.lang3.ArrayUtils,org.pitest.mutationtest.engine.gregor.mutators.ReturnValsMutator,nullToEmpty,625,NO_COVERAGE,none
ArrayUtils.java,org.apache.commons.lang3.ArrayUtils,org.pitest.mutationtest.engine.gregor.mutators.NegateConditionalsMutator,nullToEmpty,522,NO_COVERAGE,none
ArrayUtils.java,org.apache.commons.lang3.ArrayUtils,org.pitest.mutationtest.engine.gregor.mutators.NegateConditionalsMutator,nullToEmpty,522,NO_COVERAGE,none
ArrayUtils.java,org.apache.commons.lang3.ArrayUtils,org.pitest.mutationtest.engine.gregor.mutators.NullReturnValsMutator,nullToEmpty,523,NO_COVERAGE,none
ArrayUtils.java,org.apache.commons.lang3.ArrayUtils,org.pitest.mutationtest.engine.gregor.mutators.NullReturnValsMutator,nullToEmpty,525,NO_COVERAGE,none
ArrayUtils.java,org.apache.commons.lang3.ArrayUtils,org.pitest.mutationtest.engine.gregor.mutators.RemoveConditionalMutator_EQUAL_ELSE,nullToEmpty,522,NO_COVERAGE,none
ArrayUtils.java,org.apache.commons.lang3.ArrayUtils,org.pitest.mutationtest.engine.gregor.mutators.RemoveConditionalMutator_EQUAL_ELSE,nullToEmpty,522,NO_COVERAGE,none
ArrayUtils.java,org.apache.commons.lang3.ArrayUtils,org.pitest.mutationtest.engine.gregor.mutators.RemoveConditionalMutator_EQUAL_IF,nullToEmpty,522,NO_COVERAGE,none
ArrayUtils.java,org.apache.commons.lang3.ArrayUtils,org.pitest.mutationtest.engine.gregor.mutators.RemoveConditionalMutator_EQUAL_IF,nullToEmpty,522,NO_COVERAGE,none
ArrayUtils.java,org.apache.commons.lang3.ArrayUtils,org.pitest.mutationtest.engine.gregor.mutators.ReturnValsMutator,nullToEmpty,523,NO_COVERAGE,none
ArrayUtils.java,org.apache.commons.lang3.ArrayUtils,org.pitest.mutationtest.engine.gregor.mutators.ReturnValsMutator,nullToEmpty,525,NO_COVERAGE,none
ArrayUtils.java,org.apache.commons.lang3.ArrayUtils,org.pitest.mutationtest.engine.gregor.mutators.NegateConditionalsMutator,nullToEmpty,502,NO_COVERAGE,none
ArrayUtils.java,org.apache.commons.lang3.ArrayUtils,org.pitest.mutationtest.engine.gregor.mutators.NegateConditionalsMutator,nullToEmpty,502,NO_COVERAGE,none
ArrayUtils.java,org.apache.commons.lang3.ArrayUtils,org.pitest.mutationtest.engine.gregor.mutators.NullReturnValsMutator,nullToEmpty,503,NO_COVERAGE,none
ArrayUtils.java,org.apache.commons.lang3.ArrayUtils,org.pitest.mutationtest.engine.gregor.mutators.NullReturnValsMutator,nullToEmpty,505,NO_COVERAGE,none
ArrayUtils.java,org.apache.commons.lang3.ArrayUtils,org.pitest.mutationtest.engine.gregor.mutators.RemoveConditionalMutator_EQUAL_ELSE,nullToEmpty,502,NO_COVERAGE,none
ArrayUtils.java,org.apache.commons.lang3.ArrayUtils,org.pitest.mutationtest.engine.gregor.mutators.RemoveConditionalMutator_EQUAL_ELSE,nullToEmpty,502,NO_COVERAGE,none
ArrayUtils.java,org.apache.commons.lang3.ArrayUtils,org.pitest.mutationtest.engine.gregor.mutators.RemoveConditionalMutator_EQUAL_IF,nullToEmpty,502,NO_COVERAGE,none
ArrayUtils.java,org.apache.commons.lang3.ArrayUtils,org.pitest.mutationtest.engine.gregor.mutators.RemoveConditionalMutator_EQUAL_IF,nullToEmpty,502,NO_COVERAGE,none
ArrayUtils.java,org.apache.commons.lang3.ArrayUtils,org.pitest.mutationtest.engine.gregor.mutators.ReturnValsMutator,nullToEmpty,503,NO_COVERAGE,none
ArrayUtils.java,org.apache.commons.lang3.ArrayUtils,org.pitest.mutationtest.engine.gregor.mutators.ReturnValsMutator,nullToEmpty,505,NO_COVERAGE,none
ArrayUtils.java,org.apache.commons.lang3.ArrayUtils,org.pitest.mutationtest.engine.gregor.mutators.NegateConditionalsMutator,nullToEmpty,802,NO_COVERAGE,none
ArrayUtils.java,org.apache.commons.lang3.ArrayUtils,org.pitest.mutationtest.engine.gregor.mutators.NegateConditionalsMutator,nullToEmpty,802,NO_COVERAGE,none
ArrayUtils.java,org.apache.commons.lang3.ArrayUtils,org.pitest.mutationtest.engine.gregor.mutators.NullReturnValsMutator,nullToEmpty,803,NO_COVERAGE,none
ArrayUtils.java,org.apache.commons.lang3.ArrayUtils,org.pitest.mutationtest.engine.gregor.mutators.NullReturnValsMutator,nullToEmpty,805,NO_COVERAGE,none
ArrayUtils.java,org.apache.commons.lang3.ArrayUtils,org.pitest.mutationtest.engine.gregor.mutators.RemoveConditionalMutator_EQUAL_ELSE,nullToEmpty,802,NO_COVERAGE,none
ArrayUtils.java,org.apache.commons.lang3.ArrayUtils,org.pitest.mutationtest.engine.gregor.mutators.RemoveConditionalMutator_EQUAL_ELSE,nullToEmpty,802,NO_COVERAGE,none
ArrayUtils.java,org.apache.commons.lang3.ArrayUtils,org.pitest.mutationtest.engine.gregor.mutators.RemoveConditionalMutator_EQUAL_IF,nullToEmpty,802,NO_COVERAGE,none
ArrayUtils.java,org.apache.commons.lang3.ArrayUtils,org.pitest.mutationtest.engine.gregor.mutators.RemoveConditionalMutator_EQUAL_IF,nullToEmpty,802,NO_COVERAGE,none
ArrayUtils.java,org.apache.commons.lang3.ArrayUtils,org.pitest.mutationtest.engine.gregor.mutators.ReturnValsMutator,nullToEmpty,803,NO_COVERAGE,none
ArrayUtils.java,org.apache.commons.lang3.ArrayUtils,org.pitest.mutationtest.engine.gregor.mutators.ReturnValsMutator,nullToEmpty,805,NO_COVERAGE,none
ArrayUtils.java,org.apache.commons.lang3.ArrayUtils,org.pitest.mutationtest.engine.gregor.mutators.NegateConditionalsMutator,nullToEmpty,742,NO_COVERAGE,none
ArrayUtils.java,org.apache.commons.lang3.ArrayUtils,org.pitest.mutationtest.engine.gregor.mutators.NegateConditionalsMutator,nullToEmpty,742,NO_COVERAGE,none
ArrayUtils.java,org.apache.commons.lang3.ArrayUtils,org.pitest.mutationtest.engine.gregor.mutators.NullReturnValsMutator,nullToEmpty,743,NO_COVERAGE,none
ArrayUtils.java,org.apache.commons.lang3.ArrayUtils,org.pitest.mutationtest.engine.gregor.mutators.NullReturnValsMutator,nullToEmpty,745,NO_COVERAGE,none
ArrayUtils.java,org.apache.commons.lang3.ArrayUtils,org.pitest.mutationtest.engine.gregor.mutators.RemoveConditionalMutator_EQUAL_ELSE,nullToEmpty,742,NO_COVERAGE,none
ArrayUtils.java,org.apache.commons.lang3.ArrayUtils,org.pitest.mutationtest.engine.gregor.mutators.RemoveConditionalMutator_EQUAL_ELSE,nullToEmpty,742,NO_COVERAGE,none
ArrayUtils.java,org.apache.commons.lang3.ArrayUtils,org.pitest.mutationtest.engine.gregor.mutators.RemoveConditionalMutator_EQUAL_IF,nullToEmpty,742,NO_COVERAGE,none
ArrayUtils.java,org.apache.commons.lang3.ArrayUtils,org.pitest.mutationtest.engine.gregor.mutators.RemoveConditionalMutator_EQUAL_IF,nullToEmpty,742,NO_COVERAGE,none
ArrayUtils.java,org.apache.commons.lang3.ArrayUtils,org.pitest.mutationtest.engine.gregor.mutators.ReturnValsMutator,nullToEmpty,743,NO_COVERAGE,none
ArrayUtils.java,org.apache.commons.lang3.ArrayUtils,org.pitest.mutationtest.engine.gregor.mutators.ReturnValsMutator,nullToEmpty,745,NO_COVERAGE,none
ArrayUtils.java,org.apache.commons.lang3.ArrayUtils,org.pitest.mutationtest.engine.gregor.mutators.NegateConditionalsMutator,nullToEmpty,722,NO_COVERAGE,none
ArrayUtils.java,org.apache.commons.lang3.ArrayUtils,org.pitest.mutationtest.engine.gregor.mutators.NegateConditionalsMutator,nullToEmpty,722,NO_COVERAGE,none
ArrayUtils.java,org.apache.commons.lang3.ArrayUtils,org.pitest.mutationtest.engine.gregor.mutators.NullReturnValsMutator,nullToEmpty,723,NO_COVERAGE,none
ArrayUtils.java,org.apache.commons.lang3.ArrayUtils,org.pitest.mutationtest.engine.gregor.mutators.NullReturnValsMutator,nullToEmpty,725,NO_COVERAGE,none
ArrayUtils.java,org.apache.commons.lang3.ArrayUtils,org.pitest.mutationtest.engine.gregor.mutators.RemoveConditionalMutator_EQUAL_ELSE,nullToEmpty,722,NO_COVERAGE,none
ArrayUtils.java,org.apache.commons.lang3.ArrayUtils,org.pitest.mutationtest.engine.gregor.mutators.RemoveConditionalMutator_EQUAL_ELSE,nullToEmpty,722,NO_COVERAGE,none
ArrayUtils.java,org.apache.commons.lang3.ArrayUtils,org.pitest.mutationtest.engine.gregor.mutators.RemoveConditionalMutator_EQUAL_IF,nullToEmpty,722,NO_COVERAGE,none
ArrayUtils.java,org.apache.commons.lang3.ArrayUtils,org.pitest.mutationtest.engine.gregor.mutators.RemoveConditionalMutator_EQUAL_IF,nullToEmpty,722,NO_COVERAGE,none
ArrayUtils.java,org.apache.commons.lang3.ArrayUtils,org.pitest.mutationtest.engine.gregor.mutators.ReturnValsMutator,nullToEmpty,723,NO_COVERAGE,none
ArrayUtils.java,org.apache.commons.lang3.ArrayUtils,org.pitest.mutationtest.engine.gregor.mutators.ReturnValsMutator,nullToEmpty,725,NO_COVERAGE,none
ArrayUtils.java,org.apache.commons.lang3.ArrayUtils,org.pitest.mutationtest.engine.gregor.mutators.NegateConditionalsMutator,nullToEmpty,762,NO_COVERAGE,none
ArrayUtils.java,org.apache.commons.lang3.ArrayUtils,org.pitest.mutationtest.engine.gregor.mutators.NegateConditionalsMutator,nullToEmpty,762,NO_COVERAGE,none
ArrayUtils.java,org.apache.commons.lang3.ArrayUtils,org.pitest.mutationtest.engine.gregor.mutators.NullReturnValsMutator,nullToEmpty,763,NO_COVERAGE,none
ArrayUtils.java,org.apache.commons.lang3.ArrayUtils,org.pitest.mutationtest.engine.gregor.mutators.NullReturnValsMutator,nullToEmpty,765,NO_COVERAGE,none
ArrayUtils.java,org.apache.commons.lang3.ArrayUtils,org.pitest.mutationtest.engine.gregor.mutators.RemoveConditionalMutator_EQUAL_ELSE,nullToEmpty,762,NO_COVERAGE,none
ArrayUtils.java,org.apache.commons.lang3.ArrayUtils,org.pitest.mutationtest.engine.gregor.mutators.RemoveConditionalMutator_EQUAL_ELSE,nullToEmpty,762,NO_COVERAGE,none
ArrayUtils.java,org.apache.commons.lang3.ArrayUtils,org.pitest.mutationtest.engine.gregor.mutators.RemoveConditionalMutator_EQUAL_IF,nullToEmpty,762,NO_COVERAGE,none
ArrayUtils.java,org.apache.commons.lang3.ArrayUtils,org.pitest.mutationtest.engine.gregor.mutators.RemoveConditionalMutator_EQUAL_IF,nullToEmpty,762,NO_COVERAGE,none
ArrayUtils.java,org.apache.commons.lang3.ArrayUtils,org.pitest.mutationtest.engine.gregor.mutators.ReturnValsMutator,nullToEmpty,763,NO_COVERAGE,none
ArrayUtils.java,org.apache.commons.lang3.ArrayUtils,org.pitest.mutationtest.engine.gregor.mutators.ReturnValsMutator,nullToEmpty,765,NO_COVERAGE,none
ArrayUtils.java,org.apache.commons.lang3.ArrayUtils,org.pitest.mutationtest.engine.gregor.mutators.NegateConditionalsMutator,nullToEmpty,782,NO_COVERAGE,none
ArrayUtils.java,org.apache.commons.lang3.ArrayUtils,org.pitest.mutationtest.engine.gregor.mutators.NegateConditionalsMutator,nullToEmpty,782,NO_COVERAGE,none
ArrayUtils.java,org.apache.commons.lang3.ArrayUtils,org.pitest.mutationtest.engine.gregor.mutators.NullReturnValsMutator,nullToEmpty,783,NO_COVERAGE,none
ArrayUtils.java,org.apache.commons.lang3.ArrayUtils,org.pitest.mutationtest.engine.gregor.mutators.NullReturnValsMutator,nullToEmpty,785,NO_COVERAGE,none
ArrayUtils.java,org.apache.commons.lang3.ArrayUtils,org.pitest.mutationtest.engine.gregor.mutators.RemoveConditionalMutator_EQUAL_ELSE,nullToEmpty,782,NO_COVERAGE,none
ArrayUtils.java,org.apache.commons.lang3.ArrayUtils,org.pitest.mutationtest.engine.gregor.mutators.RemoveConditionalMutator_EQUAL_ELSE,nullToEmpty,782,NO_COVERAGE,none
ArrayUtils.java,org.apache.commons.lang3.ArrayUtils,org.pitest.mutationtest.engine.gregor.mutators.RemoveConditionalMutator_EQUAL_IF,nullToEmpty,782,NO_COVERAGE,none
ArrayUtils.java,org.apache.commons.lang3.ArrayUtils,org.pitest.mutationtest.engine.gregor.mutators.RemoveConditionalMutator_EQUAL_IF,nullToEmpty,782,NO_COVERAGE,none
ArrayUtils.java,org.apache.commons.lang3.ArrayUtils,org.pitest.mutationtest.engine.gregor.mutators.ReturnValsMutator,nullToEmpty,783,NO_COVERAGE,none
ArrayUtils.java,org.apache.commons.lang3.ArrayUtils,org.pitest.mutationtest.engine.gregor.mutators.ReturnValsMutator,nullToEmpty,785,NO_COVERAGE,none
ArrayUtils.java,org.apache.commons.lang3.ArrayUtils,org.pitest.mutationtest.engine.gregor.mutators.NegateConditionalsMutator,nullToEmpty,682,NO_COVERAGE,none
ArrayUtils.java,org.apache.commons.lang3.ArrayUtils,org.pitest.mutationtest.engine.gregor.mutators.NegateConditionalsMutator,nullToEmpty,682,NO_COVERAGE,none
ArrayUtils.java,org.apache.commons.lang3.ArrayUtils,org.pitest.mutationtest.engine.gregor.mutators.NullReturnValsMutator,nullToEmpty,683,NO_COVERAGE,none
ArrayUtils.java,org.apache.commons.lang3.ArrayUtils,org.pitest.mutationtest.engine.gregor.mutators.NullReturnValsMutator,nullToEmpty,685,NO_COVERAGE,none
ArrayUtils.java,org.apache.commons.lang3.ArrayUtils,org.pitest.mutationtest.engine.gregor.mutators.RemoveConditionalMutator_EQUAL_ELSE,nullToEmpty,682,NO_COVERAGE,none
ArrayUtils.java,org.apache.commons.lang3.ArrayUtils,org.pitest.mutationtest.engine.gregor.mutators.RemoveConditionalMutator_EQUAL_ELSE,nullToEmpty,682,NO_COVERAGE,none
ArrayUtils.java,org.apache.commons.lang3.ArrayUtils,org.pitest.mutationtest.engine.gregor.mutators.RemoveConditionalMutator_EQUAL_IF,nullToEmpty,682,NO_COVERAGE,none
ArrayUtils.java,org.apache.commons.lang3.ArrayUtils,org.pitest.mutationtest.engine.gregor.mutators.RemoveConditionalMutator_EQUAL_IF,nullToEmpty,682,NO_COVERAGE,none
ArrayUtils.java,org.apache.commons.lang3.ArrayUtils,org.pitest.mutationtest.engine.gregor.mutators.ReturnValsMutator,nullToEmpty,683,NO_COVERAGE,none
ArrayUtils.java,org.apache.commons.lang3.ArrayUtils,org.pitest.mutationtest.engine.gregor.mutators.ReturnValsMutator,nullToEmpty,685,NO_COVERAGE,none
ArrayUtils.java,org.apache.commons.lang3.ArrayUtils,org.pitest.mutationtest.engine.gregor.mutators.NegateConditionalsMutator,nullToEmpty,662,NO_COVERAGE,none
ArrayUtils.java,org.apache.commons.lang3.ArrayUtils,org.pitest.mutationtest.engine.gregor.mutators.NegateConditionalsMutator,nullToEmpty,662,NO_COVERAGE,none
ArrayUtils.java,org.apache.commons.lang3.ArrayUtils,org.pitest.mutationtest.engine.gregor.mutators.NullReturnValsMutator,nullToEmpty,663,NO_COVERAGE,none
ArrayUtils.java,org.apache.commons.lang3.ArrayUtils,org.pitest.mutationtest.engine.gregor.mutators.NullReturnValsMutator,nullToEmpty,665,NO_COVERAGE,none
ArrayUtils.java,org.apache.commons.lang3.ArrayUtils,org.pitest.mutationtest.engine.gregor.mutators.RemoveConditionalMutator_EQUAL_ELSE,nullToEmpty,662,NO_COVERAGE,none
ArrayUtils.java,org.apache.commons.lang3.ArrayUtils,org.pitest.mutationtest.engine.gregor.mutators.RemoveConditionalMutator_EQUAL_ELSE,nullToEmpty,662,NO_COVERAGE,none
ArrayUtils.java,org.apache.commons.lang3.ArrayUtils,org.pitest.mutationtest.engine.gregor.mutators.RemoveConditionalMutator_EQUAL_IF,nullToEmpty,662,NO_COVERAGE,none
ArrayUtils.java,org.apache.commons.lang3.ArrayUtils,org.pitest.mutationtest.engine.gregor.mutators.RemoveConditionalMutator_EQUAL_IF,nullToEmpty,662,NO_COVERAGE,none
ArrayUtils.java,org.apache.commons.lang3.ArrayUtils,org.pitest.mutationtest.engine.gregor.mutators.ReturnValsMutator,nullToEmpty,663,NO_COVERAGE,none
ArrayUtils.java,org.apache.commons.lang3.ArrayUtils,org.pitest.mutationtest.engine.gregor.mutators.ReturnValsMutator,nullToEmpty,665,NO_COVERAGE,none
ArrayUtils.java,org.apache.commons.lang3.ArrayUtils,org.pitest.mutationtest.engine.gregor.mutators.NegateConditionalsMutator,nullToEmpty,462,NO_COVERAGE,none
ArrayUtils.java,org.apache.commons.lang3.ArrayUtils,org.pitest.mutationtest.engine.gregor.mutators.NegateConditionalsMutator,nullToEmpty,462,NO_COVERAGE,none
ArrayUtils.java,org.apache.commons.lang3.ArrayUtils,org.pitest.mutationtest.engine.gregor.mutators.NullReturnValsMutator,nullToEmpty,463,NO_COVERAGE,none
ArrayUtils.java,org.apache.commons.lang3.ArrayUtils,org.pitest.mutationtest.engine.gregor.mutators.NullReturnValsMutator,nullToEmpty,465,NO_COVERAGE,none
ArrayUtils.java,org.apache.commons.lang3.ArrayUtils,org.pitest.mutationtest.engine.gregor.mutators.RemoveConditionalMutator_EQUAL_ELSE,nullToEmpty,462,NO_COVERAGE,none
ArrayUtils.java,org.apache.commons.lang3.ArrayUtils,org.pitest.mutationtest.engine.gregor.mutators.RemoveConditionalMutator_EQUAL_ELSE,nullToEmpty,462,NO_COVERAGE,none
ArrayUtils.java,org.apache.commons.lang3.ArrayUtils,org.pitest.mutationtest.engine.gregor.mutators.RemoveConditionalMutator_EQUAL_IF,nullToEmpty,462,NO_COVERAGE,none
ArrayUtils.java,org.apache.commons.lang3.ArrayUtils,org.pitest.mutationtest.engine.gregor.mutators.RemoveConditionalMutator_EQUAL_IF,nullToEmpty,462,NO_COVERAGE,none
ArrayUtils.java,org.apache.commons.lang3.ArrayUtils,org.pitest.mutationtest.engine.gregor.mutators.ReturnValsMutator,nullToEmpty,463,NO_COVERAGE,none
ArrayUtils.java,org.apache.commons.lang3.ArrayUtils,org.pitest.mutationtest.engine.gregor.mutators.ReturnValsMutator,nullToEmpty,465,NO_COVERAGE,none
ArrayUtils.java,org.apache.commons.lang3.ArrayUtils,org.pitest.mutationtest.engine.gregor.mutators.NegateConditionalsMutator,nullToEmpty,702,NO_COVERAGE,none
ArrayUtils.java,org.apache.commons.lang3.ArrayUtils,org.pitest.mutationtest.engine.gregor.mutators.NegateConditionalsMutator,nullToEmpty,702,NO_COVERAGE,none
ArrayUtils.java,org.apache.commons.lang3.ArrayUtils,org.pitest.mutationtest.engine.gregor.mutators.NullReturnValsMutator,nullToEmpty,703,NO_COVERAGE,none
ArrayUtils.java,org.apache.commons.lang3.ArrayUtils,org.pitest.mutationtest.engine.gregor.mutators.NullReturnValsMutator,nullToEmpty,705,NO_COVERAGE,none
ArrayUtils.java,org.apache.commons.lang3.ArrayUtils,org.pitest.mutationtest.engine.gregor.mutators.RemoveConditionalMutator_EQUAL_ELSE,nullToEmpty,702,NO_COVERAGE,none
ArrayUtils.java,org.apache.commons.lang3.ArrayUtils,org.pitest.mutationtest.engine.gregor.mutators.RemoveConditionalMutator_EQUAL_ELSE,nullToEmpty,702,NO_COVERAGE,none
ArrayUtils.java,org.apache.commons.lang3.ArrayUtils,org.pitest.mutationtest.engine.gregor.mutators.RemoveConditionalMutator_EQUAL_IF,nullToEmpty,702,NO_COVERAGE,none
ArrayUtils.java,org.apache.commons.lang3.ArrayUtils,org.pitest.mutationtest.engine.gregor.mutators.RemoveConditionalMutator_EQUAL_IF,nullToEmpty,702,NO_COVERAGE,none
ArrayUtils.java,org.apache.commons.lang3.ArrayUtils,org.pitest.mutationtest.engine.gregor.mutators.ReturnValsMutator,nullToEmpty,703,NO_COVERAGE,none
ArrayUtils.java,org.apache.commons.lang3.ArrayUtils,org.pitest.mutationtest.engine.gregor.mutators.ReturnValsMutator,nullToEmpty,705,NO_COVERAGE,none
ArrayUtils.java,org.apache.commons.lang3.ArrayUtils,org.pitest.mutationtest.engine.gregor.mutators.NegateConditionalsMutator,nullToEmpty,482,NO_COVERAGE,none
ArrayUtils.java,org.apache.commons.lang3.ArrayUtils,org.pitest.mutationtest.engine.gregor.mutators.NegateConditionalsMutator,nullToEmpty,482,NO_COVERAGE,none
ArrayUtils.java,org.apache.commons.lang3.ArrayUtils,org.pitest.mutationtest.engine.gregor.mutators.NullReturnValsMutator,nullToEmpty,483,NO_COVERAGE,none
ArrayUtils.java,org.apache.commons.lang3.ArrayUtils,org.pitest.mutationtest.engine.gregor.mutators.NullReturnValsMutator,nullToEmpty,485,NO_COVERAGE,none
ArrayUtils.java,org.apache.commons.lang3.ArrayUtils,org.pitest.mutationtest.engine.gregor.mutators.RemoveConditionalMutator_EQUAL_ELSE,nullToEmpty,482,NO_COVERAGE,none
ArrayUtils.java,org.apache.commons.lang3.ArrayUtils,org.pitest.mutationtest.engine.gregor.mutators.RemoveConditionalMutator_EQUAL_ELSE,nullToEmpty,482,NO_COVERAGE,none
ArrayUtils.java,org.apache.commons.lang3.ArrayUtils,org.pitest.mutationtest.engine.gregor.mutators.RemoveConditionalMutator_EQUAL_IF,nullToEmpty,482,NO_COVERAGE,none
ArrayUtils.java,org.apache.commons.lang3.ArrayUtils,org.pitest.mutationtest.engine.gregor.mutators.RemoveConditionalMutator_EQUAL_IF,nullToEmpty,482,NO_COVERAGE,none
ArrayUtils.java,org.apache.commons.lang3.ArrayUtils,org.pitest.mutationtest.engine.gregor.mutators.ReturnValsMutator,nullToEmpty,483,NO_COVERAGE,none
ArrayUtils.java,org.apache.commons.lang3.ArrayUtils,org.pitest.mutationtest.engine.gregor.mutators.ReturnValsMutator,nullToEmpty,485,NO_COVERAGE,none
ArrayUtils.java,org.apache.commons.lang3.ArrayUtils,org.pitest.mutationtest.engine.gregor.mutators.NegateConditionalsMutator,nullToEmpty,542,NO_COVERAGE,none
ArrayUtils.java,org.apache.commons.lang3.ArrayUtils,org.pitest.mutationtest.engine.gregor.mutators.NegateConditionalsMutator,nullToEmpty,542,NO_COVERAGE,none
ArrayUtils.java,org.apache.commons.lang3.ArrayUtils,org.pitest.mutationtest.engine.gregor.mutators.NullReturnValsMutator,nullToEmpty,543,NO_COVERAGE,none
ArrayUtils.java,org.apache.commons.lang3.ArrayUtils,org.pitest.mutationtest.engine.gregor.mutators.NullReturnValsMutator,nullToEmpty,545,NO_COVERAGE,none
ArrayUtils.java,org.apache.commons.lang3.ArrayUtils,org.pitest.mutationtest.engine.gregor.mutators.RemoveConditionalMutator_EQUAL_ELSE,nullToEmpty,542,NO_COVERAGE,none
ArrayUtils.java,org.apache.commons.lang3.ArrayUtils,org.pitest.mutationtest.engine.gregor.mutators.RemoveConditionalMutator_EQUAL_ELSE,nullToEmpty,542,NO_COVERAGE,none
ArrayUtils.java,org.apache.commons.lang3.ArrayUtils,org.pitest.mutationtest.engine.gregor.mutators.RemoveConditionalMutator_EQUAL_IF,nullToEmpty,542,NO_COVERAGE,none
ArrayUtils.java,org.apache.commons.lang3.ArrayUtils,org.pitest.mutationtest.engine.gregor.mutators.RemoveConditionalMutator_EQUAL_IF,nullToEmpty,542,NO_COVERAGE,none
ArrayUtils.java,org.apache.commons.lang3.ArrayUtils,org.pitest.mutationtest.engine.gregor.mutators.ReturnValsMutator,nullToEmpty,543,NO_COVERAGE,none
ArrayUtils.java,org.apache.commons.lang3.ArrayUtils,org.pitest.mutationtest.engine.gregor.mutators.ReturnValsMutator,nullToEmpty,545,NO_COVERAGE,none
ArrayUtils.java,org.apache.commons.lang3.ArrayUtils,org.pitest.mutationtest.engine.gregor.mutators.NegateConditionalsMutator,nullToEmpty,642,NO_COVERAGE,none
ArrayUtils.java,org.apache.commons.lang3.ArrayUtils,org.pitest.mutationtest.engine.gregor.mutators.NegateConditionalsMutator,nullToEmpty,642,NO_COVERAGE,none
ArrayUtils.java,org.apache.commons.lang3.ArrayUtils,org.pitest.mutationtest.engine.gregor.mutators.NullReturnValsMutator,nullToEmpty,643,NO_COVERAGE,none
ArrayUtils.java,org.apache.commons.lang3.ArrayUtils,org.pitest.mutationtest.engine.gregor.mutators.NullReturnValsMutator,nullToEmpty,645,NO_COVERAGE,none
ArrayUtils.java,org.apache.commons.lang3.ArrayUtils,org.pitest.mutationtest.engine.gregor.mutators.RemoveConditionalMutator_EQUAL_ELSE,nullToEmpty,642,NO_COVERAGE,none
ArrayUtils.java,org.apache.commons.lang3.ArrayUtils,org.pitest.mutationtest.engine.gregor.mutators.RemoveConditionalMutator_EQUAL_ELSE,nullToEmpty,642,NO_COVERAGE,none
ArrayUtils.java,org.apache.commons.lang3.ArrayUtils,org.pitest.mutationtest.engine.gregor.mutators.RemoveConditionalMutator_EQUAL_IF,nullToEmpty,642,NO_COVERAGE,none
ArrayUtils.java,org.apache.commons.lang3.ArrayUtils,org.pitest.mutationtest.engine.gregor.mutators.RemoveConditionalMutator_EQUAL_IF,nullToEmpty,642,NO_COVERAGE,none
ArrayUtils.java,org.apache.commons.lang3.ArrayUtils,org.pitest.mutationtest.engine.gregor.mutators.ReturnValsMutator,nullToEmpty,643,NO_COVERAGE,none
ArrayUtils.java,org.apache.commons.lang3.ArrayUtils,org.pitest.mutationtest.engine.gregor.mutators.ReturnValsMutator,nullToEmpty,645,NO_COVERAGE,none
ArrayUtils.java,org.apache.commons.lang3.ArrayUtils,org.pitest.mutationtest.engine.gregor.mutators.ConditionalsBoundaryMutator,remove,4909,NO_COVERAGE,none
ArrayUtils.java,org.apache.commons.lang3.ArrayUtils,org.pitest.mutationtest.engine.gregor.mutators.ConditionalsBoundaryMutator,remove,4909,NO_COVERAGE,none
ArrayUtils.java,org.apache.commons.lang3.ArrayUtils,org.pitest.mutationtest.engine.gregor.mutators.ConditionalsBoundaryMutator,remove,4915,NO_COVERAGE,none
ArrayUtils.java,org.apache.commons.lang3.ArrayUtils,org.pitest.mutationtest.engine.gregor.mutators.ConstructorCallMutator,remove,4910,NO_COVERAGE,none
ArrayUtils.java,org.apache.commons.lang3.ArrayUtils,org.pitest.mutationtest.engine.gregor.mutators.ConstructorCallMutator,remove,4910,NO_COVERAGE,none
ArrayUtils.java,org.apache.commons.lang3.ArrayUtils,org.pitest.mutationtest.engine.gregor.mutators.InlineConstantMutator,remove,4913,NO_COVERAGE,none
ArrayUtils.java,org.apache.commons.lang3.ArrayUtils,org.pitest.mutationtest.engine.gregor.mutators.InlineConstantMutator,remove,4914,NO_COVERAGE,none
ArrayUtils.java,org.apache.commons.lang3.ArrayUtils,org.pitest.mutationtest.engine.gregor.mutators.InlineConstantMutator,remove,4914,NO_COVERAGE,none
ArrayUtils.java,org.apache.commons.lang3.ArrayUtils,org.pitest.mutationtest.engine.gregor.mutators.InlineConstantMutator,remove,4915,NO_COVERAGE,none
ArrayUtils.java,org.apache.commons.lang3.ArrayUtils,org.pitest.mutationtest.engine.gregor.mutators.InlineConstantMutator,remove,4916,NO_COVERAGE,none
ArrayUtils.java,org.apache.commons.lang3.ArrayUtils,org.pitest.mutationtest.engine.gregor.mutators.InlineConstantMutator,remove,4916,NO_COVERAGE,none
ArrayUtils.java,org.apache.commons.lang3.ArrayUtils,org.pitest.mutationtest.engine.gregor.mutators.MathMutator,remove,4913,NO_COVERAGE,none
ArrayUtils.java,org.apache.commons.lang3.ArrayUtils,org.pitest.mutationtest.engine.gregor.mutators.MathMutator,remove,4915,NO_COVERAGE,none
ArrayUtils.java,org.apache.commons.lang3.ArrayUtils,org.pitest.mutationtest.engine.gregor.mutators.MathMutator,remove,4916,NO_COVERAGE,none
ArrayUtils.java,org.apache.commons.lang3.ArrayUtils,org.pitest.mutationtest.engine.gregor.mutators.MathMutator,remove,4916,NO_COVERAGE,none
ArrayUtils.java,org.apache.commons.lang3.ArrayUtils,org.pitest.mutationtest.engine.gregor.mutators.MathMutator,remove,4916,NO_COVERAGE,none
ArrayUtils.java,org.apache.commons.lang3.ArrayUtils,org.pitest.mutationtest.engine.gregor.mutators.NegateConditionalsMutator,remove,4909,NO_COVERAGE,none
ArrayUtils.java,org.apache.commons.lang3.ArrayUtils,org.pitest.mutationtest.engine.gregor.mutators.NegateConditionalsMutator,remove,4909,NO_COVERAGE,none
ArrayUtils.java,org.apache.commons.lang3.ArrayUtils,org.pitest.mutationtest.engine.gregor.mutators.NegateConditionalsMutator,remove,4915,NO_COVERAGE,none
ArrayUtils.java,org.apache.commons.lang3.ArrayUtils,org.pitest.mutationtest.engine.gregor.mutators.NonVoidMethodCallMutator,remove,4908,NO_COVERAGE,none
ArrayUtils.java,org.apache.commons.lang3.ArrayUtils,org.pitest.mutationtest.engine.gregor.mutators.NonVoidMethodCallMutator,remove,4910,NO_COVERAGE,none
ArrayUtils.java,org.apache.commons.lang3.ArrayUtils,org.pitest.mutationtest.engine.gregor.mutators.NonVoidMethodCallMutator,remove,4910,NO_COVERAGE,none
ArrayUtils.java,org.apache.commons.lang3.ArrayUtils,org.pitest.mutationtest.engine.gregor.mutators.NonVoidMethodCallMutator,remove,4910,NO_COVERAGE,none
ArrayUtils.java,org.apache.commons.lang3.ArrayUtils,org.pitest.mutationtest.engine.gregor.mutators.NonVoidMethodCallMutator,remove,4910,NO_COVERAGE,none
ArrayUtils.java,org.apache.commons.lang3.ArrayUtils,org.pitest.mutationtest.engine.gregor.mutators.NonVoidMethodCallMutator,remove,4910,NO_COVERAGE,none
ArrayUtils.java,org.apache.commons.lang3.ArrayUtils,org.pitest.mutationtest.engine.gregor.mutators.NonVoidMethodCallMutator,remove,4913,NO_COVERAGE,none
ArrayUtils.java,org.apache.commons.lang3.ArrayUtils,org.pitest.mutationtest.engine.gregor.mutators.NonVoidMethodCallMutator,remove,4913,NO_COVERAGE,none
ArrayUtils.java,org.apache.commons.lang3.ArrayUtils,org.pitest.mutationtest.engine.gregor.mutators.NonVoidMethodCallMutator,remove,4913,NO_COVERAGE,none
ArrayUtils.java,org.apache.commons.lang3.ArrayUtils,org.pitest.mutationtest.engine.gregor.mutators.NullReturnValsMutator,remove,4919,NO_COVERAGE,none
ArrayUtils.java,org.apache.commons.lang3.ArrayUtils,org.pitest.mutationtest.engine.gregor.mutators.RemoveConditionalMutator_ORDER_ELSE,remove,4909,NO_COVERAGE,none
ArrayUtils.java,org.apache.commons.lang3.ArrayUtils,org.pitest.mutationtest.engine.gregor.mutators.RemoveConditionalMutator_ORDER_ELSE,remove,4909,NO_COVERAGE,none
ArrayUtils.java,org.apache.commons.lang3.ArrayUtils,org.pitest.mutationtest.engine.gregor.mutators.RemoveConditionalMutator_ORDER_ELSE,remove,4915,NO_COVERAGE,none
ArrayUtils.java,org.apache.commons.lang3.ArrayUtils,org.pitest.mutationtest.engine.gregor.mutators.RemoveConditionalMutator_ORDER_IF,remove,4909,NO_COVERAGE,none
ArrayUtils.java,org.apache.commons.lang3.ArrayUtils,org.pitest.mutationtest.engine.gregor.mutators.RemoveConditionalMutator_ORDER_IF,remove,4909,NO_COVERAGE,none
ArrayUtils.java,org.apache.commons.lang3.ArrayUtils,org.pitest.mutationtest.engine.gregor.mutators.RemoveConditionalMutator_ORDER_IF,remove,4915,NO_COVERAGE,none
ArrayUtils.java,org.apache.commons.lang3.ArrayUtils,org.pitest.mutationtest.engine.gregor.mutators.ReturnValsMutator,remove,4919,NO_COVERAGE,none
ArrayUtils.java,org.apache.commons.lang3.ArrayUtils,org.pitest.mutationtest.engine.gregor.mutators.VoidMethodCallMutator,remove,4914,NO_COVERAGE,none
ArrayUtils.java,org.apache.commons.lang3.ArrayUtils,org.pitest.mutationtest.engine.gregor.mutators.VoidMethodCallMutator,remove,4916,NO_COVERAGE,none
ArrayUtils.java,org.apache.commons.lang3.ArrayUtils,org.pitest.mutationtest.engine.gregor.mutators.experimental.NakedReceiverMutator,remove,4910,NO_COVERAGE,none
ArrayUtils.java,org.apache.commons.lang3.ArrayUtils,org.pitest.mutationtest.engine.gregor.mutators.experimental.NakedReceiverMutator,remove,4910,NO_COVERAGE,none
ArrayUtils.java,org.apache.commons.lang3.ArrayUtils,org.pitest.mutationtest.engine.gregor.mutators.experimental.NakedReceiverMutator,remove,4910,NO_COVERAGE,none
ArrayUtils.java,org.apache.commons.lang3.ArrayUtils,org.pitest.mutationtest.engine.gregor.mutators.experimental.NakedReceiverMutator,remove,4910,NO_COVERAGE,none
ArrayUtils.java,org.apache.commons.lang3.ArrayUtils,org.pitest.mutationtest.engine.gregor.mutators.experimental.NakedReceiverMutator,remove,4913,NO_COVERAGE,none
ArrayUtils.java,org.apache.commons.lang3.ArrayUtils,org.pitest.mutationtest.engine.gregor.mutators.ArgumentPropagationMutator,remove,4460,NO_COVERAGE,none
ArrayUtils.java,org.apache.commons.lang3.ArrayUtils,org.pitest.mutationtest.engine.gregor.mutators.NonVoidMethodCallMutator,remove,4460,NO_COVERAGE,none
ArrayUtils.java,org.apache.commons.lang3.ArrayUtils,org.pitest.mutationtest.engine.gregor.mutators.NullReturnValsMutator,remove,4460,NO_COVERAGE,none
ArrayUtils.java,org.apache.commons.lang3.ArrayUtils,org.pitest.mutationtest.engine.gregor.mutators.ReturnValsMutator,remove,4460,NO_COVERAGE,none
ArrayUtils.java,org.apache.commons.lang3.ArrayUtils,org.pitest.mutationtest.engine.gregor.mutators.ArgumentPropagationMutator,remove,4525,NO_COVERAGE,none
ArrayUtils.java,org.apache.commons.lang3.ArrayUtils,org.pitest.mutationtest.engine.gregor.mutators.NonVoidMethodCallMutator,remove,4525,NO_COVERAGE,none
ArrayUtils.java,org.apache.commons.lang3.ArrayUtils,org.pitest.mutationtest.engine.gregor.mutators.NullReturnValsMutator,remove,4525,NO_COVERAGE,none
ArrayUtils.java,org.apache.commons.lang3.ArrayUtils,org.pitest.mutationtest.engine.gregor.mutators.ReturnValsMutator,remove,4525,NO_COVERAGE,none
ArrayUtils.java,org.apache.commons.lang3.ArrayUtils,org.pitest.mutationtest.engine.gregor.mutators.ArgumentPropagationMutator,remove,4590,NO_COVERAGE,none
ArrayUtils.java,org.apache.commons.lang3.ArrayUtils,org.pitest.mutationtest.engine.gregor.mutators.NonVoidMethodCallMutator,remove,4590,NO_COVERAGE,none
ArrayUtils.java,org.apache.commons.lang3.ArrayUtils,org.pitest.mutationtest.engine.gregor.mutators.NullReturnValsMutator,remove,4590,NO_COVERAGE,none
ArrayUtils.java,org.apache.commons.lang3.ArrayUtils,org.pitest.mutationtest.engine.gregor.mutators.ReturnValsMutator,remove,4590,NO_COVERAGE,none
ArrayUtils.java,org.apache.commons.lang3.ArrayUtils,org.pitest.mutationtest.engine.gregor.mutators.ArgumentPropagationMutator,remove,4655,NO_COVERAGE,none
ArrayUtils.java,org.apache.commons.lang3.ArrayUtils,org.pitest.mutationtest.engine.gregor.mutators.NonVoidMethodCallMutator,remove,4655,NO_COVERAGE,none
ArrayUtils.java,org.apache.commons.lang3.ArrayUtils,org.pitest.mutationtest.engine.gregor.mutators.NullReturnValsMutator,remove,4655,NO_COVERAGE,none
ArrayUtils.java,org.apache.commons.lang3.ArrayUtils,org.pitest.mutationtest.engine.gregor.mutators.ReturnValsMutator,remove,4655,NO_COVERAGE,none
ArrayUtils.java,org.apache.commons.lang3.ArrayUtils,org.pitest.mutationtest.engine.gregor.mutators.ArgumentPropagationMutator,remove,4720,NO_COVERAGE,none
ArrayUtils.java,org.apache.commons.lang3.ArrayUtils,org.pitest.mutationtest.engine.gregor.mutators.NonVoidMethodCallMutator,remove,4720,NO_COVERAGE,none
ArrayUtils.java,org.apache.commons.lang3.ArrayUtils,org.pitest.mutationtest.engine.gregor.mutators.NullReturnValsMutator,remove,4720,NO_COVERAGE,none
ArrayUtils.java,org.apache.commons.lang3.ArrayUtils,org.pitest.mutationtest.engine.gregor.mutators.ReturnValsMutator,remove,4720,NO_COVERAGE,none
ArrayUtils.java,org.apache.commons.lang3.ArrayUtils,org.pitest.mutationtest.engine.gregor.mutators.ArgumentPropagationMutator,remove,4785,NO_COVERAGE,none
ArrayUtils.java,org.apache.commons.lang3.ArrayUtils,org.pitest.mutationtest.engine.gregor.mutators.NonVoidMethodCallMutator,remove,4785,NO_COVERAGE,none
ArrayUtils.java,org.apache.commons.lang3.ArrayUtils,org.pitest.mutationtest.engine.gregor.mutators.NullReturnValsMutator,remove,4785,NO_COVERAGE,none
ArrayUtils.java,org.apache.commons.lang3.ArrayUtils,org.pitest.mutationtest.engine.gregor.mutators.ReturnValsMutator,remove,4785,NO_COVERAGE,none
ArrayUtils.java,org.apache.commons.lang3.ArrayUtils,org.pitest.mutationtest.engine.gregor.mutators.ArgumentPropagationMutator,remove,4330,NO_COVERAGE,none
ArrayUtils.java,org.apache.commons.lang3.ArrayUtils,org.pitest.mutationtest.engine.gregor.mutators.NonVoidMethodCallMutator,remove,4330,NO_COVERAGE,none
ArrayUtils.java,org.apache.commons.lang3.ArrayUtils,org.pitest.mutationtest.engine.gregor.mutators.NullReturnValsMutator,remove,4330,NO_COVERAGE,none
ArrayUtils.java,org.apache.commons.lang3.ArrayUtils,org.pitest.mutationtest.engine.gregor.mutators.ReturnValsMutator,remove,4330,NO_COVERAGE,none
ArrayUtils.java,org.apache.commons.lang3.ArrayUtils,org.pitest.mutationtest.engine.gregor.mutators.ArgumentPropagationMutator,remove,4850,NO_COVERAGE,none
ArrayUtils.java,org.apache.commons.lang3.ArrayUtils,org.pitest.mutationtest.engine.gregor.mutators.NonVoidMethodCallMutator,remove,4850,NO_COVERAGE,none
ArrayUtils.java,org.apache.commons.lang3.ArrayUtils,org.pitest.mutationtest.engine.gregor.mutators.NullReturnValsMutator,remove,4850,NO_COVERAGE,none
ArrayUtils.java,org.apache.commons.lang3.ArrayUtils,org.pitest.mutationtest.engine.gregor.mutators.ReturnValsMutator,remove,4850,NO_COVERAGE,none
ArrayUtils.java,org.apache.commons.lang3.ArrayUtils,org.pitest.mutationtest.engine.gregor.mutators.ArgumentPropagationMutator,remove,4395,NO_COVERAGE,none
ArrayUtils.java,org.apache.commons.lang3.ArrayUtils,org.pitest.mutationtest.engine.gregor.mutators.NonVoidMethodCallMutator,remove,4395,NO_COVERAGE,none
ArrayUtils.java,org.apache.commons.lang3.ArrayUtils,org.pitest.mutationtest.engine.gregor.mutators.NullReturnValsMutator,remove,4395,NO_COVERAGE,none
ArrayUtils.java,org.apache.commons.lang3.ArrayUtils,org.pitest.mutationtest.engine.gregor.mutators.ReturnValsMutator,remove,4395,NO_COVERAGE,none
ArrayUtils.java,org.apache.commons.lang3.ArrayUtils,org.pitest.mutationtest.engine.gregor.mutators.ArgumentPropagationMutator,removeElement,4491,NO_COVERAGE,none
ArrayUtils.java,org.apache.commons.lang3.ArrayUtils,org.pitest.mutationtest.engine.gregor.mutators.ArgumentPropagationMutator,removeElement,4493,NO_COVERAGE,none
ArrayUtils.java,org.apache.commons.lang3.ArrayUtils,org.pitest.mutationtest.engine.gregor.mutators.InlineConstantMutator,removeElement,4490,NO_COVERAGE,none
ArrayUtils.java,org.apache.commons.lang3.ArrayUtils,org.pitest.mutationtest.engine.gregor.mutators.NegateConditionalsMutator,removeElement,4490,NO_COVERAGE,none
ArrayUtils.java,org.apache.commons.lang3.ArrayUtils,org.pitest.mutationtest.engine.gregor.mutators.NonVoidMethodCallMutator,removeElement,4489,NO_COVERAGE,none
ArrayUtils.java,org.apache.commons.lang3.ArrayUtils,org.pitest.mutationtest.engine.gregor.mutators.NonVoidMethodCallMutator,removeElement,4491,NO_COVERAGE,none
ArrayUtils.java,org.apache.commons.lang3.ArrayUtils,org.pitest.mutationtest.engine.gregor.mutators.NonVoidMethodCallMutator,removeElement,4493,NO_COVERAGE,none
ArrayUtils.java,org.apache.commons.lang3.ArrayUtils,org.pitest.mutationtest.engine.gregor.mutators.NullReturnValsMutator,removeElement,4491,NO_COVERAGE,none
ArrayUtils.java,org.apache.commons.lang3.ArrayUtils,org.pitest.mutationtest.engine.gregor.mutators.NullReturnValsMutator,removeElement,4493,NO_COVERAGE,none
ArrayUtils.java,org.apache.commons.lang3.ArrayUtils,org.pitest.mutationtest.engine.gregor.mutators.RemoveConditionalMutator_EQUAL_ELSE,removeElement,4490,NO_COVERAGE,none
ArrayUtils.java,org.apache.commons.lang3.ArrayUtils,org.pitest.mutationtest.engine.gregor.mutators.RemoveConditionalMutator_EQUAL_IF,removeElement,4490,NO_COVERAGE,none
ArrayUtils.java,org.apache.commons.lang3.ArrayUtils,org.pitest.mutationtest.engine.gregor.mutators.ReturnValsMutator,removeElement,4491,NO_COVERAGE,none
ArrayUtils.java,org.apache.commons.lang3.ArrayUtils,org.pitest.mutationtest.engine.gregor.mutators.ReturnValsMutator,removeElement,4493,NO_COVERAGE,none
ArrayUtils.java,org.apache.commons.lang3.ArrayUtils,org.pitest.mutationtest.engine.gregor.mutators.ArgumentPropagationMutator,removeElement,4556,NO_COVERAGE,none
ArrayUtils.java,org.apache.commons.lang3.ArrayUtils,org.pitest.mutationtest.engine.gregor.mutators.ArgumentPropagationMutator,removeElement,4558,NO_COVERAGE,none
ArrayUtils.java,org.apache.commons.lang3.ArrayUtils,org.pitest.mutationtest.engine.gregor.mutators.InlineConstantMutator,removeElement,4555,NO_COVERAGE,none
ArrayUtils.java,org.apache.commons.lang3.ArrayUtils,org.pitest.mutationtest.engine.gregor.mutators.NegateConditionalsMutator,removeElement,4555,NO_COVERAGE,none
ArrayUtils.java,org.apache.commons.lang3.ArrayUtils,org.pitest.mutationtest.engine.gregor.mutators.NonVoidMethodCallMutator,removeElement,4554,NO_COVERAGE,none
ArrayUtils.java,org.apache.commons.lang3.ArrayUtils,org.pitest.mutationtest.engine.gregor.mutators.NonVoidMethodCallMutator,removeElement,4556,NO_COVERAGE,none
ArrayUtils.java,org.apache.commons.lang3.ArrayUtils,org.pitest.mutationtest.engine.gregor.mutators.NonVoidMethodCallMutator,removeElement,4558,NO_COVERAGE,none
ArrayUtils.java,org.apache.commons.lang3.ArrayUtils,org.pitest.mutationtest.engine.gregor.mutators.NullReturnValsMutator,removeElement,4556,NO_COVERAGE,none
ArrayUtils.java,org.apache.commons.lang3.ArrayUtils,org.pitest.mutationtest.engine.gregor.mutators.NullReturnValsMutator,removeElement,4558,NO_COVERAGE,none
ArrayUtils.java,org.apache.commons.lang3.ArrayUtils,org.pitest.mutationtest.engine.gregor.mutators.RemoveConditionalMutator_EQUAL_ELSE,removeElement,4555,NO_COVERAGE,none
ArrayUtils.java,org.apache.commons.lang3.ArrayUtils,org.pitest.mutationtest.engine.gregor.mutators.RemoveConditionalMutator_EQUAL_IF,removeElement,4555,NO_COVERAGE,none
ArrayUtils.java,org.apache.commons.lang3.ArrayUtils,org.pitest.mutationtest.engine.gregor.mutators.ReturnValsMutator,removeElement,4556,NO_COVERAGE,none
ArrayUtils.java,org.apache.commons.lang3.ArrayUtils,org.pitest.mutationtest.engine.gregor.mutators.ReturnValsMutator,removeElement,4558,NO_COVERAGE,none
ArrayUtils.java,org.apache.commons.lang3.ArrayUtils,org.pitest.mutationtest.engine.gregor.mutators.ArgumentPropagationMutator,removeElement,4621,NO_COVERAGE,none
ArrayUtils.java,org.apache.commons.lang3.ArrayUtils,org.pitest.mutationtest.engine.gregor.mutators.ArgumentPropagationMutator,removeElement,4623,NO_COVERAGE,none
ArrayUtils.java,org.apache.commons.lang3.ArrayUtils,org.pitest.mutationtest.engine.gregor.mutators.InlineConstantMutator,removeElement,4620,NO_COVERAGE,none
ArrayUtils.java,org.apache.commons.lang3.ArrayUtils,org.pitest.mutationtest.engine.gregor.mutators.NegateConditionalsMutator,removeElement,4620,NO_COVERAGE,none
ArrayUtils.java,org.apache.commons.lang3.ArrayUtils,org.pitest.mutationtest.engine.gregor.mutators.NonVoidMethodCallMutator,removeElement,4619,NO_COVERAGE,none
ArrayUtils.java,org.apache.commons.lang3.ArrayUtils,org.pitest.mutationtest.engine.gregor.mutators.NonVoidMethodCallMutator,removeElement,4621,NO_COVERAGE,none
ArrayUtils.java,org.apache.commons.lang3.ArrayUtils,org.pitest.mutationtest.engine.gregor.mutators.NonVoidMethodCallMutator,removeElement,4623,NO_COVERAGE,none
ArrayUtils.java,org.apache.commons.lang3.ArrayUtils,org.pitest.mutationtest.engine.gregor.mutators.NullReturnValsMutator,removeElement,4621,NO_COVERAGE,none
ArrayUtils.java,org.apache.commons.lang3.ArrayUtils,org.pitest.mutationtest.engine.gregor.mutators.NullReturnValsMutator,removeElement,4623,NO_COVERAGE,none
ArrayUtils.java,org.apache.commons.lang3.ArrayUtils,org.pitest.mutationtest.engine.gregor.mutators.RemoveConditionalMutator_EQUAL_ELSE,removeElement,4620,NO_COVERAGE,none
ArrayUtils.java,org.apache.commons.lang3.ArrayUtils,org.pitest.mutationtest.engine.gregor.mutators.RemoveConditionalMutator_EQUAL_IF,removeElement,4620,NO_COVERAGE,none
ArrayUtils.java,org.apache.commons.lang3.ArrayUtils,org.pitest.mutationtest.engine.gregor.mutators.ReturnValsMutator,removeElement,4621,NO_COVERAGE,none
ArrayUtils.java,org.apache.commons.lang3.ArrayUtils,org.pitest.mutationtest.engine.gregor.mutators.ReturnValsMutator,removeElement,4623,NO_COVERAGE,none
ArrayUtils.java,org.apache.commons.lang3.ArrayUtils,org.pitest.mutationtest.engine.gregor.mutators.ArgumentPropagationMutator,removeElement,4686,NO_COVERAGE,none
ArrayUtils.java,org.apache.commons.lang3.ArrayUtils,org.pitest.mutationtest.engine.gregor.mutators.ArgumentPropagationMutator,removeElement,4688,NO_COVERAGE,none
ArrayUtils.java,org.apache.commons.lang3.ArrayUtils,org.pitest.mutationtest.engine.gregor.mutators.InlineConstantMutator,removeElement,4685,NO_COVERAGE,none
ArrayUtils.java,org.apache.commons.lang3.ArrayUtils,org.pitest.mutationtest.engine.gregor.mutators.NegateConditionalsMutator,removeElement,4685,NO_COVERAGE,none
ArrayUtils.java,org.apache.commons.lang3.ArrayUtils,org.pitest.mutationtest.engine.gregor.mutators.NonVoidMethodCallMutator,removeElement,4684,NO_COVERAGE,none
ArrayUtils.java,org.apache.commons.lang3.ArrayUtils,org.pitest.mutationtest.engine.gregor.mutators.NonVoidMethodCallMutator,removeElement,4686,NO_COVERAGE,none
ArrayUtils.java,org.apache.commons.lang3.ArrayUtils,org.pitest.mutationtest.engine.gregor.mutators.NonVoidMethodCallMutator,removeElement,4688,NO_COVERAGE,none
ArrayUtils.java,org.apache.commons.lang3.ArrayUtils,org.pitest.mutationtest.engine.gregor.mutators.NullReturnValsMutator,removeElement,4686,NO_COVERAGE,none
ArrayUtils.java,org.apache.commons.lang3.ArrayUtils,org.pitest.mutationtest.engine.gregor.mutators.NullReturnValsMutator,removeElement,4688,NO_COVERAGE,none
ArrayUtils.java,org.apache.commons.lang3.ArrayUtils,org.pitest.mutationtest.engine.gregor.mutators.RemoveConditionalMutator_EQUAL_ELSE,removeElement,4685,NO_COVERAGE,none
ArrayUtils.java,org.apache.commons.lang3.ArrayUtils,org.pitest.mutationtest.engine.gregor.mutators.RemoveConditionalMutator_EQUAL_IF,removeElement,4685,NO_COVERAGE,none
ArrayUtils.java,org.apache.commons.lang3.ArrayUtils,org.pitest.mutationtest.engine.gregor.mutators.ReturnValsMutator,removeElement,4686,NO_COVERAGE,none
ArrayUtils.java,org.apache.commons.lang3.ArrayUtils,org.pitest.mutationtest.engine.gregor.mutators.ReturnValsMutator,removeElement,4688,NO_COVERAGE,none
ArrayUtils.java,org.apache.commons.lang3.ArrayUtils,org.pitest.mutationtest.engine.gregor.mutators.ArgumentPropagationMutator,removeElement,4749,NO_COVERAGE,none
ArrayUtils.java,org.apache.commons.lang3.ArrayUtils,org.pitest.mutationtest.engine.gregor.mutators.ArgumentPropagationMutator,removeElement,4751,NO_COVERAGE,none
ArrayUtils.java,org.apache.commons.lang3.ArrayUtils,org.pitest.mutationtest.engine.gregor.mutators.ArgumentPropagationMutator,removeElement,4753,NO_COVERAGE,none
ArrayUtils.java,org.apache.commons.lang3.ArrayUtils,org.pitest.mutationtest.engine.gregor.mutators.InlineConstantMutator,removeElement,4750,NO_COVERAGE,none
ArrayUtils.java,org.apache.commons.lang3.ArrayUtils,org.pitest.mutationtest.engine.gregor.mutators.NegateConditionalsMutator,removeElement,4750,NO_COVERAGE,none
ArrayUtils.java,org.apache.commons.lang3.ArrayUtils,org.pitest.mutationtest.engine.gregor.mutators.NonVoidMethodCallMutator,removeElement,4749,NO_COVERAGE,none
ArrayUtils.java,org.apache.commons.lang3.ArrayUtils,org.pitest.mutationtest.engine.gregor.mutators.NonVoidMethodCallMutator,removeElement,4751,NO_COVERAGE,none
ArrayUtils.java,org.apache.commons.lang3.ArrayUtils,org.pitest.mutationtest.engine.gregor.mutators.NonVoidMethodCallMutator,removeElement,4753,NO_COVERAGE,none
ArrayUtils.java,org.apache.commons.lang3.ArrayUtils,org.pitest.mutationtest.engine.gregor.mutators.NullReturnValsMutator,removeElement,4751,NO_COVERAGE,none
ArrayUtils.java,org.apache.commons.lang3.ArrayUtils,org.pitest.mutationtest.engine.gregor.mutators.NullReturnValsMutator,removeElement,4753,NO_COVERAGE,none
ArrayUtils.java,org.apache.commons.lang3.ArrayUtils,org.pitest.mutationtest.engine.gregor.mutators.RemoveConditionalMutator_EQUAL_ELSE,removeElement,4750,NO_COVERAGE,none
ArrayUtils.java,org.apache.commons.lang3.ArrayUtils,org.pitest.mutationtest.engine.gregor.mutators.RemoveConditionalMutator_EQUAL_IF,removeElement,4750,NO_COVERAGE,none
ArrayUtils.java,org.apache.commons.lang3.ArrayUtils,org.pitest.mutationtest.engine.gregor.mutators.ReturnValsMutator,removeElement,4751,NO_COVERAGE,none
ArrayUtils.java,org.apache.commons.lang3.ArrayUtils,org.pitest.mutationtest.engine.gregor.mutators.ReturnValsMutator,removeElement,4753,NO_COVERAGE,none
ArrayUtils.java,org.apache.commons.lang3.ArrayUtils,org.pitest.mutationtest.engine.gregor.mutators.ArgumentPropagationMutator,removeElement,4816,NO_COVERAGE,none
ArrayUtils.java,org.apache.commons.lang3.ArrayUtils,org.pitest.mutationtest.engine.gregor.mutators.ArgumentPropagationMutator,removeElement,4818,NO_COVERAGE,none
ArrayUtils.java,org.apache.commons.lang3.ArrayUtils,org.pitest.mutationtest.engine.gregor.mutators.InlineConstantMutator,removeElement,4815,NO_COVERAGE,none
ArrayUtils.java,org.apache.commons.lang3.ArrayUtils,org.pitest.mutationtest.engine.gregor.mutators.NegateConditionalsMutator,removeElement,4815,NO_COVERAGE,none
ArrayUtils.java,org.apache.commons.lang3.ArrayUtils,org.pitest.mutationtest.engine.gregor.mutators.NonVoidMethodCallMutator,removeElement,4814,NO_COVERAGE,none
ArrayUtils.java,org.apache.commons.lang3.ArrayUtils,org.pitest.mutationtest.engine.gregor.mutators.NonVoidMethodCallMutator,removeElement,4816,NO_COVERAGE,none
ArrayUtils.java,org.apache.commons.lang3.ArrayUtils,org.pitest.mutationtest.engine.gregor.mutators.NonVoidMethodCallMutator,removeElement,4818,NO_COVERAGE,none
ArrayUtils.java,org.apache.commons.lang3.ArrayUtils,org.pitest.mutationtest.engine.gregor.mutators.NullReturnValsMutator,removeElement,4816,NO_COVERAGE,none
ArrayUtils.java,org.apache.commons.lang3.ArrayUtils,org.pitest.mutationtest.engine.gregor.mutators.NullReturnValsMutator,removeElement,4818,NO_COVERAGE,none
ArrayUtils.java,org.apache.commons.lang3.ArrayUtils,org.pitest.mutationtest.engine.gregor.mutators.RemoveConditionalMutator_EQUAL_ELSE,removeElement,4815,NO_COVERAGE,none
ArrayUtils.java,org.apache.commons.lang3.ArrayUtils,org.pitest.mutationtest.engine.gregor.mutators.RemoveConditionalMutator_EQUAL_IF,removeElement,4815,NO_COVERAGE,none
ArrayUtils.java,org.apache.commons.lang3.ArrayUtils,org.pitest.mutationtest.engine.gregor.mutators.ReturnValsMutator,removeElement,4816,NO_COVERAGE,none
ArrayUtils.java,org.apache.commons.lang3.ArrayUtils,org.pitest.mutationtest.engine.gregor.mutators.ReturnValsMutator,removeElement,4818,NO_COVERAGE,none
ArrayUtils.java,org.apache.commons.lang3.ArrayUtils,org.pitest.mutationtest.engine.gregor.mutators.ArgumentPropagationMutator,removeElement,4361,NO_COVERAGE,none
ArrayUtils.java,org.apache.commons.lang3.ArrayUtils,org.pitest.mutationtest.engine.gregor.mutators.ArgumentPropagationMutator,removeElement,4363,NO_COVERAGE,none
ArrayUtils.java,org.apache.commons.lang3.ArrayUtils,org.pitest.mutationtest.engine.gregor.mutators.InlineConstantMutator,removeElement,4360,NO_COVERAGE,none
ArrayUtils.java,org.apache.commons.lang3.ArrayUtils,org.pitest.mutationtest.engine.gregor.mutators.NegateConditionalsMutator,removeElement,4360,NO_COVERAGE,none
ArrayUtils.java,org.apache.commons.lang3.ArrayUtils,org.pitest.mutationtest.engine.gregor.mutators.NonVoidMethodCallMutator,removeElement,4359,NO_COVERAGE,none
ArrayUtils.java,org.apache.commons.lang3.ArrayUtils,org.pitest.mutationtest.engine.gregor.mutators.NonVoidMethodCallMutator,removeElement,4361,NO_COVERAGE,none
ArrayUtils.java,org.apache.commons.lang3.ArrayUtils,org.pitest.mutationtest.engine.gregor.mutators.NonVoidMethodCallMutator,removeElement,4363,NO_COVERAGE,none
ArrayUtils.java,org.apache.commons.lang3.ArrayUtils,org.pitest.mutationtest.engine.gregor.mutators.NullReturnValsMutator,removeElement,4361,NO_COVERAGE,none
ArrayUtils.java,org.apache.commons.lang3.ArrayUtils,org.pitest.mutationtest.engine.gregor.mutators.NullReturnValsMutator,removeElement,4363,NO_COVERAGE,none
ArrayUtils.java,org.apache.commons.lang3.ArrayUtils,org.pitest.mutationtest.engine.gregor.mutators.RemoveConditionalMutator_EQUAL_ELSE,removeElement,4360,NO_COVERAGE,none
ArrayUtils.java,org.apache.commons.lang3.ArrayUtils,org.pitest.mutationtest.engine.gregor.mutators.RemoveConditionalMutator_EQUAL_IF,removeElement,4360,NO_COVERAGE,none
ArrayUtils.java,org.apache.commons.lang3.ArrayUtils,org.pitest.mutationtest.engine.gregor.mutators.ReturnValsMutator,removeElement,4361,NO_COVERAGE,none
ArrayUtils.java,org.apache.commons.lang3.ArrayUtils,org.pitest.mutationtest.engine.gregor.mutators.ReturnValsMutator,removeElement,4363,NO_COVERAGE,none
ArrayUtils.java,org.apache.commons.lang3.ArrayUtils,org.pitest.mutationtest.engine.gregor.mutators.ArgumentPropagationMutator,removeElement,4881,NO_COVERAGE,none
ArrayUtils.java,org.apache.commons.lang3.ArrayUtils,org.pitest.mutationtest.engine.gregor.mutators.ArgumentPropagationMutator,removeElement,4883,NO_COVERAGE,none
ArrayUtils.java,org.apache.commons.lang3.ArrayUtils,org.pitest.mutationtest.engine.gregor.mutators.InlineConstantMutator,removeElement,4880,NO_COVERAGE,none
ArrayUtils.java,org.apache.commons.lang3.ArrayUtils,org.pitest.mutationtest.engine.gregor.mutators.NegateConditionalsMutator,removeElement,4880,NO_COVERAGE,none
ArrayUtils.java,org.apache.commons.lang3.ArrayUtils,org.pitest.mutationtest.engine.gregor.mutators.NonVoidMethodCallMutator,removeElement,4879,NO_COVERAGE,none
ArrayUtils.java,org.apache.commons.lang3.ArrayUtils,org.pitest.mutationtest.engine.gregor.mutators.NonVoidMethodCallMutator,removeElement,4881,NO_COVERAGE,none
ArrayUtils.java,org.apache.commons.lang3.ArrayUtils,org.pitest.mutationtest.engine.gregor.mutators.NonVoidMethodCallMutator,removeElement,4883,NO_COVERAGE,none
ArrayUtils.java,org.apache.commons.lang3.ArrayUtils,org.pitest.mutationtest.engine.gregor.mutators.NullReturnValsMutator,removeElement,4881,NO_COVERAGE,none
ArrayUtils.java,org.apache.commons.lang3.ArrayUtils,org.pitest.mutationtest.engine.gregor.mutators.NullReturnValsMutator,removeElement,4883,NO_COVERAGE,none
ArrayUtils.java,org.apache.commons.lang3.ArrayUtils,org.pitest.mutationtest.engine.gregor.mutators.RemoveConditionalMutator_EQUAL_ELSE,removeElement,4880,NO_COVERAGE,none
ArrayUtils.java,org.apache.commons.lang3.ArrayUtils,org.pitest.mutationtest.engine.gregor.mutators.RemoveConditionalMutator_EQUAL_IF,removeElement,4880,NO_COVERAGE,none
ArrayUtils.java,org.apache.commons.lang3.ArrayUtils,org.pitest.mutationtest.engine.gregor.mutators.ReturnValsMutator,removeElement,4881,NO_COVERAGE,none
ArrayUtils.java,org.apache.commons.lang3.ArrayUtils,org.pitest.mutationtest.engine.gregor.mutators.ReturnValsMutator,removeElement,4883,NO_COVERAGE,none
ArrayUtils.java,org.apache.commons.lang3.ArrayUtils,org.pitest.mutationtest.engine.gregor.mutators.ArgumentPropagationMutator,removeElement,4426,NO_COVERAGE,none
ArrayUtils.java,org.apache.commons.lang3.ArrayUtils,org.pitest.mutationtest.engine.gregor.mutators.ArgumentPropagationMutator,removeElement,4428,NO_COVERAGE,none
ArrayUtils.java,org.apache.commons.lang3.ArrayUtils,org.pitest.mutationtest.engine.gregor.mutators.InlineConstantMutator,removeElement,4425,NO_COVERAGE,none
ArrayUtils.java,org.apache.commons.lang3.ArrayUtils,org.pitest.mutationtest.engine.gregor.mutators.NegateConditionalsMutator,removeElement,4425,NO_COVERAGE,none
ArrayUtils.java,org.apache.commons.lang3.ArrayUtils,org.pitest.mutationtest.engine.gregor.mutators.NonVoidMethodCallMutator,removeElement,4424,NO_COVERAGE,none
ArrayUtils.java,org.apache.commons.lang3.ArrayUtils,org.pitest.mutationtest.engine.gregor.mutators.NonVoidMethodCallMutator,removeElement,4426,NO_COVERAGE,none
ArrayUtils.java,org.apache.commons.lang3.ArrayUtils,org.pitest.mutationtest.engine.gregor.mutators.NonVoidMethodCallMutator,removeElement,4428,NO_COVERAGE,none
ArrayUtils.java,org.apache.commons.lang3.ArrayUtils,org.pitest.mutationtest.engine.gregor.mutators.NullReturnValsMutator,removeElement,4426,NO_COVERAGE,none
ArrayUtils.java,org.apache.commons.lang3.ArrayUtils,org.pitest.mutationtest.engine.gregor.mutators.NullReturnValsMutator,removeElement,4428,NO_COVERAGE,none
ArrayUtils.java,org.apache.commons.lang3.ArrayUtils,org.pitest.mutationtest.engine.gregor.mutators.RemoveConditionalMutator_EQUAL_ELSE,removeElement,4425,NO_COVERAGE,none
ArrayUtils.java,org.apache.commons.lang3.ArrayUtils,org.pitest.mutationtest.engine.gregor.mutators.RemoveConditionalMutator_EQUAL_IF,removeElement,4425,NO_COVERAGE,none
ArrayUtils.java,org.apache.commons.lang3.ArrayUtils,org.pitest.mutationtest.engine.gregor.mutators.ReturnValsMutator,removeElement,4426,NO_COVERAGE,none
ArrayUtils.java,org.apache.commons.lang3.ArrayUtils,org.pitest.mutationtest.engine.gregor.mutators.ReturnValsMutator,removeElement,4428,NO_COVERAGE,none
ArrayUtils.java,org.apache.commons.lang3.ArrayUtils,org.pitest.mutationtest.engine.gregor.mutators.ConditionalsBoundaryMutator,reverse,1515,NO_COVERAGE,none
ArrayUtils.java,org.apache.commons.lang3.ArrayUtils,org.pitest.mutationtest.engine.gregor.mutators.IncrementsMutator,reverse,1519,NO_COVERAGE,none
ArrayUtils.java,org.apache.commons.lang3.ArrayUtils,org.pitest.mutationtest.engine.gregor.mutators.IncrementsMutator,reverse,1520,NO_COVERAGE,none
ArrayUtils.java,org.apache.commons.lang3.ArrayUtils,org.pitest.mutationtest.engine.gregor.mutators.InlineConstantMutator,reverse,1512,NO_COVERAGE,none
ArrayUtils.java,org.apache.commons.lang3.ArrayUtils,org.pitest.mutationtest.engine.gregor.mutators.InlineConstantMutator,reverse,1513,NO_COVERAGE,none
ArrayUtils.java,org.apache.commons.lang3.ArrayUtils,org.pitest.mutationtest.engine.gregor.mutators.MathMutator,reverse,1513,NO_COVERAGE,none
ArrayUtils.java,org.apache.commons.lang3.ArrayUtils,org.pitest.mutationtest.engine.gregor.mutators.NegateConditionalsMutator,reverse,1509,NO_COVERAGE,none
ArrayUtils.java,org.apache.commons.lang3.ArrayUtils,org.pitest.mutationtest.engine.gregor.mutators.NegateConditionalsMutator,reverse,1515,NO_COVERAGE,none
ArrayUtils.java,org.apache.commons.lang3.ArrayUtils,org.pitest.mutationtest.engine.gregor.mutators.RemoveConditionalMutator_EQUAL_ELSE,reverse,1509,NO_COVERAGE,none
ArrayUtils.java,org.apache.commons.lang3.ArrayUtils,org.pitest.mutationtest.engine.gregor.mutators.RemoveConditionalMutator_EQUAL_IF,reverse,1509,NO_COVERAGE,none
ArrayUtils.java,org.apache.commons.lang3.ArrayUtils,org.pitest.mutationtest.engine.gregor.mutators.RemoveConditionalMutator_ORDER_ELSE,reverse,1515,NO_COVERAGE,none
ArrayUtils.java,org.apache.commons.lang3.ArrayUtils,org.pitest.mutationtest.engine.gregor.mutators.RemoveConditionalMutator_ORDER_IF,reverse,1515,NO_COVERAGE,none
ArrayUtils.java,org.apache.commons.lang3.ArrayUtils,org.pitest.mutationtest.engine.gregor.mutators.experimental.RemoveIncrementsMutator,reverse,1519,NO_COVERAGE,none
ArrayUtils.java,org.apache.commons.lang3.ArrayUtils,org.pitest.mutationtest.engine.gregor.mutators.experimental.RemoveIncrementsMutator,reverse,1520,NO_COVERAGE,none
ArrayUtils.java,org.apache.commons.lang3.ArrayUtils,org.pitest.mutationtest.engine.gregor.mutators.ConditionalsBoundaryMutator,reverse,1492,NO_COVERAGE,none
ArrayUtils.java,org.apache.commons.lang3.ArrayUtils,org.pitest.mutationtest.engine.gregor.mutators.IncrementsMutator,reverse,1496,NO_COVERAGE,none
ArrayUtils.java,org.apache.commons.lang3.ArrayUtils,org.pitest.mutationtest.engine.gregor.mutators.IncrementsMutator,reverse,1497,NO_COVERAGE,none
ArrayUtils.java,org.apache.commons.lang3.ArrayUtils,org.pitest.mutationtest.engine.gregor.mutators.InlineConstantMutator,reverse,1489,NO_COVERAGE,none
ArrayUtils.java,org.apache.commons.lang3.ArrayUtils,org.pitest.mutationtest.engine.gregor.mutators.InlineConstantMutator,reverse,1490,NO_COVERAGE,none
ArrayUtils.java,org.apache.commons.lang3.ArrayUtils,org.pitest.mutationtest.engine.gregor.mutators.MathMutator,reverse,1490,NO_COVERAGE,none
ArrayUtils.java,org.apache.commons.lang3.ArrayUtils,org.pitest.mutationtest.engine.gregor.mutators.NegateConditionalsMutator,reverse,1486,NO_COVERAGE,none
ArrayUtils.java,org.apache.commons.lang3.ArrayUtils,org.pitest.mutationtest.engine.gregor.mutators.NegateConditionalsMutator,reverse,1492,NO_COVERAGE,none
ArrayUtils.java,org.apache.commons.lang3.ArrayUtils,org.pitest.mutationtest.engine.gregor.mutators.RemoveConditionalMutator_EQUAL_ELSE,reverse,1486,NO_COVERAGE,none
ArrayUtils.java,org.apache.commons.lang3.ArrayUtils,org.pitest.mutationtest.engine.gregor.mutators.RemoveConditionalMutator_EQUAL_IF,reverse,1486,NO_COVERAGE,none
ArrayUtils.java,org.apache.commons.lang3.ArrayUtils,org.pitest.mutationtest.engine.gregor.mutators.RemoveConditionalMutator_ORDER_ELSE,reverse,1492,NO_COVERAGE,none
ArrayUtils.java,org.apache.commons.lang3.ArrayUtils,org.pitest.mutationtest.engine.gregor.mutators.RemoveConditionalMutator_ORDER_IF,reverse,1492,NO_COVERAGE,none
ArrayUtils.java,org.apache.commons.lang3.ArrayUtils,org.pitest.mutationtest.engine.gregor.mutators.experimental.RemoveIncrementsMutator,reverse,1496,NO_COVERAGE,none
ArrayUtils.java,org.apache.commons.lang3.ArrayUtils,org.pitest.mutationtest.engine.gregor.mutators.experimental.RemoveIncrementsMutator,reverse,1497,NO_COVERAGE,none
ArrayUtils.java,org.apache.commons.lang3.ArrayUtils,org.pitest.mutationtest.engine.gregor.mutators.ConditionalsBoundaryMutator,reverse,1538,NO_COVERAGE,none
ArrayUtils.java,org.apache.commons.lang3.ArrayUtils,org.pitest.mutationtest.engine.gregor.mutators.IncrementsMutator,reverse,1542,NO_COVERAGE,none
ArrayUtils.java,org.apache.commons.lang3.ArrayUtils,org.pitest.mutationtest.engine.gregor.mutators.IncrementsMutator,reverse,1543,NO_COVERAGE,none
ArrayUtils.java,org.apache.commons.lang3.ArrayUtils,org.pitest.mutationtest.engine.gregor.mutators.InlineConstantMutator,reverse,1535,NO_COVERAGE,none
ArrayUtils.java,org.apache.commons.lang3.ArrayUtils,org.pitest.mutationtest.engine.gregor.mutators.InlineConstantMutator,reverse,1536,NO_COVERAGE,none
ArrayUtils.java,org.apache.commons.lang3.ArrayUtils,org.pitest.mutationtest.engine.gregor.mutators.MathMutator,reverse,1536,NO_COVERAGE,none
ArrayUtils.java,org.apache.commons.lang3.ArrayUtils,org.pitest.mutationtest.engine.gregor.mutators.NegateConditionalsMutator,reverse,1532,NO_COVERAGE,none
ArrayUtils.java,org.apache.commons.lang3.ArrayUtils,org.pitest.mutationtest.engine.gregor.mutators.NegateConditionalsMutator,reverse,1538,NO_COVERAGE,none
ArrayUtils.java,org.apache.commons.lang3.ArrayUtils,org.pitest.mutationtest.engine.gregor.mutators.RemoveConditionalMutator_EQUAL_ELSE,reverse,1532,NO_COVERAGE,none
ArrayUtils.java,org.apache.commons.lang3.ArrayUtils,org.pitest.mutationtest.engine.gregor.mutators.RemoveConditionalMutator_EQUAL_IF,reverse,1532,NO_COVERAGE,none
ArrayUtils.java,org.apache.commons.lang3.ArrayUtils,org.pitest.mutationtest.engine.gregor.mutators.RemoveConditionalMutator_ORDER_ELSE,reverse,1538,NO_COVERAGE,none
ArrayUtils.java,org.apache.commons.lang3.ArrayUtils,org.pitest.mutationtest.engine.gregor.mutators.RemoveConditionalMutator_ORDER_IF,reverse,1538,NO_COVERAGE,none
ArrayUtils.java,org.apache.commons.lang3.ArrayUtils,org.pitest.mutationtest.engine.gregor.mutators.experimental.RemoveIncrementsMutator,reverse,1542,NO_COVERAGE,none
ArrayUtils.java,org.apache.commons.lang3.ArrayUtils,org.pitest.mutationtest.engine.gregor.mutators.experimental.RemoveIncrementsMutator,reverse,1543,NO_COVERAGE,none
ArrayUtils.java,org.apache.commons.lang3.ArrayUtils,org.pitest.mutationtest.engine.gregor.mutators.ConditionalsBoundaryMutator,reverse,1561,NO_COVERAGE,none
ArrayUtils.java,org.apache.commons.lang3.ArrayUtils,org.pitest.mutationtest.engine.gregor.mutators.IncrementsMutator,reverse,1565,NO_COVERAGE,none
ArrayUtils.java,org.apache.commons.lang3.ArrayUtils,org.pitest.mutationtest.engine.gregor.mutators.IncrementsMutator,reverse,1566,NO_COVERAGE,none
ArrayUtils.java,org.apache.commons.lang3.ArrayUtils,org.pitest.mutationtest.engine.gregor.mutators.InlineConstantMutator,reverse,1558,NO_COVERAGE,none
ArrayUtils.java,org.apache.commons.lang3.ArrayUtils,org.pitest.mutationtest.engine.gregor.mutators.InlineConstantMutator,reverse,1559,NO_COVERAGE,none
ArrayUtils.java,org.apache.commons.lang3.ArrayUtils,org.pitest.mutationtest.engine.gregor.mutators.MathMutator,reverse,1559,NO_COVERAGE,none
ArrayUtils.java,org.apache.commons.lang3.ArrayUtils,org.pitest.mutationtest.engine.gregor.mutators.NegateConditionalsMutator,reverse,1555,NO_COVERAGE,none
ArrayUtils.java,org.apache.commons.lang3.ArrayUtils,org.pitest.mutationtest.engine.gregor.mutators.NegateConditionalsMutator,reverse,1561,NO_COVERAGE,none
ArrayUtils.java,org.apache.commons.lang3.ArrayUtils,org.pitest.mutationtest.engine.gregor.mutators.RemoveConditionalMutator_EQUAL_ELSE,reverse,1555,NO_COVERAGE,none
ArrayUtils.java,org.apache.commons.lang3.ArrayUtils,org.pitest.mutationtest.engine.gregor.mutators.RemoveConditionalMutator_EQUAL_IF,reverse,1555,NO_COVERAGE,none
ArrayUtils.java,org.apache.commons.lang3.ArrayUtils,org.pitest.mutationtest.engine.gregor.mutators.RemoveConditionalMutator_ORDER_ELSE,reverse,1561,NO_COVERAGE,none
ArrayUtils.java,org.apache.commons.lang3.ArrayUtils,org.pitest.mutationtest.engine.gregor.mutators.RemoveConditionalMutator_ORDER_IF,reverse,1561,NO_COVERAGE,none
ArrayUtils.java,org.apache.commons.lang3.ArrayUtils,org.pitest.mutationtest.engine.gregor.mutators.experimental.RemoveIncrementsMutator,reverse,1565,NO_COVERAGE,none
ArrayUtils.java,org.apache.commons.lang3.ArrayUtils,org.pitest.mutationtest.engine.gregor.mutators.experimental.RemoveIncrementsMutator,reverse,1566,NO_COVERAGE,none
ArrayUtils.java,org.apache.commons.lang3.ArrayUtils,org.pitest.mutationtest.engine.gregor.mutators.ConditionalsBoundaryMutator,reverse,1446,NO_COVERAGE,none
ArrayUtils.java,org.apache.commons.lang3.ArrayUtils,org.pitest.mutationtest.engine.gregor.mutators.IncrementsMutator,reverse,1450,NO_COVERAGE,none
ArrayUtils.java,org.apache.commons.lang3.ArrayUtils,org.pitest.mutationtest.engine.gregor.mutators.IncrementsMutator,reverse,1451,NO_COVERAGE,none
ArrayUtils.java,org.apache.commons.lang3.ArrayUtils,org.pitest.mutationtest.engine.gregor.mutators.InlineConstantMutator,reverse,1443,NO_COVERAGE,none
ArrayUtils.java,org.apache.commons.lang3.ArrayUtils,org.pitest.mutationtest.engine.gregor.mutators.InlineConstantMutator,reverse,1444,NO_COVERAGE,none
ArrayUtils.java,org.apache.commons.lang3.ArrayUtils,org.pitest.mutationtest.engine.gregor.mutators.MathMutator,reverse,1444,NO_COVERAGE,none
ArrayUtils.java,org.apache.commons.lang3.ArrayUtils,org.pitest.mutationtest.engine.gregor.mutators.NegateConditionalsMutator,reverse,1440,NO_COVERAGE,none
ArrayUtils.java,org.apache.commons.lang3.ArrayUtils,org.pitest.mutationtest.engine.gregor.mutators.NegateConditionalsMutator,reverse,1446,NO_COVERAGE,none
ArrayUtils.java,org.apache.commons.lang3.ArrayUtils,org.pitest.mutationtest.engine.gregor.mutators.RemoveConditionalMutator_EQUAL_ELSE,reverse,1440,NO_COVERAGE,none
ArrayUtils.java,org.apache.commons.lang3.ArrayUtils,org.pitest.mutationtest.engine.gregor.mutators.RemoveConditionalMutator_EQUAL_IF,reverse,1440,NO_COVERAGE,none
ArrayUtils.java,org.apache.commons.lang3.ArrayUtils,org.pitest.mutationtest.engine.gregor.mutators.RemoveConditionalMutator_ORDER_ELSE,reverse,1446,NO_COVERAGE,none
ArrayUtils.java,org.apache.commons.lang3.ArrayUtils,org.pitest.mutationtest.engine.gregor.mutators.RemoveConditionalMutator_ORDER_IF,reverse,1446,NO_COVERAGE,none
ArrayUtils.java,org.apache.commons.lang3.ArrayUtils,org.pitest.mutationtest.engine.gregor.mutators.experimental.RemoveIncrementsMutator,reverse,1450,NO_COVERAGE,none
ArrayUtils.java,org.apache.commons.lang3.ArrayUtils,org.pitest.mutationtest.engine.gregor.mutators.experimental.RemoveIncrementsMutator,reverse,1451,NO_COVERAGE,none
ArrayUtils.java,org.apache.commons.lang3.ArrayUtils,org.pitest.mutationtest.engine.gregor.mutators.ConditionalsBoundaryMutator,reverse,1423,NO_COVERAGE,none
ArrayUtils.java,org.apache.commons.lang3.ArrayUtils,org.pitest.mutationtest.engine.gregor.mutators.IncrementsMutator,reverse,1427,NO_COVERAGE,none
ArrayUtils.java,org.apache.commons.lang3.ArrayUtils,org.pitest.mutationtest.engine.gregor.mutators.IncrementsMutator,reverse,1428,NO_COVERAGE,none
ArrayUtils.java,org.apache.commons.lang3.ArrayUtils,org.pitest.mutationtest.engine.gregor.mutators.InlineConstantMutator,reverse,1420,NO_COVERAGE,none
ArrayUtils.java,org.apache.commons.lang3.ArrayUtils,org.pitest.mutationtest.engine.gregor.mutators.InlineConstantMutator,reverse,1421,NO_COVERAGE,none
ArrayUtils.java,org.apache.commons.lang3.ArrayUtils,org.pitest.mutationtest.engine.gregor.mutators.MathMutator,reverse,1421,NO_COVERAGE,none
ArrayUtils.java,org.apache.commons.lang3.ArrayUtils,org.pitest.mutationtest.engine.gregor.mutators.NegateConditionalsMutator,reverse,1417,NO_COVERAGE,none
ArrayUtils.java,org.apache.commons.lang3.ArrayUtils,org.pitest.mutationtest.engine.gregor.mutators.NegateConditionalsMutator,reverse,1423,NO_COVERAGE,none
ArrayUtils.java,org.apache.commons.lang3.ArrayUtils,org.pitest.mutationtest.engine.gregor.mutators.RemoveConditionalMutator_EQUAL_ELSE,reverse,1417,NO_COVERAGE,none
ArrayUtils.java,org.apache.commons.lang3.ArrayUtils,org.pitest.mutationtest.engine.gregor.mutators.RemoveConditionalMutator_EQUAL_IF,reverse,1417,NO_COVERAGE,none
ArrayUtils.java,org.apache.commons.lang3.ArrayUtils,org.pitest.mutationtest.engine.gregor.mutators.RemoveConditionalMutator_ORDER_ELSE,reverse,1423,NO_COVERAGE,none
ArrayUtils.java,org.apache.commons.lang3.ArrayUtils,org.pitest.mutationtest.engine.gregor.mutators.RemoveConditionalMutator_ORDER_IF,reverse,1423,NO_COVERAGE,none
ArrayUtils.java,org.apache.commons.lang3.ArrayUtils,org.pitest.mutationtest.engine.gregor.mutators.experimental.RemoveIncrementsMutator,reverse,1427,NO_COVERAGE,none
ArrayUtils.java,org.apache.commons.lang3.ArrayUtils,org.pitest.mutationtest.engine.gregor.mutators.experimental.RemoveIncrementsMutator,reverse,1428,NO_COVERAGE,none
ArrayUtils.java,org.apache.commons.lang3.ArrayUtils,org.pitest.mutationtest.engine.gregor.mutators.ConditionalsBoundaryMutator,reverse,1400,NO_COVERAGE,none
ArrayUtils.java,org.apache.commons.lang3.ArrayUtils,org.pitest.mutationtest.engine.gregor.mutators.IncrementsMutator,reverse,1404,NO_COVERAGE,none
ArrayUtils.java,org.apache.commons.lang3.ArrayUtils,org.pitest.mutationtest.engine.gregor.mutators.IncrementsMutator,reverse,1405,NO_COVERAGE,none
ArrayUtils.java,org.apache.commons.lang3.ArrayUtils,org.pitest.mutationtest.engine.gregor.mutators.InlineConstantMutator,reverse,1397,NO_COVERAGE,none
ArrayUtils.java,org.apache.commons.lang3.ArrayUtils,org.pitest.mutationtest.engine.gregor.mutators.InlineConstantMutator,reverse,1398,NO_COVERAGE,none
ArrayUtils.java,org.apache.commons.lang3.ArrayUtils,org.pitest.mutationtest.engine.gregor.mutators.MathMutator,reverse,1398,NO_COVERAGE,none
ArrayUtils.java,org.apache.commons.lang3.ArrayUtils,org.pitest.mutationtest.engine.gregor.mutators.NegateConditionalsMutator,reverse,1394,NO_COVERAGE,none
ArrayUtils.java,org.apache.commons.lang3.ArrayUtils,org.pitest.mutationtest.engine.gregor.mutators.NegateConditionalsMutator,reverse,1400,NO_COVERAGE,none
ArrayUtils.java,org.apache.commons.lang3.ArrayUtils,org.pitest.mutationtest.engine.gregor.mutators.RemoveConditionalMutator_EQUAL_ELSE,reverse,1394,NO_COVERAGE,none
ArrayUtils.java,org.apache.commons.lang3.ArrayUtils,org.pitest.mutationtest.engine.gregor.mutators.RemoveConditionalMutator_EQUAL_IF,reverse,1394,NO_COVERAGE,none
ArrayUtils.java,org.apache.commons.lang3.ArrayUtils,org.pitest.mutationtest.engine.gregor.mutators.RemoveConditionalMutator_ORDER_ELSE,reverse,1400,NO_COVERAGE,none
ArrayUtils.java,org.apache.commons.lang3.ArrayUtils,org.pitest.mutationtest.engine.gregor.mutators.RemoveConditionalMutator_ORDER_IF,reverse,1400,NO_COVERAGE,none
ArrayUtils.java,org.apache.commons.lang3.ArrayUtils,org.pitest.mutationtest.engine.gregor.mutators.experimental.RemoveIncrementsMutator,reverse,1404,NO_COVERAGE,none
ArrayUtils.java,org.apache.commons.lang3.ArrayUtils,org.pitest.mutationtest.engine.gregor.mutators.experimental.RemoveIncrementsMutator,reverse,1405,NO_COVERAGE,none
ArrayUtils.java,org.apache.commons.lang3.ArrayUtils,org.pitest.mutationtest.engine.gregor.mutators.ConditionalsBoundaryMutator,reverse,1469,NO_COVERAGE,none
ArrayUtils.java,org.apache.commons.lang3.ArrayUtils,org.pitest.mutationtest.engine.gregor.mutators.IncrementsMutator,reverse,1473,NO_COVERAGE,none
ArrayUtils.java,org.apache.commons.lang3.ArrayUtils,org.pitest.mutationtest.engine.gregor.mutators.IncrementsMutator,reverse,1474,NO_COVERAGE,none
ArrayUtils.java,org.apache.commons.lang3.ArrayUtils,org.pitest.mutationtest.engine.gregor.mutators.InlineConstantMutator,reverse,1466,NO_COVERAGE,none
ArrayUtils.java,org.apache.commons.lang3.ArrayUtils,org.pitest.mutationtest.engine.gregor.mutators.InlineConstantMutator,reverse,1467,NO_COVERAGE,none
ArrayUtils.java,org.apache.commons.lang3.ArrayUtils,org.pitest.mutationtest.engine.gregor.mutators.MathMutator,reverse,1467,NO_COVERAGE,none
ArrayUtils.java,org.apache.commons.lang3.ArrayUtils,org.pitest.mutationtest.engine.gregor.mutators.NegateConditionalsMutator,reverse,1463,NO_COVERAGE,none
ArrayUtils.java,org.apache.commons.lang3.ArrayUtils,org.pitest.mutationtest.engine.gregor.mutators.NegateConditionalsMutator,reverse,1469,NO_COVERAGE,none
ArrayUtils.java,org.apache.commons.lang3.ArrayUtils,org.pitest.mutationtest.engine.gregor.mutators.RemoveConditionalMutator_EQUAL_ELSE,reverse,1463,NO_COVERAGE,none
ArrayUtils.java,org.apache.commons.lang3.ArrayUtils,org.pitest.mutationtest.engine.gregor.mutators.RemoveConditionalMutator_EQUAL_IF,reverse,1463,NO_COVERAGE,none
ArrayUtils.java,org.apache.commons.lang3.ArrayUtils,org.pitest.mutationtest.engine.gregor.mutators.RemoveConditionalMutator_ORDER_ELSE,reverse,1469,NO_COVERAGE,none
ArrayUtils.java,org.apache.commons.lang3.ArrayUtils,org.pitest.mutationtest.engine.gregor.mutators.RemoveConditionalMutator_ORDER_IF,reverse,1469,NO_COVERAGE,none
ArrayUtils.java,org.apache.commons.lang3.ArrayUtils,org.pitest.mutationtest.engine.gregor.mutators.experimental.RemoveIncrementsMutator,reverse,1473,NO_COVERAGE,none
ArrayUtils.java,org.apache.commons.lang3.ArrayUtils,org.pitest.mutationtest.engine.gregor.mutators.experimental.RemoveIncrementsMutator,reverse,1474,NO_COVERAGE,none
ArrayUtils.java,org.apache.commons.lang3.ArrayUtils,org.pitest.mutationtest.engine.gregor.mutators.ConditionalsBoundaryMutator,reverse,1584,NO_COVERAGE,none
ArrayUtils.java,org.apache.commons.lang3.ArrayUtils,org.pitest.mutationtest.engine.gregor.mutators.IncrementsMutator,reverse,1588,NO_COVERAGE,none
ArrayUtils.java,org.apache.commons.lang3.ArrayUtils,org.pitest.mutationtest.engine.gregor.mutators.IncrementsMutator,reverse,1589,NO_COVERAGE,none
ArrayUtils.java,org.apache.commons.lang3.ArrayUtils,org.pitest.mutationtest.engine.gregor.mutators.InlineConstantMutator,reverse,1581,NO_COVERAGE,none
ArrayUtils.java,org.apache.commons.lang3.ArrayUtils,org.pitest.mutationtest.engine.gregor.mutators.InlineConstantMutator,reverse,1582,NO_COVERAGE,none
ArrayUtils.java,org.apache.commons.lang3.ArrayUtils,org.pitest.mutationtest.engine.gregor.mutators.MathMutator,reverse,1582,NO_COVERAGE,none
ArrayUtils.java,org.apache.commons.lang3.ArrayUtils,org.pitest.mutationtest.engine.gregor.mutators.NegateConditionalsMutator,reverse,1578,NO_COVERAGE,none
ArrayUtils.java,org.apache.commons.lang3.ArrayUtils,org.pitest.mutationtest.engine.gregor.mutators.NegateConditionalsMutator,reverse,1584,NO_COVERAGE,none
ArrayUtils.java,org.apache.commons.lang3.ArrayUtils,org.pitest.mutationtest.engine.gregor.mutators.RemoveConditionalMutator_EQUAL_ELSE,reverse,1578,NO_COVERAGE,none
ArrayUtils.java,org.apache.commons.lang3.ArrayUtils,org.pitest.mutationtest.engine.gregor.mutators.RemoveConditionalMutator_EQUAL_IF,reverse,1578,NO_COVERAGE,none
ArrayUtils.java,org.apache.commons.lang3.ArrayUtils,org.pitest.mutationtest.engine.gregor.mutators.RemoveConditionalMutator_ORDER_ELSE,reverse,1584,NO_COVERAGE,none
ArrayUtils.java,org.apache.commons.lang3.ArrayUtils,org.pitest.mutationtest.engine.gregor.mutators.RemoveConditionalMutator_ORDER_IF,reverse,1584,NO_COVERAGE,none
ArrayUtils.java,org.apache.commons.lang3.ArrayUtils,org.pitest.mutationtest.engine.gregor.mutators.experimental.RemoveIncrementsMutator,reverse,1588,NO_COVERAGE,none
ArrayUtils.java,org.apache.commons.lang3.ArrayUtils,org.pitest.mutationtest.engine.gregor.mutators.experimental.RemoveIncrementsMutator,reverse,1589,NO_COVERAGE,none
ArrayUtils.java,org.apache.commons.lang3.ArrayUtils,org.pitest.mutationtest.engine.gregor.mutators.ConditionalsBoundaryMutator,subarray,1039,NO_COVERAGE,none
ArrayUtils.java,org.apache.commons.lang3.ArrayUtils,org.pitest.mutationtest.engine.gregor.mutators.ConditionalsBoundaryMutator,subarray,1042,NO_COVERAGE,none
ArrayUtils.java,org.apache.commons.lang3.ArrayUtils,org.pitest.mutationtest.engine.gregor.mutators.ConditionalsBoundaryMutator,subarray,1046,NO_COVERAGE,none
ArrayUtils.java,org.apache.commons.lang3.ArrayUtils,org.pitest.mutationtest.engine.gregor.mutators.InlineConstantMutator,subarray,1040,NO_COVERAGE,none
ArrayUtils.java,org.apache.commons.lang3.ArrayUtils,org.pitest.mutationtest.engine.gregor.mutators.InlineConstantMutator,subarray,1051,NO_COVERAGE,none
ArrayUtils.java,org.apache.commons.lang3.ArrayUtils,org.pitest.mutationtest.engine.gregor.mutators.MathMutator,subarray,1045,NO_COVERAGE,none
ArrayUtils.java,org.apache.commons.lang3.ArrayUtils,org.pitest.mutationtest.engine.gregor.mutators.NegateConditionalsMutator,subarray,1036,NO_COVERAGE,none
ArrayUtils.java,org.apache.commons.lang3.ArrayUtils,org.pitest.mutationtest.engine.gregor.mutators.NegateConditionalsMutator,subarray,1039,NO_COVERAGE,none
ArrayUtils.java,org.apache.commons.lang3.ArrayUtils,org.pitest.mutationtest.engine.gregor.mutators.NegateConditionalsMutator,subarray,1042,NO_COVERAGE,none
ArrayUtils.java,org.apache.commons.lang3.ArrayUtils,org.pitest.mutationtest.engine.gregor.mutators.NegateConditionalsMutator,subarray,1046,NO_COVERAGE,none
ArrayUtils.java,org.apache.commons.lang3.ArrayUtils,org.pitest.mutationtest.engine.gregor.mutators.NullReturnValsMutator,subarray,1047,NO_COVERAGE,none
ArrayUtils.java,org.apache.commons.lang3.ArrayUtils,org.pitest.mutationtest.engine.gregor.mutators.NullReturnValsMutator,subarray,1052,NO_COVERAGE,none
ArrayUtils.java,org.apache.commons.lang3.ArrayUtils,org.pitest.mutationtest.engine.gregor.mutators.RemoveConditionalMutator_EQUAL_ELSE,subarray,1036,NO_COVERAGE,none
ArrayUtils.java,org.apache.commons.lang3.ArrayUtils,org.pitest.mutationtest.engine.gregor.mutators.RemoveConditionalMutator_EQUAL_IF,subarray,1036,NO_COVERAGE,none
ArrayUtils.java,org.apache.commons.lang3.ArrayUtils,org.pitest.mutationtest.engine.gregor.mutators.RemoveConditionalMutator_ORDER_ELSE,subarray,1039,NO_COVERAGE,none
ArrayUtils.java,org.apache.commons.lang3.ArrayUtils,org.pitest.mutationtest.engine.gregor.mutators.RemoveConditionalMutator_ORDER_ELSE,subarray,1042,NO_COVERAGE,none
ArrayUtils.java,org.apache.commons.lang3.ArrayUtils,org.pitest.mutationtest.engine.gregor.mutators.RemoveConditionalMutator_ORDER_ELSE,subarray,1046,NO_COVERAGE,none
ArrayUtils.java,org.apache.commons.lang3.ArrayUtils,org.pitest.mutationtest.engine.gregor.mutators.RemoveConditionalMutator_ORDER_IF,subarray,1039,NO_COVERAGE,none
ArrayUtils.java,org.apache.commons.lang3.ArrayUtils,org.pitest.mutationtest.engine.gregor.mutators.RemoveConditionalMutator_ORDER_IF,subarray,1042,NO_COVERAGE,none
ArrayUtils.java,org.apache.commons.lang3.ArrayUtils,org.pitest.mutationtest.engine.gregor.mutators.RemoveConditionalMutator_ORDER_IF,subarray,1046,NO_COVERAGE,none
ArrayUtils.java,org.apache.commons.lang3.ArrayUtils,org.pitest.mutationtest.engine.gregor.mutators.ReturnValsMutator,subarray,1037,NO_COVERAGE,none
ArrayUtils.java,org.apache.commons.lang3.ArrayUtils,org.pitest.mutationtest.engine.gregor.mutators.ReturnValsMutator,subarray,1047,NO_COVERAGE,none
ArrayUtils.java,org.apache.commons.lang3.ArrayUtils,org.pitest.mutationtest.engine.gregor.mutators.ReturnValsMutator,subarray,1052,NO_COVERAGE,none
ArrayUtils.java,org.apache.commons.lang3.ArrayUtils,org.pitest.mutationtest.engine.gregor.mutators.VoidMethodCallMutator,subarray,1051,NO_COVERAGE,none
ArrayUtils.java,org.apache.commons.lang3.ArrayUtils,org.pitest.mutationtest.engine.gregor.mutators.ConditionalsBoundaryMutator,subarray,1000,NO_COVERAGE,none
ArrayUtils.java,org.apache.commons.lang3.ArrayUtils,org.pitest.mutationtest.engine.gregor.mutators.ConditionalsBoundaryMutator,subarray,1003,NO_COVERAGE,none
ArrayUtils.java,org.apache.commons.lang3.ArrayUtils,org.pitest.mutationtest.engine.gregor.mutators.ConditionalsBoundaryMutator,subarray,1007,NO_COVERAGE,none
ArrayUtils.java,org.apache.commons.lang3.ArrayUtils,org.pitest.mutationtest.engine.gregor.mutators.InlineConstantMutator,subarray,1001,NO_COVERAGE,none
ArrayUtils.java,org.apache.commons.lang3.ArrayUtils,org.pitest.mutationtest.engine.gregor.mutators.InlineConstantMutator,subarray,1012,NO_COVERAGE,none
ArrayUtils.java,org.apache.commons.lang3.ArrayUtils,org.pitest.mutationtest.engine.gregor.mutators.MathMutator,subarray,1006,NO_COVERAGE,none
ArrayUtils.java,org.apache.commons.lang3.ArrayUtils,org.pitest.mutationtest.engine.gregor.mutators.NegateConditionalsMutator,subarray,997,NO_COVERAGE,none
ArrayUtils.java,org.apache.commons.lang3.ArrayUtils,org.pitest.mutationtest.engine.gregor.mutators.NegateConditionalsMutator,subarray,1000,NO_COVERAGE,none
ArrayUtils.java,org.apache.commons.lang3.ArrayUtils,org.pitest.mutationtest.engine.gregor.mutators.NegateConditionalsMutator,subarray,1003,NO_COVERAGE,none
ArrayUtils.java,org.apache.commons.lang3.ArrayUtils,org.pitest.mutationtest.engine.gregor.mutators.NegateConditionalsMutator,subarray,1007,NO_COVERAGE,none
ArrayUtils.java,org.apache.commons.lang3.ArrayUtils,org.pitest.mutationtest.engine.gregor.mutators.NullReturnValsMutator,subarray,1008,NO_COVERAGE,none
ArrayUtils.java,org.apache.commons.lang3.ArrayUtils,org.pitest.mutationtest.engine.gregor.mutators.NullReturnValsMutator,subarray,1013,NO_COVERAGE,none
ArrayUtils.java,org.apache.commons.lang3.ArrayUtils,org.pitest.mutationtest.engine.gregor.mutators.RemoveConditionalMutator_EQUAL_ELSE,subarray,997,NO_COVERAGE,none
ArrayUtils.java,org.apache.commons.lang3.ArrayUtils,org.pitest.mutationtest.engine.gregor.mutators.RemoveConditionalMutator_EQUAL_IF,subarray,997,NO_COVERAGE,none
ArrayUtils.java,org.apache.commons.lang3.ArrayUtils,org.pitest.mutationtest.engine.gregor.mutators.RemoveConditionalMutator_ORDER_ELSE,subarray,1000,NO_COVERAGE,none
ArrayUtils.java,org.apache.commons.lang3.ArrayUtils,org.pitest.mutationtest.engine.gregor.mutators.RemoveConditionalMutator_ORDER_ELSE,subarray,1003,NO_COVERAGE,none
ArrayUtils.java,org.apache.commons.lang3.ArrayUtils,org.pitest.mutationtest.engine.gregor.mutators.RemoveConditionalMutator_ORDER_ELSE,subarray,1007,NO_COVERAGE,none
ArrayUtils.java,org.apache.commons.lang3.ArrayUtils,org.pitest.mutationtest.engine.gregor.mutators.RemoveConditionalMutator_ORDER_IF,subarray,1000,NO_COVERAGE,none
ArrayUtils.java,org.apache.commons.lang3.ArrayUtils,org.pitest.mutationtest.engine.gregor.mutators.RemoveConditionalMutator_ORDER_IF,subarray,1003,NO_COVERAGE,none
ArrayUtils.java,org.apache.commons.lang3.ArrayUtils,org.pitest.mutationtest.engine.gregor.mutators.RemoveConditionalMutator_ORDER_IF,subarray,1007,NO_COVERAGE,none
ArrayUtils.java,org.apache.commons.lang3.ArrayUtils,org.pitest.mutationtest.engine.gregor.mutators.ReturnValsMutator,subarray,998,NO_COVERAGE,none
ArrayUtils.java,org.apache.commons.lang3.ArrayUtils,org.pitest.mutationtest.engine.gregor.mutators.ReturnValsMutator,subarray,1008,NO_COVERAGE,none
ArrayUtils.java,org.apache.commons.lang3.ArrayUtils,org.pitest.mutationtest.engine.gregor.mutators.ReturnValsMutator,subarray,1013,NO_COVERAGE,none
ArrayUtils.java,org.apache.commons.lang3.ArrayUtils,org.pitest.mutationtest.engine.gregor.mutators.VoidMethodCallMutator,subarray,1012,NO_COVERAGE,none
ArrayUtils.java,org.apache.commons.lang3.ArrayUtils,org.pitest.mutationtest.engine.gregor.mutators.ConditionalsBoundaryMutator,subarray,1078,NO_COVERAGE,none
ArrayUtils.java,org.apache.commons.lang3.ArrayUtils,org.pitest.mutationtest.engine.gregor.mutators.ConditionalsBoundaryMutator,subarray,1081,NO_COVERAGE,none
ArrayUtils.java,org.apache.commons.lang3.ArrayUtils,org.pitest.mutationtest.engine.gregor.mutators.ConditionalsBoundaryMutator,subarray,1085,NO_COVERAGE,none
ArrayUtils.java,org.apache.commons.lang3.ArrayUtils,org.pitest.mutationtest.engine.gregor.mutators.InlineConstantMutator,subarray,1079,NO_COVERAGE,none
ArrayUtils.java,org.apache.commons.lang3.ArrayUtils,org.pitest.mutationtest.engine.gregor.mutators.InlineConstantMutator,subarray,1090,NO_COVERAGE,none
ArrayUtils.java,org.apache.commons.lang3.ArrayUtils,org.pitest.mutationtest.engine.gregor.mutators.MathMutator,subarray,1084,NO_COVERAGE,none
ArrayUtils.java,org.apache.commons.lang3.ArrayUtils,org.pitest.mutationtest.engine.gregor.mutators.NegateConditionalsMutator,subarray,1075,NO_COVERAGE,none
ArrayUtils.java,org.apache.commons.lang3.ArrayUtils,org.pitest.mutationtest.engine.gregor.mutators.NegateConditionalsMutator,subarray,1078,NO_COVERAGE,none
ArrayUtils.java,org.apache.commons.lang3.ArrayUtils,org.pitest.mutationtest.engine.gregor.mutators.NegateConditionalsMutator,subarray,1081,NO_COVERAGE,none
ArrayUtils.java,org.apache.commons.lang3.ArrayUtils,org.pitest.mutationtest.engine.gregor.mutators.NegateConditionalsMutator,subarray,1085,NO_COVERAGE,none
ArrayUtils.java,org.apache.commons.lang3.ArrayUtils,org.pitest.mutationtest.engine.gregor.mutators.NullReturnValsMutator,subarray,1086,NO_COVERAGE,none
ArrayUtils.java,org.apache.commons.lang3.ArrayUtils,org.pitest.mutationtest.engine.gregor.mutators.NullReturnValsMutator,subarray,1091,NO_COVERAGE,none
ArrayUtils.java,org.apache.commons.lang3.ArrayUtils,org.pitest.mutationtest.engine.gregor.mutators.RemoveConditionalMutator_EQUAL_ELSE,subarray,1075,NO_COVERAGE,none
ArrayUtils.java,org.apache.commons.lang3.ArrayUtils,org.pitest.mutationtest.engine.gregor.mutators.RemoveConditionalMutator_EQUAL_IF,subarray,1075,NO_COVERAGE,none
ArrayUtils.java,org.apache.commons.lang3.ArrayUtils,org.pitest.mutationtest.engine.gregor.mutators.RemoveConditionalMutator_ORDER_ELSE,subarray,1078,NO_COVERAGE,none
ArrayUtils.java,org.apache.commons.lang3.ArrayUtils,org.pitest.mutationtest.engine.gregor.mutators.RemoveConditionalMutator_ORDER_ELSE,subarray,1081,NO_COVERAGE,none
ArrayUtils.java,org.apache.commons.lang3.ArrayUtils,org.pitest.mutationtest.engine.gregor.mutators.RemoveConditionalMutator_ORDER_ELSE,subarray,1085,NO_COVERAGE,none
ArrayUtils.java,org.apache.commons.lang3.ArrayUtils,org.pitest.mutationtest.engine.gregor.mutators.RemoveConditionalMutator_ORDER_IF,subarray,1078,NO_COVERAGE,none
ArrayUtils.java,org.apache.commons.lang3.ArrayUtils,org.pitest.mutationtest.engine.gregor.mutators.RemoveConditionalMutator_ORDER_IF,subarray,1081,NO_COVERAGE,none
ArrayUtils.java,org.apache.commons.lang3.ArrayUtils,org.pitest.mutationtest.engine.gregor.mutators.RemoveConditionalMutator_ORDER_IF,subarray,1085,NO_COVERAGE,none
ArrayUtils.java,org.apache.commons.lang3.ArrayUtils,org.pitest.mutationtest.engine.gregor.mutators.ReturnValsMutator,subarray,1076,NO_COVERAGE,none
ArrayUtils.java,org.apache.commons.lang3.ArrayUtils,org.pitest.mutationtest.engine.gregor.mutators.ReturnValsMutator,subarray,1086,NO_COVERAGE,none
ArrayUtils.java,org.apache.commons.lang3.ArrayUtils,org.pitest.mutationtest.engine.gregor.mutators.ReturnValsMutator,subarray,1091,NO_COVERAGE,none
ArrayUtils.java,org.apache.commons.lang3.ArrayUtils,org.pitest.mutationtest.engine.gregor.mutators.VoidMethodCallMutator,subarray,1090,NO_COVERAGE,none
ArrayUtils.java,org.apache.commons.lang3.ArrayUtils,org.pitest.mutationtest.engine.gregor.mutators.ConditionalsBoundaryMutator,subarray,1117,NO_COVERAGE,none
ArrayUtils.java,org.apache.commons.lang3.ArrayUtils,org.pitest.mutationtest.engine.gregor.mutators.ConditionalsBoundaryMutator,subarray,1120,NO_COVERAGE,none
ArrayUtils.java,org.apache.commons.lang3.ArrayUtils,org.pitest.mutationtest.engine.gregor.mutators.ConditionalsBoundaryMutator,subarray,1124,NO_COVERAGE,none
ArrayUtils.java,org.apache.commons.lang3.ArrayUtils,org.pitest.mutationtest.engine.gregor.mutators.InlineConstantMutator,subarray,1118,NO_COVERAGE,none
ArrayUtils.java,org.apache.commons.lang3.ArrayUtils,org.pitest.mutationtest.engine.gregor.mutators.InlineConstantMutator,subarray,1129,NO_COVERAGE,none
ArrayUtils.java,org.apache.commons.lang3.ArrayUtils,org.pitest.mutationtest.engine.gregor.mutators.MathMutator,subarray,1123,NO_COVERAGE,none
ArrayUtils.java,org.apache.commons.lang3.ArrayUtils,org.pitest.mutationtest.engine.gregor.mutators.NegateConditionalsMutator,subarray,1114,NO_COVERAGE,none
ArrayUtils.java,org.apache.commons.lang3.ArrayUtils,org.pitest.mutationtest.engine.gregor.mutators.NegateConditionalsMutator,subarray,1117,NO_COVERAGE,none
ArrayUtils.java,org.apache.commons.lang3.ArrayUtils,org.pitest.mutationtest.engine.gregor.mutators.NegateConditionalsMutator,subarray,1120,NO_COVERAGE,none
ArrayUtils.java,org.apache.commons.lang3.ArrayUtils,org.pitest.mutationtest.engine.gregor.mutators.NegateConditionalsMutator,subarray,1124,NO_COVERAGE,none
ArrayUtils.java,org.apache.commons.lang3.ArrayUtils,org.pitest.mutationtest.engine.gregor.mutators.NullReturnValsMutator,subarray,1125,NO_COVERAGE,none
ArrayUtils.java,org.apache.commons.lang3.ArrayUtils,org.pitest.mutationtest.engine.gregor.mutators.NullReturnValsMutator,subarray,1130,NO_COVERAGE,none
ArrayUtils.java,org.apache.commons.lang3.ArrayUtils,org.pitest.mutationtest.engine.gregor.mutators.RemoveConditionalMutator_EQUAL_ELSE,subarray,1114,NO_COVERAGE,none
ArrayUtils.java,org.apache.commons.lang3.ArrayUtils,org.pitest.mutationtest.engine.gregor.mutators.RemoveConditionalMutator_EQUAL_IF,subarray,1114,NO_COVERAGE,none
ArrayUtils.java,org.apache.commons.lang3.ArrayUtils,org.pitest.mutationtest.engine.gregor.mutators.RemoveConditionalMutator_ORDER_ELSE,subarray,1117,NO_COVERAGE,none
ArrayUtils.java,org.apache.commons.lang3.ArrayUtils,org.pitest.mutationtest.engine.gregor.mutators.RemoveConditionalMutator_ORDER_ELSE,subarray,1120,NO_COVERAGE,none
ArrayUtils.java,org.apache.commons.lang3.ArrayUtils,org.pitest.mutationtest.engine.gregor.mutators.RemoveConditionalMutator_ORDER_ELSE,subarray,1124,NO_COVERAGE,none
ArrayUtils.java,org.apache.commons.lang3.ArrayUtils,org.pitest.mutationtest.engine.gregor.mutators.RemoveConditionalMutator_ORDER_IF,subarray,1117,NO_COVERAGE,none
ArrayUtils.java,org.apache.commons.lang3.ArrayUtils,org.pitest.mutationtest.engine.gregor.mutators.RemoveConditionalMutator_ORDER_IF,subarray,1120,NO_COVERAGE,none
ArrayUtils.java,org.apache.commons.lang3.ArrayUtils,org.pitest.mutationtest.engine.gregor.mutators.RemoveConditionalMutator_ORDER_IF,subarray,1124,NO_COVERAGE,none
ArrayUtils.java,org.apache.commons.lang3.ArrayUtils,org.pitest.mutationtest.engine.gregor.mutators.ReturnValsMutator,subarray,1115,NO_COVERAGE,none
ArrayUtils.java,org.apache.commons.lang3.ArrayUtils,org.pitest.mutationtest.engine.gregor.mutators.ReturnValsMutator,subarray,1125,NO_COVERAGE,none
ArrayUtils.java,org.apache.commons.lang3.ArrayUtils,org.pitest.mutationtest.engine.gregor.mutators.ReturnValsMutator,subarray,1130,NO_COVERAGE,none
ArrayUtils.java,org.apache.commons.lang3.ArrayUtils,org.pitest.mutationtest.engine.gregor.mutators.VoidMethodCallMutator,subarray,1129,NO_COVERAGE,none
ArrayUtils.java,org.apache.commons.lang3.ArrayUtils,org.pitest.mutationtest.engine.gregor.mutators.ConditionalsBoundaryMutator,subarray,922,NO_COVERAGE,none
ArrayUtils.java,org.apache.commons.lang3.ArrayUtils,org.pitest.mutationtest.engine.gregor.mutators.ConditionalsBoundaryMutator,subarray,925,NO_COVERAGE,none
ArrayUtils.java,org.apache.commons.lang3.ArrayUtils,org.pitest.mutationtest.engine.gregor.mutators.ConditionalsBoundaryMutator,subarray,929,NO_COVERAGE,none
ArrayUtils.java,org.apache.commons.lang3.ArrayUtils,org.pitest.mutationtest.engine.gregor.mutators.InlineConstantMutator,subarray,923,NO_COVERAGE,none
ArrayUtils.java,org.apache.commons.lang3.ArrayUtils,org.pitest.mutationtest.engine.gregor.mutators.InlineConstantMutator,subarray,934,NO_COVERAGE,none
ArrayUtils.java,org.apache.commons.lang3.ArrayUtils,org.pitest.mutationtest.engine.gregor.mutators.MathMutator,subarray,928,NO_COVERAGE,none
ArrayUtils.java,org.apache.commons.lang3.ArrayUtils,org.pitest.mutationtest.engine.gregor.mutators.NegateConditionalsMutator,subarray,919,NO_COVERAGE,none
ArrayUtils.java,org.apache.commons.lang3.ArrayUtils,org.pitest.mutationtest.engine.gregor.mutators.NegateConditionalsMutator,subarray,922,NO_COVERAGE,none
ArrayUtils.java,org.apache.commons.lang3.ArrayUtils,org.pitest.mutationtest.engine.gregor.mutators.NegateConditionalsMutator,subarray,925,NO_COVERAGE,none
ArrayUtils.java,org.apache.commons.lang3.ArrayUtils,org.pitest.mutationtest.engine.gregor.mutators.NegateConditionalsMutator,subarray,929,NO_COVERAGE,none
ArrayUtils.java,org.apache.commons.lang3.ArrayUtils,org.pitest.mutationtest.engine.gregor.mutators.NullReturnValsMutator,subarray,930,NO_COVERAGE,none
ArrayUtils.java,org.apache.commons.lang3.ArrayUtils,org.pitest.mutationtest.engine.gregor.mutators.NullReturnValsMutator,subarray,935,NO_COVERAGE,none
ArrayUtils.java,org.apache.commons.lang3.ArrayUtils,org.pitest.mutationtest.engine.gregor.mutators.RemoveConditionalMutator_EQUAL_ELSE,subarray,919,NO_COVERAGE,none
ArrayUtils.java,org.apache.commons.lang3.ArrayUtils,org.pitest.mutationtest.engine.gregor.mutators.RemoveConditionalMutator_EQUAL_IF,subarray,919,NO_COVERAGE,none
ArrayUtils.java,org.apache.commons.lang3.ArrayUtils,org.pitest.mutationtest.engine.gregor.mutators.RemoveConditionalMutator_ORDER_ELSE,subarray,922,NO_COVERAGE,none
ArrayUtils.java,org.apache.commons.lang3.ArrayUtils,org.pitest.mutationtest.engine.gregor.mutators.RemoveConditionalMutator_ORDER_ELSE,subarray,925,NO_COVERAGE,none
ArrayUtils.java,org.apache.commons.lang3.ArrayUtils,org.pitest.mutationtest.engine.gregor.mutators.RemoveConditionalMutator_ORDER_ELSE,subarray,929,NO_COVERAGE,none
ArrayUtils.java,org.apache.commons.lang3.ArrayUtils,org.pitest.mutationtest.engine.gregor.mutators.RemoveConditionalMutator_ORDER_IF,subarray,922,NO_COVERAGE,none
ArrayUtils.java,org.apache.commons.lang3.ArrayUtils,org.pitest.mutationtest.engine.gregor.mutators.RemoveConditionalMutator_ORDER_IF,subarray,925,NO_COVERAGE,none
ArrayUtils.java,org.apache.commons.lang3.ArrayUtils,org.pitest.mutationtest.engine.gregor.mutators.RemoveConditionalMutator_ORDER_IF,subarray,929,NO_COVERAGE,none
ArrayUtils.java,org.apache.commons.lang3.ArrayUtils,org.pitest.mutationtest.engine.gregor.mutators.ReturnValsMutator,subarray,920,NO_COVERAGE,none
ArrayUtils.java,org.apache.commons.lang3.ArrayUtils,org.pitest.mutationtest.engine.gregor.mutators.ReturnValsMutator,subarray,930,NO_COVERAGE,none
ArrayUtils.java,org.apache.commons.lang3.ArrayUtils,org.pitest.mutationtest.engine.gregor.mutators.ReturnValsMutator,subarray,935,NO_COVERAGE,none
ArrayUtils.java,org.apache.commons.lang3.ArrayUtils,org.pitest.mutationtest.engine.gregor.mutators.VoidMethodCallMutator,subarray,934,NO_COVERAGE,none
ArrayUtils.java,org.apache.commons.lang3.ArrayUtils,org.pitest.mutationtest.engine.gregor.mutators.ConditionalsBoundaryMutator,subarray,883,NO_COVERAGE,none
ArrayUtils.java,org.apache.commons.lang3.ArrayUtils,org.pitest.mutationtest.engine.gregor.mutators.ConditionalsBoundaryMutator,subarray,886,NO_COVERAGE,none
ArrayUtils.java,org.apache.commons.lang3.ArrayUtils,org.pitest.mutationtest.engine.gregor.mutators.ConditionalsBoundaryMutator,subarray,890,NO_COVERAGE,none
ArrayUtils.java,org.apache.commons.lang3.ArrayUtils,org.pitest.mutationtest.engine.gregor.mutators.InlineConstantMutator,subarray,884,NO_COVERAGE,none
ArrayUtils.java,org.apache.commons.lang3.ArrayUtils,org.pitest.mutationtest.engine.gregor.mutators.InlineConstantMutator,subarray,895,NO_COVERAGE,none
ArrayUtils.java,org.apache.commons.lang3.ArrayUtils,org.pitest.mutationtest.engine.gregor.mutators.MathMutator,subarray,889,NO_COVERAGE,none
ArrayUtils.java,org.apache.commons.lang3.ArrayUtils,org.pitest.mutationtest.engine.gregor.mutators.NegateConditionalsMutator,subarray,880,NO_COVERAGE,none
ArrayUtils.java,org.apache.commons.lang3.ArrayUtils,org.pitest.mutationtest.engine.gregor.mutators.NegateConditionalsMutator,subarray,883,NO_COVERAGE,none
ArrayUtils.java,org.apache.commons.lang3.ArrayUtils,org.pitest.mutationtest.engine.gregor.mutators.NegateConditionalsMutator,subarray,886,NO_COVERAGE,none
ArrayUtils.java,org.apache.commons.lang3.ArrayUtils,org.pitest.mutationtest.engine.gregor.mutators.NegateConditionalsMutator,subarray,890,NO_COVERAGE,none
ArrayUtils.java,org.apache.commons.lang3.ArrayUtils,org.pitest.mutationtest.engine.gregor.mutators.NullReturnValsMutator,subarray,891,NO_COVERAGE,none
ArrayUtils.java,org.apache.commons.lang3.ArrayUtils,org.pitest.mutationtest.engine.gregor.mutators.NullReturnValsMutator,subarray,896,NO_COVERAGE,none
ArrayUtils.java,org.apache.commons.lang3.ArrayUtils,org.pitest.mutationtest.engine.gregor.mutators.RemoveConditionalMutator_EQUAL_ELSE,subarray,880,NO_COVERAGE,none
ArrayUtils.java,org.apache.commons.lang3.ArrayUtils,org.pitest.mutationtest.engine.gregor.mutators.RemoveConditionalMutator_EQUAL_IF,subarray,880,NO_COVERAGE,none
ArrayUtils.java,org.apache.commons.lang3.ArrayUtils,org.pitest.mutationtest.engine.gregor.mutators.RemoveConditionalMutator_ORDER_ELSE,subarray,883,NO_COVERAGE,none
ArrayUtils.java,org.apache.commons.lang3.ArrayUtils,org.pitest.mutationtest.engine.gregor.mutators.RemoveConditionalMutator_ORDER_ELSE,subarray,886,NO_COVERAGE,none
ArrayUtils.java,org.apache.commons.lang3.ArrayUtils,org.pitest.mutationtest.engine.gregor.mutators.RemoveConditionalMutator_ORDER_ELSE,subarray,890,NO_COVERAGE,none
ArrayUtils.java,org.apache.commons.lang3.ArrayUtils,org.pitest.mutationtest.engine.gregor.mutators.RemoveConditionalMutator_ORDER_IF,subarray,883,NO_COVERAGE,none
ArrayUtils.java,org.apache.commons.lang3.ArrayUtils,org.pitest.mutationtest.engine.gregor.mutators.RemoveConditionalMutator_ORDER_IF,subarray,886,NO_COVERAGE,none
ArrayUtils.java,org.apache.commons.lang3.ArrayUtils,org.pitest.mutationtest.engine.gregor.mutators.RemoveConditionalMutator_ORDER_IF,subarray,890,NO_COVERAGE,none
ArrayUtils.java,org.apache.commons.lang3.ArrayUtils,org.pitest.mutationtest.engine.gregor.mutators.ReturnValsMutator,subarray,881,NO_COVERAGE,none
ArrayUtils.java,org.apache.commons.lang3.ArrayUtils,org.pitest.mutationtest.engine.gregor.mutators.ReturnValsMutator,subarray,891,NO_COVERAGE,none
ArrayUtils.java,org.apache.commons.lang3.ArrayUtils,org.pitest.mutationtest.engine.gregor.mutators.ReturnValsMutator,subarray,896,NO_COVERAGE,none
ArrayUtils.java,org.apache.commons.lang3.ArrayUtils,org.pitest.mutationtest.engine.gregor.mutators.VoidMethodCallMutator,subarray,895,NO_COVERAGE,none
ArrayUtils.java,org.apache.commons.lang3.ArrayUtils,org.pitest.mutationtest.engine.gregor.mutators.ConditionalsBoundaryMutator,subarray,841,NO_COVERAGE,none
ArrayUtils.java,org.apache.commons.lang3.ArrayUtils,org.pitest.mutationtest.engine.gregor.mutators.ConditionalsBoundaryMutator,subarray,844,NO_COVERAGE,none
ArrayUtils.java,org.apache.commons.lang3.ArrayUtils,org.pitest.mutationtest.engine.gregor.mutators.ConditionalsBoundaryMutator,subarray,849,NO_COVERAGE,none
ArrayUtils.java,org.apache.commons.lang3.ArrayUtils,org.pitest.mutationtest.engine.gregor.mutators.InlineConstantMutator,subarray,842,NO_COVERAGE,none
ArrayUtils.java,org.apache.commons.lang3.ArrayUtils,org.pitest.mutationtest.engine.gregor.mutators.InlineConstantMutator,subarray,851,NO_COVERAGE,none
ArrayUtils.java,org.apache.commons.lang3.ArrayUtils,org.pitest.mutationtest.engine.gregor.mutators.InlineConstantMutator,subarray,856,NO_COVERAGE,none
ArrayUtils.java,org.apache.commons.lang3.ArrayUtils,org.pitest.mutationtest.engine.gregor.mutators.MathMutator,subarray,847,NO_COVERAGE,none
ArrayUtils.java,org.apache.commons.lang3.ArrayUtils,org.pitest.mutationtest.engine.gregor.mutators.NegateConditionalsMutator,subarray,838,NO_COVERAGE,none
ArrayUtils.java,org.apache.commons.lang3.ArrayUtils,org.pitest.mutationtest.engine.gregor.mutators.NegateConditionalsMutator,subarray,841,NO_COVERAGE,none
ArrayUtils.java,org.apache.commons.lang3.ArrayUtils,org.pitest.mutationtest.engine.gregor.mutators.NegateConditionalsMutator,subarray,844,NO_COVERAGE,none
ArrayUtils.java,org.apache.commons.lang3.ArrayUtils,org.pitest.mutationtest.engine.gregor.mutators.NegateConditionalsMutator,subarray,849,NO_COVERAGE,none
ArrayUtils.java,org.apache.commons.lang3.ArrayUtils,org.pitest.mutationtest.engine.gregor.mutators.NonVoidMethodCallMutator,subarray,848,NO_COVERAGE,none
ArrayUtils.java,org.apache.commons.lang3.ArrayUtils,org.pitest.mutationtest.engine.gregor.mutators.NonVoidMethodCallMutator,subarray,848,NO_COVERAGE,none
ArrayUtils.java,org.apache.commons.lang3.ArrayUtils,org.pitest.mutationtest.engine.gregor.mutators.NonVoidMethodCallMutator,subarray,851,NO_COVERAGE,none
ArrayUtils.java,org.apache.commons.lang3.ArrayUtils,org.pitest.mutationtest.engine.gregor.mutators.NonVoidMethodCallMutator,subarray,855,NO_COVERAGE,none
ArrayUtils.java,org.apache.commons.lang3.ArrayUtils,org.pitest.mutationtest.engine.gregor.mutators.NullReturnValsMutator,subarray,852,NO_COVERAGE,none
ArrayUtils.java,org.apache.commons.lang3.ArrayUtils,org.pitest.mutationtest.engine.gregor.mutators.NullReturnValsMutator,subarray,857,NO_COVERAGE,none
ArrayUtils.java,org.apache.commons.lang3.ArrayUtils,org.pitest.mutationtest.engine.gregor.mutators.RemoveConditionalMutator_EQUAL_ELSE,subarray,838,NO_COVERAGE,none
ArrayUtils.java,org.apache.commons.lang3.ArrayUtils,org.pitest.mutationtest.engine.gregor.mutators.RemoveConditionalMutator_EQUAL_IF,subarray,838,NO_COVERAGE,none
ArrayUtils.java,org.apache.commons.lang3.ArrayUtils,org.pitest.mutationtest.engine.gregor.mutators.RemoveConditionalMutator_ORDER_ELSE,subarray,841,NO_COVERAGE,none
ArrayUtils.java,org.apache.commons.lang3.ArrayUtils,org.pitest.mutationtest.engine.gregor.mutators.RemoveConditionalMutator_ORDER_ELSE,subarray,844,NO_COVERAGE,none
ArrayUtils.java,org.apache.commons.lang3.ArrayUtils,org.pitest.mutationtest.engine.gregor.mutators.RemoveConditionalMutator_ORDER_ELSE,subarray,849,NO_COVERAGE,none
ArrayUtils.java,org.apache.commons.lang3.ArrayUtils,org.pitest.mutationtest.engine.gregor.mutators.RemoveConditionalMutator_ORDER_IF,subarray,841,NO_COVERAGE,none
ArrayUtils.java,org.apache.commons.lang3.ArrayUtils,org.pitest.mutationtest.engine.gregor.mutators.RemoveConditionalMutator_ORDER_IF,subarray,844,NO_COVERAGE,none
ArrayUtils.java,org.apache.commons.lang3.ArrayUtils,org.pitest.mutationtest.engine.gregor.mutators.RemoveConditionalMutator_ORDER_IF,subarray,849,NO_COVERAGE,none
ArrayUtils.java,org.apache.commons.lang3.ArrayUtils,org.pitest.mutationtest.engine.gregor.mutators.ReturnValsMutator,subarray,839,NO_COVERAGE,none
ArrayUtils.java,org.apache.commons.lang3.ArrayUtils,org.pitest.mutationtest.engine.gregor.mutators.ReturnValsMutator,subarray,852,NO_COVERAGE,none
ArrayUtils.java,org.apache.commons.lang3.ArrayUtils,org.pitest.mutationtest.engine.gregor.mutators.ReturnValsMutator,subarray,857,NO_COVERAGE,none
ArrayUtils.java,org.apache.commons.lang3.ArrayUtils,org.pitest.mutationtest.engine.gregor.mutators.VoidMethodCallMutator,subarray,856,NO_COVERAGE,none
ArrayUtils.java,org.apache.commons.lang3.ArrayUtils,org.pitest.mutationtest.engine.gregor.mutators.experimental.NakedReceiverMutator,subarray,848,NO_COVERAGE,none
ArrayUtils.java,org.apache.commons.lang3.ArrayUtils,org.pitest.mutationtest.engine.gregor.mutators.ConditionalsBoundaryMutator,subarray,961,NO_COVERAGE,none
ArrayUtils.java,org.apache.commons.lang3.ArrayUtils,org.pitest.mutationtest.engine.gregor.mutators.ConditionalsBoundaryMutator,subarray,964,NO_COVERAGE,none
ArrayUtils.java,org.apache.commons.lang3.ArrayUtils,org.pitest.mutationtest.engine.gregor.mutators.ConditionalsBoundaryMutator,subarray,968,NO_COVERAGE,none
ArrayUtils.java,org.apache.commons.lang3.ArrayUtils,org.pitest.mutationtest.engine.gregor.mutators.InlineConstantMutator,subarray,962,NO_COVERAGE,none
ArrayUtils.java,org.apache.commons.lang3.ArrayUtils,org.pitest.mutationtest.engine.gregor.mutators.InlineConstantMutator,subarray,973,NO_COVERAGE,none
ArrayUtils.java,org.apache.commons.lang3.ArrayUtils,org.pitest.mutationtest.engine.gregor.mutators.MathMutator,subarray,967,NO_COVERAGE,none
ArrayUtils.java,org.apache.commons.lang3.ArrayUtils,org.pitest.mutationtest.engine.gregor.mutators.NegateConditionalsMutator,subarray,958,NO_COVERAGE,none
ArrayUtils.java,org.apache.commons.lang3.ArrayUtils,org.pitest.mutationtest.engine.gregor.mutators.NegateConditionalsMutator,subarray,961,NO_COVERAGE,none
ArrayUtils.java,org.apache.commons.lang3.ArrayUtils,org.pitest.mutationtest.engine.gregor.mutators.NegateConditionalsMutator,subarray,964,NO_COVERAGE,none
ArrayUtils.java,org.apache.commons.lang3.ArrayUtils,org.pitest.mutationtest.engine.gregor.mutators.NegateConditionalsMutator,subarray,968,NO_COVERAGE,none
ArrayUtils.java,org.apache.commons.lang3.ArrayUtils,org.pitest.mutationtest.engine.gregor.mutators.NullReturnValsMutator,subarray,969,NO_COVERAGE,none
ArrayUtils.java,org.apache.commons.lang3.ArrayUtils,org.pitest.mutationtest.engine.gregor.mutators.NullReturnValsMutator,subarray,974,NO_COVERAGE,none
ArrayUtils.java,org.apache.commons.lang3.ArrayUtils,org.pitest.mutationtest.engine.gregor.mutators.RemoveConditionalMutator_EQUAL_ELSE,subarray,958,NO_COVERAGE,none
ArrayUtils.java,org.apache.commons.lang3.ArrayUtils,org.pitest.mutationtest.engine.gregor.mutators.RemoveConditionalMutator_EQUAL_IF,subarray,958,NO_COVERAGE,none
ArrayUtils.java,org.apache.commons.lang3.ArrayUtils,org.pitest.mutationtest.engine.gregor.mutators.RemoveConditionalMutator_ORDER_ELSE,subarray,961,NO_COVERAGE,none
ArrayUtils.java,org.apache.commons.lang3.ArrayUtils,org.pitest.mutationtest.engine.gregor.mutators.RemoveConditionalMutator_ORDER_ELSE,subarray,964,NO_COVERAGE,none
ArrayUtils.java,org.apache.commons.lang3.ArrayUtils,org.pitest.mutationtest.engine.gregor.mutators.RemoveConditionalMutator_ORDER_ELSE,subarray,968,NO_COVERAGE,none
ArrayUtils.java,org.apache.commons.lang3.ArrayUtils,org.pitest.mutationtest.engine.gregor.mutators.RemoveConditionalMutator_ORDER_IF,subarray,961,NO_COVERAGE,none
ArrayUtils.java,org.apache.commons.lang3.ArrayUtils,org.pitest.mutationtest.engine.gregor.mutators.RemoveConditionalMutator_ORDER_IF,subarray,964,NO_COVERAGE,none
ArrayUtils.java,org.apache.commons.lang3.ArrayUtils,org.pitest.mutationtest.engine.gregor.mutators.RemoveConditionalMutator_ORDER_IF,subarray,968,NO_COVERAGE,none
ArrayUtils.java,org.apache.commons.lang3.ArrayUtils,org.pitest.mutationtest.engine.gregor.mutators.ReturnValsMutator,subarray,959,NO_COVERAGE,none
ArrayUtils.java,org.apache.commons.lang3.ArrayUtils,org.pitest.mutationtest.engine.gregor.mutators.ReturnValsMutator,subarray,969,NO_COVERAGE,none
ArrayUtils.java,org.apache.commons.lang3.ArrayUtils,org.pitest.mutationtest.engine.gregor.mutators.ReturnValsMutator,subarray,974,NO_COVERAGE,none
ArrayUtils.java,org.apache.commons.lang3.ArrayUtils,org.pitest.mutationtest.engine.gregor.mutators.VoidMethodCallMutator,subarray,973,NO_COVERAGE,none
ArrayUtils.java,org.apache.commons.lang3.ArrayUtils,org.pitest.mutationtest.engine.gregor.mutators.ConditionalsBoundaryMutator,subarray,1156,NO_COVERAGE,none
ArrayUtils.java,org.apache.commons.lang3.ArrayUtils,org.pitest.mutationtest.engine.gregor.mutators.ConditionalsBoundaryMutator,subarray,1159,NO_COVERAGE,none
ArrayUtils.java,org.apache.commons.lang3.ArrayUtils,org.pitest.mutationtest.engine.gregor.mutators.ConditionalsBoundaryMutator,subarray,1163,NO_COVERAGE,none
ArrayUtils.java,org.apache.commons.lang3.ArrayUtils,org.pitest.mutationtest.engine.gregor.mutators.InlineConstantMutator,subarray,1157,NO_COVERAGE,none
ArrayUtils.java,org.apache.commons.lang3.ArrayUtils,org.pitest.mutationtest.engine.gregor.mutators.InlineConstantMutator,subarray,1168,NO_COVERAGE,none
ArrayUtils.java,org.apache.commons.lang3.ArrayUtils,org.pitest.mutationtest.engine.gregor.mutators.MathMutator,subarray,1162,NO_COVERAGE,none
ArrayUtils.java,org.apache.commons.lang3.ArrayUtils,org.pitest.mutationtest.engine.gregor.mutators.NegateConditionalsMutator,subarray,1153,NO_COVERAGE,none
ArrayUtils.java,org.apache.commons.lang3.ArrayUtils,org.pitest.mutationtest.engine.gregor.mutators.NegateConditionalsMutator,subarray,1156,NO_COVERAGE,none
ArrayUtils.java,org.apache.commons.lang3.ArrayUtils,org.pitest.mutationtest.engine.gregor.mutators.NegateConditionalsMutator,subarray,1159,NO_COVERAGE,none
ArrayUtils.java,org.apache.commons.lang3.ArrayUtils,org.pitest.mutationtest.engine.gregor.mutators.NegateConditionalsMutator,subarray,1163,NO_COVERAGE,none
ArrayUtils.java,org.apache.commons.lang3.ArrayUtils,org.pitest.mutationtest.engine.gregor.mutators.NullReturnValsMutator,subarray,1164,NO_COVERAGE,none
ArrayUtils.java,org.apache.commons.lang3.ArrayUtils,org.pitest.mutationtest.engine.gregor.mutators.NullReturnValsMutator,subarray,1169,NO_COVERAGE,none
ArrayUtils.java,org.apache.commons.lang3.ArrayUtils,org.pitest.mutationtest.engine.gregor.mutators.RemoveConditionalMutator_EQUAL_ELSE,subarray,1153,NO_COVERAGE,none
ArrayUtils.java,org.apache.commons.lang3.ArrayUtils,org.pitest.mutationtest.engine.gregor.mutators.RemoveConditionalMutator_EQUAL_IF,subarray,1153,NO_COVERAGE,none
ArrayUtils.java,org.apache.commons.lang3.ArrayUtils,org.pitest.mutationtest.engine.gregor.mutators.RemoveConditionalMutator_ORDER_ELSE,subarray,1156,NO_COVERAGE,none
ArrayUtils.java,org.apache.commons.lang3.ArrayUtils,org.pitest.mutationtest.engine.gregor.mutators.RemoveConditionalMutator_ORDER_ELSE,subarray,1159,NO_COVERAGE,none
ArrayUtils.java,org.apache.commons.lang3.ArrayUtils,org.pitest.mutationtest.engine.gregor.mutators.RemoveConditionalMutator_ORDER_ELSE,subarray,1163,NO_COVERAGE,none
ArrayUtils.java,org.apache.commons.lang3.ArrayUtils,org.pitest.mutationtest.engine.gregor.mutators.RemoveConditionalMutator_ORDER_IF,subarray,1156,NO_COVERAGE,none
ArrayUtils.java,org.apache.commons.lang3.ArrayUtils,org.pitest.mutationtest.engine.gregor.mutators.RemoveConditionalMutator_ORDER_IF,subarray,1159,NO_COVERAGE,none
ArrayUtils.java,org.apache.commons.lang3.ArrayUtils,org.pitest.mutationtest.engine.gregor.mutators.RemoveConditionalMutator_ORDER_IF,subarray,1163,NO_COVERAGE,none
ArrayUtils.java,org.apache.commons.lang3.ArrayUtils,org.pitest.mutationtest.engine.gregor.mutators.ReturnValsMutator,subarray,1154,NO_COVERAGE,none
ArrayUtils.java,org.apache.commons.lang3.ArrayUtils,org.pitest.mutationtest.engine.gregor.mutators.ReturnValsMutator,subarray,1164,NO_COVERAGE,none
ArrayUtils.java,org.apache.commons.lang3.ArrayUtils,org.pitest.mutationtest.engine.gregor.mutators.ReturnValsMutator,subarray,1169,NO_COVERAGE,none
ArrayUtils.java,org.apache.commons.lang3.ArrayUtils,org.pitest.mutationtest.engine.gregor.mutators.VoidMethodCallMutator,subarray,1168,NO_COVERAGE,none
ArrayUtils.java,org.apache.commons.lang3.ArrayUtils,org.pitest.mutationtest.engine.gregor.mutators.NullReturnValsMutator,toArray,294,NO_COVERAGE,none
ArrayUtils.java,org.apache.commons.lang3.ArrayUtils,org.pitest.mutationtest.engine.gregor.mutators.ReturnValsMutator,toArray,294,NO_COVERAGE,none
ArrayUtils.java,org.apache.commons.lang3.ArrayUtils,org.pitest.mutationtest.engine.gregor.mutators.ArgumentPropagationMutator,toMap,234,NO_COVERAGE,none
ArrayUtils.java,org.apache.commons.lang3.ArrayUtils,org.pitest.mutationtest.engine.gregor.mutators.ArgumentPropagationMutator,toMap,242,NO_COVERAGE,none
ArrayUtils.java,org.apache.commons.lang3.ArrayUtils,org.pitest.mutationtest.engine.gregor.mutators.ConditionalsBoundaryMutator,toMap,230,NO_COVERAGE,none
ArrayUtils.java,org.apache.commons.lang3.ArrayUtils,org.pitest.mutationtest.engine.gregor.mutators.ConditionalsBoundaryMutator,toMap,237,NO_COVERAGE,none
ArrayUtils.java,org.apache.commons.lang3.ArrayUtils,org.pitest.mutationtest.engine.gregor.mutators.ConstructorCallMutator,toMap,229,NO_COVERAGE,none
ArrayUtils.java,org.apache.commons.lang3.ArrayUtils,org.pitest.mutationtest.engine.gregor.mutators.ConstructorCallMutator,toMap,238,NO_COVERAGE,none
ArrayUtils.java,org.apache.commons.lang3.ArrayUtils,org.pitest.mutationtest.engine.gregor.mutators.ConstructorCallMutator,toMap,238,NO_COVERAGE,none
ArrayUtils.java,org.apache.commons.lang3.ArrayUtils,org.pitest.mutationtest.engine.gregor.mutators.ConstructorCallMutator,toMap,244,NO_COVERAGE,none
ArrayUtils.java,org.apache.commons.lang3.ArrayUtils,org.pitest.mutationtest.engine.gregor.mutators.ConstructorCallMutator,toMap,244,NO_COVERAGE,none
ArrayUtils.java,org.apache.commons.lang3.ArrayUtils,org.pitest.mutationtest.engine.gregor.mutators.InlineConstantMutator,toMap,229,NO_COVERAGE,none
ArrayUtils.java,org.apache.commons.lang3.ArrayUtils,org.pitest.mutationtest.engine.gregor.mutators.InlineConstantMutator,toMap,230,NO_COVERAGE,none
ArrayUtils.java,org.apache.commons.lang3.ArrayUtils,org.pitest.mutationtest.engine.gregor.mutators.InlineConstantMutator,toMap,237,NO_COVERAGE,none
ArrayUtils.java,org.apache.commons.lang3.ArrayUtils,org.pitest.mutationtest.engine.gregor.mutators.InlineConstantMutator,toMap,242,NO_COVERAGE,none
ArrayUtils.java,org.apache.commons.lang3.ArrayUtils,org.pitest.mutationtest.engine.gregor.mutators.InlineConstantMutator,toMap,242,NO_COVERAGE,none
ArrayUtils.java,org.apache.commons.lang3.ArrayUtils,org.pitest.mutationtest.engine.gregor.mutators.MathMutator,toMap,229,NO_COVERAGE,none
ArrayUtils.java,org.apache.commons.lang3.ArrayUtils,org.pitest.mutationtest.engine.gregor.mutators.NegateConditionalsMutator,toMap,226,NO_COVERAGE,none
ArrayUtils.java,org.apache.commons.lang3.ArrayUtils,org.pitest.mutationtest.engine.gregor.mutators.NegateConditionalsMutator,toMap,230,NO_COVERAGE,none
ArrayUtils.java,org.apache.commons.lang3.ArrayUtils,org.pitest.mutationtest.engine.gregor.mutators.NegateConditionalsMutator,toMap,232,NO_COVERAGE,none
ArrayUtils.java,org.apache.commons.lang3.ArrayUtils,org.pitest.mutationtest.engine.gregor.mutators.NegateConditionalsMutator,toMap,235,NO_COVERAGE,none
ArrayUtils.java,org.apache.commons.lang3.ArrayUtils,org.pitest.mutationtest.engine.gregor.mutators.NegateConditionalsMutator,toMap,237,NO_COVERAGE,none
ArrayUtils.java,org.apache.commons.lang3.ArrayUtils,org.pitest.mutationtest.engine.gregor.mutators.NonVoidMethodCallMutator,toMap,234,NO_COVERAGE,none
ArrayUtils.java,org.apache.commons.lang3.ArrayUtils,org.pitest.mutationtest.engine.gregor.mutators.NonVoidMethodCallMutator,toMap,234,NO_COVERAGE,none
ArrayUtils.java,org.apache.commons.lang3.ArrayUtils,org.pitest.mutationtest.engine.gregor.mutators.NonVoidMethodCallMutator,toMap,234,NO_COVERAGE,none
ArrayUtils.java,org.apache.commons.lang3.ArrayUtils,org.pitest.mutationtest.engine.gregor.mutators.NonVoidMethodCallMutator,toMap,238,NO_COVERAGE,none
ArrayUtils.java,org.apache.commons.lang3.ArrayUtils,org.pitest.mutationtest.engine.gregor.mutators.NonVoidMethodCallMutator,toMap,238,NO_COVERAGE,none
ArrayUtils.java,org.apache.commons.lang3.ArrayUtils,org.pitest.mutationtest.engine.gregor.mutators.NonVoidMethodCallMutator,toMap,238,NO_COVERAGE,none
ArrayUtils.java,org.apache.commons.lang3.ArrayUtils,org.pitest.mutationtest.engine.gregor.mutators.NonVoidMethodCallMutator,toMap,238,NO_COVERAGE,none
ArrayUtils.java,org.apache.commons.lang3.ArrayUtils,org.pitest.mutationtest.engine.gregor.mutators.NonVoidMethodCallMutator,toMap,238,NO_COVERAGE,none
ArrayUtils.java,org.apache.commons.lang3.ArrayUtils,org.pitest.mutationtest.engine.gregor.mutators.NonVoidMethodCallMutator,toMap,238,NO_COVERAGE,none
ArrayUtils.java,org.apache.commons.lang3.ArrayUtils,org.pitest.mutationtest.engine.gregor.mutators.NonVoidMethodCallMutator,toMap,242,NO_COVERAGE,none
ArrayUtils.java,org.apache.commons.lang3.ArrayUtils,org.pitest.mutationtest.engine.gregor.mutators.NonVoidMethodCallMutator,toMap,244,NO_COVERAGE,none
ArrayUtils.java,org.apache.commons.lang3.ArrayUtils,org.pitest.mutationtest.engine.gregor.mutators.NonVoidMethodCallMutator,toMap,244,NO_COVERAGE,none
ArrayUtils.java,org.apache.commons.lang3.ArrayUtils,org.pitest.mutationtest.engine.gregor.mutators.NonVoidMethodCallMutator,toMap,244,NO_COVERAGE,none
ArrayUtils.java,org.apache.commons.lang3.ArrayUtils,org.pitest.mutationtest.engine.gregor.mutators.NonVoidMethodCallMutator,toMap,244,NO_COVERAGE,none
ArrayUtils.java,org.apache.commons.lang3.ArrayUtils,org.pitest.mutationtest.engine.gregor.mutators.NonVoidMethodCallMutator,toMap,244,NO_COVERAGE,none
ArrayUtils.java,org.apache.commons.lang3.ArrayUtils,org.pitest.mutationtest.engine.gregor.mutators.NonVoidMethodCallMutator,toMap,244,NO_COVERAGE,none
ArrayUtils.java,org.apache.commons.lang3.ArrayUtils,org.pitest.mutationtest.engine.gregor.mutators.NullReturnValsMutator,toMap,249,NO_COVERAGE,none
ArrayUtils.java,org.apache.commons.lang3.ArrayUtils,org.pitest.mutationtest.engine.gregor.mutators.RemoveConditionalMutator_EQUAL_ELSE,toMap,226,NO_COVERAGE,none
ArrayUtils.java,org.apache.commons.lang3.ArrayUtils,org.pitest.mutationtest.engine.gregor.mutators.RemoveConditionalMutator_EQUAL_ELSE,toMap,232,NO_COVERAGE,none
ArrayUtils.java,org.apache.commons.lang3.ArrayUtils,org.pitest.mutationtest.engine.gregor.mutators.RemoveConditionalMutator_EQUAL_ELSE,toMap,235,NO_COVERAGE,none
ArrayUtils.java,org.apache.commons.lang3.ArrayUtils,org.pitest.mutationtest.engine.gregor.mutators.RemoveConditionalMutator_EQUAL_IF,toMap,226,NO_COVERAGE,none
ArrayUtils.java,org.apache.commons.lang3.ArrayUtils,org.pitest.mutationtest.engine.gregor.mutators.RemoveConditionalMutator_EQUAL_IF,toMap,232,NO_COVERAGE,none
ArrayUtils.java,org.apache.commons.lang3.ArrayUtils,org.pitest.mutationtest.engine.gregor.mutators.RemoveConditionalMutator_EQUAL_IF,toMap,235,NO_COVERAGE,none
ArrayUtils.java,org.apache.commons.lang3.ArrayUtils,org.pitest.mutationtest.engine.gregor.mutators.RemoveConditionalMutator_ORDER_ELSE,toMap,230,NO_COVERAGE,none
ArrayUtils.java,org.apache.commons.lang3.ArrayUtils,org.pitest.mutationtest.engine.gregor.mutators.RemoveConditionalMutator_ORDER_ELSE,toMap,237,NO_COVERAGE,none
ArrayUtils.java,org.apache.commons.lang3.ArrayUtils,org.pitest.mutationtest.engine.gregor.mutators.RemoveConditionalMutator_ORDER_IF,toMap,230,NO_COVERAGE,none
ArrayUtils.java,org.apache.commons.lang3.ArrayUtils,org.pitest.mutationtest.engine.gregor.mutators.RemoveConditionalMutator_ORDER_IF,toMap,237,NO_COVERAGE,none
ArrayUtils.java,org.apache.commons.lang3.ArrayUtils,org.pitest.mutationtest.engine.gregor.mutators.ReturnValsMutator,toMap,227,NO_COVERAGE,none
ArrayUtils.java,org.apache.commons.lang3.ArrayUtils,org.pitest.mutationtest.engine.gregor.mutators.ReturnValsMutator,toMap,249,NO_COVERAGE,none
ArrayUtils.java,org.apache.commons.lang3.ArrayUtils,org.pitest.mutationtest.engine.gregor.mutators.experimental.NakedReceiverMutator,toMap,238,NO_COVERAGE,none
ArrayUtils.java,org.apache.commons.lang3.ArrayUtils,org.pitest.mutationtest.engine.gregor.mutators.experimental.NakedReceiverMutator,toMap,238,NO_COVERAGE,none
ArrayUtils.java,org.apache.commons.lang3.ArrayUtils,org.pitest.mutationtest.engine.gregor.mutators.experimental.NakedReceiverMutator,toMap,238,NO_COVERAGE,none
ArrayUtils.java,org.apache.commons.lang3.ArrayUtils,org.pitest.mutationtest.engine.gregor.mutators.experimental.NakedReceiverMutator,toMap,238,NO_COVERAGE,none
ArrayUtils.java,org.apache.commons.lang3.ArrayUtils,org.pitest.mutationtest.engine.gregor.mutators.experimental.NakedReceiverMutator,toMap,238,NO_COVERAGE,none
ArrayUtils.java,org.apache.commons.lang3.ArrayUtils,org.pitest.mutationtest.engine.gregor.mutators.experimental.NakedReceiverMutator,toMap,244,NO_COVERAGE,none
ArrayUtils.java,org.apache.commons.lang3.ArrayUtils,org.pitest.mutationtest.engine.gregor.mutators.experimental.NakedReceiverMutator,toMap,244,NO_COVERAGE,none
ArrayUtils.java,org.apache.commons.lang3.ArrayUtils,org.pitest.mutationtest.engine.gregor.mutators.experimental.NakedReceiverMutator,toMap,244,NO_COVERAGE,none
ArrayUtils.java,org.apache.commons.lang3.ArrayUtils,org.pitest.mutationtest.engine.gregor.mutators.experimental.NakedReceiverMutator,toMap,244,NO_COVERAGE,none
ArrayUtils.java,org.apache.commons.lang3.ArrayUtils,org.pitest.mutationtest.engine.gregor.mutators.experimental.NakedReceiverMutator,toMap,244,NO_COVERAGE,none
ArrayUtils.java,org.apache.commons.lang3.ArrayUtils,org.pitest.mutationtest.engine.gregor.mutators.ConditionalsBoundaryMutator,toObject,3004,NO_COVERAGE,none
ArrayUtils.java,org.apache.commons.lang3.ArrayUtils,org.pitest.mutationtest.engine.gregor.mutators.InlineConstantMutator,toObject,3004,NO_COVERAGE,none
ArrayUtils.java,org.apache.commons.lang3.ArrayUtils,org.pitest.mutationtest.engine.gregor.mutators.NegateConditionalsMutator,toObject,2998,NO_COVERAGE,none
ArrayUtils.java,org.apache.commons.lang3.ArrayUtils,org.pitest.mutationtest.engine.gregor.mutators.NegateConditionalsMutator,toObject,3000,NO_COVERAGE,none
ArrayUtils.java,org.apache.commons.lang3.ArrayUtils,org.pitest.mutationtest.engine.gregor.mutators.NegateConditionalsMutator,toObject,3004,NO_COVERAGE,none
ArrayUtils.java,org.apache.commons.lang3.ArrayUtils,org.pitest.mutationtest.engine.gregor.mutators.NonVoidMethodCallMutator,toObject,3005,NO_COVERAGE,none
ArrayUtils.java,org.apache.commons.lang3.ArrayUtils,org.pitest.mutationtest.engine.gregor.mutators.NullReturnValsMutator,toObject,3001,NO_COVERAGE,none
ArrayUtils.java,org.apache.commons.lang3.ArrayUtils,org.pitest.mutationtest.engine.gregor.mutators.NullReturnValsMutator,toObject,3007,NO_COVERAGE,none
ArrayUtils.java,org.apache.commons.lang3.ArrayUtils,org.pitest.mutationtest.engine.gregor.mutators.RemoveConditionalMutator_EQUAL_ELSE,toObject,2998,NO_COVERAGE,none
ArrayUtils.java,org.apache.commons.lang3.ArrayUtils,org.pitest.mutationtest.engine.gregor.mutators.RemoveConditionalMutator_EQUAL_ELSE,toObject,3000,NO_COVERAGE,none
ArrayUtils.java,org.apache.commons.lang3.ArrayUtils,org.pitest.mutationtest.engine.gregor.mutators.RemoveConditionalMutator_EQUAL_IF,toObject,2998,NO_COVERAGE,none
ArrayUtils.java,org.apache.commons.lang3.ArrayUtils,org.pitest.mutationtest.engine.gregor.mutators.RemoveConditionalMutator_EQUAL_IF,toObject,3000,NO_COVERAGE,none
ArrayUtils.java,org.apache.commons.lang3.ArrayUtils,org.pitest.mutationtest.engine.gregor.mutators.RemoveConditionalMutator_ORDER_ELSE,toObject,3004,NO_COVERAGE,none
ArrayUtils.java,org.apache.commons.lang3.ArrayUtils,org.pitest.mutationtest.engine.gregor.mutators.RemoveConditionalMutator_ORDER_IF,toObject,3004,NO_COVERAGE,none
ArrayUtils.java,org.apache.commons.lang3.ArrayUtils,org.pitest.mutationtest.engine.gregor.mutators.ReturnValsMutator,toObject,2999,NO_COVERAGE,none
ArrayUtils.java,org.apache.commons.lang3.ArrayUtils,org.pitest.mutationtest.engine.gregor.mutators.ReturnValsMutator,toObject,3001,NO_COVERAGE,none
ArrayUtils.java,org.apache.commons.lang3.ArrayUtils,org.pitest.mutationtest.engine.gregor.mutators.ReturnValsMutator,toObject,3007,NO_COVERAGE,none
ArrayUtils.java,org.apache.commons.lang3.ArrayUtils,org.pitest.mutationtest.engine.gregor.mutators.ConditionalsBoundaryMutator,toObject,2732,NO_COVERAGE,none
ArrayUtils.java,org.apache.commons.lang3.ArrayUtils,org.pitest.mutationtest.engine.gregor.mutators.InlineConstantMutator,toObject,2732,NO_COVERAGE,none
ArrayUtils.java,org.apache.commons.lang3.ArrayUtils,org.pitest.mutationtest.engine.gregor.mutators.NegateConditionalsMutator,toObject,2726,NO_COVERAGE,none
ArrayUtils.java,org.apache.commons.lang3.ArrayUtils,org.pitest.mutationtest.engine.gregor.mutators.NegateConditionalsMutator,toObject,2728,NO_COVERAGE,none
ArrayUtils.java,org.apache.commons.lang3.ArrayUtils,org.pitest.mutationtest.engine.gregor.mutators.NegateConditionalsMutator,toObject,2732,NO_COVERAGE,none
ArrayUtils.java,org.apache.commons.lang3.ArrayUtils,org.pitest.mutationtest.engine.gregor.mutators.NonVoidMethodCallMutator,toObject,2733,NO_COVERAGE,none
ArrayUtils.java,org.apache.commons.lang3.ArrayUtils,org.pitest.mutationtest.engine.gregor.mutators.NullReturnValsMutator,toObject,2729,NO_COVERAGE,none
ArrayUtils.java,org.apache.commons.lang3.ArrayUtils,org.pitest.mutationtest.engine.gregor.mutators.NullReturnValsMutator,toObject,2735,NO_COVERAGE,none
ArrayUtils.java,org.apache.commons.lang3.ArrayUtils,org.pitest.mutationtest.engine.gregor.mutators.RemoveConditionalMutator_EQUAL_ELSE,toObject,2726,NO_COVERAGE,none
ArrayUtils.java,org.apache.commons.lang3.ArrayUtils,org.pitest.mutationtest.engine.gregor.mutators.RemoveConditionalMutator_EQUAL_ELSE,toObject,2728,NO_COVERAGE,none
ArrayUtils.java,org.apache.commons.lang3.ArrayUtils,org.pitest.mutationtest.engine.gregor.mutators.RemoveConditionalMutator_EQUAL_IF,toObject,2726,NO_COVERAGE,none
ArrayUtils.java,org.apache.commons.lang3.ArrayUtils,org.pitest.mutationtest.engine.gregor.mutators.RemoveConditionalMutator_EQUAL_IF,toObject,2728,NO_COVERAGE,none
ArrayUtils.java,org.apache.commons.lang3.ArrayUtils,org.pitest.mutationtest.engine.gregor.mutators.RemoveConditionalMutator_ORDER_ELSE,toObject,2732,NO_COVERAGE,none
ArrayUtils.java,org.apache.commons.lang3.ArrayUtils,org.pitest.mutationtest.engine.gregor.mutators.RemoveConditionalMutator_ORDER_IF,toObject,2732,NO_COVERAGE,none
ArrayUtils.java,org.apache.commons.lang3.ArrayUtils,org.pitest.mutationtest.engine.gregor.mutators.ReturnValsMutator,toObject,2727,NO_COVERAGE,none
ArrayUtils.java,org.apache.commons.lang3.ArrayUtils,org.pitest.mutationtest.engine.gregor.mutators.ReturnValsMutator,toObject,2729,NO_COVERAGE,none
ArrayUtils.java,org.apache.commons.lang3.ArrayUtils,org.pitest.mutationtest.engine.gregor.mutators.ReturnValsMutator,toObject,2735,NO_COVERAGE,none
ArrayUtils.java,org.apache.commons.lang3.ArrayUtils,org.pitest.mutationtest.engine.gregor.mutators.ConditionalsBoundaryMutator,toObject,3072,NO_COVERAGE,none
ArrayUtils.java,org.apache.commons.lang3.ArrayUtils,org.pitest.mutationtest.engine.gregor.mutators.InlineConstantMutator,toObject,3072,NO_COVERAGE,none
ArrayUtils.java,org.apache.commons.lang3.ArrayUtils,org.pitest.mutationtest.engine.gregor.mutators.NegateConditionalsMutator,toObject,3066,NO_COVERAGE,none
ArrayUtils.java,org.apache.commons.lang3.ArrayUtils,org.pitest.mutationtest.engine.gregor.mutators.NegateConditionalsMutator,toObject,3068,NO_COVERAGE,none
ArrayUtils.java,org.apache.commons.lang3.ArrayUtils,org.pitest.mutationtest.engine.gregor.mutators.NegateConditionalsMutator,toObject,3072,NO_COVERAGE,none
ArrayUtils.java,org.apache.commons.lang3.ArrayUtils,org.pitest.mutationtest.engine.gregor.mutators.NonVoidMethodCallMutator,toObject,3073,NO_COVERAGE,none
ArrayUtils.java,org.apache.commons.lang3.ArrayUtils,org.pitest.mutationtest.engine.gregor.mutators.NullReturnValsMutator,toObject,3069,NO_COVERAGE,none
ArrayUtils.java,org.apache.commons.lang3.ArrayUtils,org.pitest.mutationtest.engine.gregor.mutators.NullReturnValsMutator,toObject,3075,NO_COVERAGE,none
ArrayUtils.java,org.apache.commons.lang3.ArrayUtils,org.pitest.mutationtest.engine.gregor.mutators.RemoveConditionalMutator_EQUAL_ELSE,toObject,3066,NO_COVERAGE,none
ArrayUtils.java,org.apache.commons.lang3.ArrayUtils,org.pitest.mutationtest.engine.gregor.mutators.RemoveConditionalMutator_EQUAL_ELSE,toObject,3068,NO_COVERAGE,none
ArrayUtils.java,org.apache.commons.lang3.ArrayUtils,org.pitest.mutationtest.engine.gregor.mutators.RemoveConditionalMutator_EQUAL_IF,toObject,3066,NO_COVERAGE,none
ArrayUtils.java,org.apache.commons.lang3.ArrayUtils,org.pitest.mutationtest.engine.gregor.mutators.RemoveConditionalMutator_EQUAL_IF,toObject,3068,NO_COVERAGE,none
ArrayUtils.java,org.apache.commons.lang3.ArrayUtils,org.pitest.mutationtest.engine.gregor.mutators.RemoveConditionalMutator_ORDER_ELSE,toObject,3072,NO_COVERAGE,none
ArrayUtils.java,org.apache.commons.lang3.ArrayUtils,org.pitest.mutationtest.engine.gregor.mutators.RemoveConditionalMutator_ORDER_IF,toObject,3072,NO_COVERAGE,none
ArrayUtils.java,org.apache.commons.lang3.ArrayUtils,org.pitest.mutationtest.engine.gregor.mutators.ReturnValsMutator,toObject,3067,NO_COVERAGE,none
ArrayUtils.java,org.apache.commons.lang3.ArrayUtils,org.pitest.mutationtest.engine.gregor.mutators.ReturnValsMutator,toObject,3069,NO_COVERAGE,none
ArrayUtils.java,org.apache.commons.lang3.ArrayUtils,org.pitest.mutationtest.engine.gregor.mutators.ReturnValsMutator,toObject,3075,NO_COVERAGE,none
ArrayUtils.java,org.apache.commons.lang3.ArrayUtils,org.pitest.mutationtest.engine.gregor.mutators.ConditionalsBoundaryMutator,toObject,3140,NO_COVERAGE,none
ArrayUtils.java,org.apache.commons.lang3.ArrayUtils,org.pitest.mutationtest.engine.gregor.mutators.InlineConstantMutator,toObject,3140,NO_COVERAGE,none
ArrayUtils.java,org.apache.commons.lang3.ArrayUtils,org.pitest.mutationtest.engine.gregor.mutators.NegateConditionalsMutator,toObject,3134,NO_COVERAGE,none
ArrayUtils.java,org.apache.commons.lang3.ArrayUtils,org.pitest.mutationtest.engine.gregor.mutators.NegateConditionalsMutator,toObject,3136,NO_COVERAGE,none
ArrayUtils.java,org.apache.commons.lang3.ArrayUtils,org.pitest.mutationtest.engine.gregor.mutators.NegateConditionalsMutator,toObject,3140,NO_COVERAGE,none
ArrayUtils.java,org.apache.commons.lang3.ArrayUtils,org.pitest.mutationtest.engine.gregor.mutators.NonVoidMethodCallMutator,toObject,3141,NO_COVERAGE,none
ArrayUtils.java,org.apache.commons.lang3.ArrayUtils,org.pitest.mutationtest.engine.gregor.mutators.NullReturnValsMutator,toObject,3137,NO_COVERAGE,none
ArrayUtils.java,org.apache.commons.lang3.ArrayUtils,org.pitest.mutationtest.engine.gregor.mutators.NullReturnValsMutator,toObject,3143,NO_COVERAGE,none
ArrayUtils.java,org.apache.commons.lang3.ArrayUtils,org.pitest.mutationtest.engine.gregor.mutators.RemoveConditionalMutator_EQUAL_ELSE,toObject,3134,NO_COVERAGE,none
ArrayUtils.java,org.apache.commons.lang3.ArrayUtils,org.pitest.mutationtest.engine.gregor.mutators.RemoveConditionalMutator_EQUAL_ELSE,toObject,3136,NO_COVERAGE,none
ArrayUtils.java,org.apache.commons.lang3.ArrayUtils,org.pitest.mutationtest.engine.gregor.mutators.RemoveConditionalMutator_EQUAL_IF,toObject,3134,NO_COVERAGE,none
ArrayUtils.java,org.apache.commons.lang3.ArrayUtils,org.pitest.mutationtest.engine.gregor.mutators.RemoveConditionalMutator_EQUAL_IF,toObject,3136,NO_COVERAGE,none
ArrayUtils.java,org.apache.commons.lang3.ArrayUtils,org.pitest.mutationtest.engine.gregor.mutators.RemoveConditionalMutator_ORDER_ELSE,toObject,3140,NO_COVERAGE,none
ArrayUtils.java,org.apache.commons.lang3.ArrayUtils,org.pitest.mutationtest.engine.gregor.mutators.RemoveConditionalMutator_ORDER_IF,toObject,3140,NO_COVERAGE,none
ArrayUtils.java,org.apache.commons.lang3.ArrayUtils,org.pitest.mutationtest.engine.gregor.mutators.ReturnValsMutator,toObject,3135,NO_COVERAGE,none
ArrayUtils.java,org.apache.commons.lang3.ArrayUtils,org.pitest.mutationtest.engine.gregor.mutators.ReturnValsMutator,toObject,3137,NO_COVERAGE,none
ArrayUtils.java,org.apache.commons.lang3.ArrayUtils,org.pitest.mutationtest.engine.gregor.mutators.ReturnValsMutator,toObject,3143,NO_COVERAGE,none
ArrayUtils.java,org.apache.commons.lang3.ArrayUtils,org.pitest.mutationtest.engine.gregor.mutators.ConditionalsBoundaryMutator,toObject,2868,NO_COVERAGE,none
ArrayUtils.java,org.apache.commons.lang3.ArrayUtils,org.pitest.mutationtest.engine.gregor.mutators.InlineConstantMutator,toObject,2868,NO_COVERAGE,none
ArrayUtils.java,org.apache.commons.lang3.ArrayUtils,org.pitest.mutationtest.engine.gregor.mutators.NegateConditionalsMutator,toObject,2862,NO_COVERAGE,none
ArrayUtils.java,org.apache.commons.lang3.ArrayUtils,org.pitest.mutationtest.engine.gregor.mutators.NegateConditionalsMutator,toObject,2864,NO_COVERAGE,none
ArrayUtils.java,org.apache.commons.lang3.ArrayUtils,org.pitest.mutationtest.engine.gregor.mutators.NegateConditionalsMutator,toObject,2868,NO_COVERAGE,none
ArrayUtils.java,org.apache.commons.lang3.ArrayUtils,org.pitest.mutationtest.engine.gregor.mutators.NonVoidMethodCallMutator,toObject,2869,NO_COVERAGE,none
ArrayUtils.java,org.apache.commons.lang3.ArrayUtils,org.pitest.mutationtest.engine.gregor.mutators.NullReturnValsMutator,toObject,2865,NO_COVERAGE,none
ArrayUtils.java,org.apache.commons.lang3.ArrayUtils,org.pitest.mutationtest.engine.gregor.mutators.NullReturnValsMutator,toObject,2871,NO_COVERAGE,none
ArrayUtils.java,org.apache.commons.lang3.ArrayUtils,org.pitest.mutationtest.engine.gregor.mutators.RemoveConditionalMutator_EQUAL_ELSE,toObject,2862,NO_COVERAGE,none
ArrayUtils.java,org.apache.commons.lang3.ArrayUtils,org.pitest.mutationtest.engine.gregor.mutators.RemoveConditionalMutator_EQUAL_ELSE,toObject,2864,NO_COVERAGE,none
ArrayUtils.java,org.apache.commons.lang3.ArrayUtils,org.pitest.mutationtest.engine.gregor.mutators.RemoveConditionalMutator_EQUAL_IF,toObject,2862,NO_COVERAGE,none
ArrayUtils.java,org.apache.commons.lang3.ArrayUtils,org.pitest.mutationtest.engine.gregor.mutators.RemoveConditionalMutator_EQUAL_IF,toObject,2864,NO_COVERAGE,none
ArrayUtils.java,org.apache.commons.lang3.ArrayUtils,org.pitest.mutationtest.engine.gregor.mutators.RemoveConditionalMutator_ORDER_ELSE,toObject,2868,NO_COVERAGE,none
ArrayUtils.java,org.apache.commons.lang3.ArrayUtils,org.pitest.mutationtest.engine.gregor.mutators.RemoveConditionalMutator_ORDER_IF,toObject,2868,NO_COVERAGE,none
ArrayUtils.java,org.apache.commons.lang3.ArrayUtils,org.pitest.mutationtest.engine.gregor.mutators.ReturnValsMutator,toObject,2863,NO_COVERAGE,none
ArrayUtils.java,org.apache.commons.lang3.ArrayUtils,org.pitest.mutationtest.engine.gregor.mutators.ReturnValsMutator,toObject,2865,NO_COVERAGE,none
ArrayUtils.java,org.apache.commons.lang3.ArrayUtils,org.pitest.mutationtest.engine.gregor.mutators.ReturnValsMutator,toObject,2871,NO_COVERAGE,none
ArrayUtils.java,org.apache.commons.lang3.ArrayUtils,org.pitest.mutationtest.engine.gregor.mutators.ConditionalsBoundaryMutator,toObject,2800,NO_COVERAGE,none
ArrayUtils.java,org.apache.commons.lang3.ArrayUtils,org.pitest.mutationtest.engine.gregor.mutators.InlineConstantMutator,toObject,2800,NO_COVERAGE,none
ArrayUtils.java,org.apache.commons.lang3.ArrayUtils,org.pitest.mutationtest.engine.gregor.mutators.NegateConditionalsMutator,toObject,2794,NO_COVERAGE,none
ArrayUtils.java,org.apache.commons.lang3.ArrayUtils,org.pitest.mutationtest.engine.gregor.mutators.NegateConditionalsMutator,toObject,2796,NO_COVERAGE,none
ArrayUtils.java,org.apache.commons.lang3.ArrayUtils,org.pitest.mutationtest.engine.gregor.mutators.NegateConditionalsMutator,toObject,2800,NO_COVERAGE,none
ArrayUtils.java,org.apache.commons.lang3.ArrayUtils,org.pitest.mutationtest.engine.gregor.mutators.NonVoidMethodCallMutator,toObject,2801,NO_COVERAGE,none
ArrayUtils.java,org.apache.commons.lang3.ArrayUtils,org.pitest.mutationtest.engine.gregor.mutators.NullReturnValsMutator,toObject,2797,NO_COVERAGE,none
ArrayUtils.java,org.apache.commons.lang3.ArrayUtils,org.pitest.mutationtest.engine.gregor.mutators.NullReturnValsMutator,toObject,2803,NO_COVERAGE,none
ArrayUtils.java,org.apache.commons.lang3.ArrayUtils,org.pitest.mutationtest.engine.gregor.mutators.RemoveConditionalMutator_EQUAL_ELSE,toObject,2794,NO_COVERAGE,none
ArrayUtils.java,org.apache.commons.lang3.ArrayUtils,org.pitest.mutationtest.engine.gregor.mutators.RemoveConditionalMutator_EQUAL_ELSE,toObject,2796,NO_COVERAGE,none
ArrayUtils.java,org.apache.commons.lang3.ArrayUtils,org.pitest.mutationtest.engine.gregor.mutators.RemoveConditionalMutator_EQUAL_IF,toObject,2794,NO_COVERAGE,none
ArrayUtils.java,org.apache.commons.lang3.ArrayUtils,org.pitest.mutationtest.engine.gregor.mutators.RemoveConditionalMutator_EQUAL_IF,toObject,2796,NO_COVERAGE,none
ArrayUtils.java,org.apache.commons.lang3.ArrayUtils,org.pitest.mutationtest.engine.gregor.mutators.RemoveConditionalMutator_ORDER_ELSE,toObject,2800,NO_COVERAGE,none
ArrayUtils.java,org.apache.commons.lang3.ArrayUtils,org.pitest.mutationtest.engine.gregor.mutators.RemoveConditionalMutator_ORDER_IF,toObject,2800,NO_COVERAGE,none
ArrayUtils.java,org.apache.commons.lang3.ArrayUtils,org.pitest.mutationtest.engine.gregor.mutators.ReturnValsMutator,toObject,2795,NO_COVERAGE,none
ArrayUtils.java,org.apache.commons.lang3.ArrayUtils,org.pitest.mutationtest.engine.gregor.mutators.ReturnValsMutator,toObject,2797,NO_COVERAGE,none
ArrayUtils.java,org.apache.commons.lang3.ArrayUtils,org.pitest.mutationtest.engine.gregor.mutators.ReturnValsMutator,toObject,2803,NO_COVERAGE,none
ArrayUtils.java,org.apache.commons.lang3.ArrayUtils,org.pitest.mutationtest.engine.gregor.mutators.ConditionalsBoundaryMutator,toObject,2936,NO_COVERAGE,none
ArrayUtils.java,org.apache.commons.lang3.ArrayUtils,org.pitest.mutationtest.engine.gregor.mutators.InlineConstantMutator,toObject,2936,NO_COVERAGE,none
ArrayUtils.java,org.apache.commons.lang3.ArrayUtils,org.pitest.mutationtest.engine.gregor.mutators.NegateConditionalsMutator,toObject,2930,NO_COVERAGE,none
ArrayUtils.java,org.apache.commons.lang3.ArrayUtils,org.pitest.mutationtest.engine.gregor.mutators.NegateConditionalsMutator,toObject,2932,NO_COVERAGE,none
ArrayUtils.java,org.apache.commons.lang3.ArrayUtils,org.pitest.mutationtest.engine.gregor.mutators.NegateConditionalsMutator,toObject,2936,NO_COVERAGE,none
ArrayUtils.java,org.apache.commons.lang3.ArrayUtils,org.pitest.mutationtest.engine.gregor.mutators.NonVoidMethodCallMutator,toObject,2937,NO_COVERAGE,none
ArrayUtils.java,org.apache.commons.lang3.ArrayUtils,org.pitest.mutationtest.engine.gregor.mutators.NullReturnValsMutator,toObject,2933,NO_COVERAGE,none
ArrayUtils.java,org.apache.commons.lang3.ArrayUtils,org.pitest.mutationtest.engine.gregor.mutators.NullReturnValsMutator,toObject,2939,NO_COVERAGE,none
ArrayUtils.java,org.apache.commons.lang3.ArrayUtils,org.pitest.mutationtest.engine.gregor.mutators.RemoveConditionalMutator_EQUAL_ELSE,toObject,2930,NO_COVERAGE,none
ArrayUtils.java,org.apache.commons.lang3.ArrayUtils,org.pitest.mutationtest.engine.gregor.mutators.RemoveConditionalMutator_EQUAL_ELSE,toObject,2932,NO_COVERAGE,none
ArrayUtils.java,org.apache.commons.lang3.ArrayUtils,org.pitest.mutationtest.engine.gregor.mutators.RemoveConditionalMutator_EQUAL_IF,toObject,2930,NO_COVERAGE,none
ArrayUtils.java,org.apache.commons.lang3.ArrayUtils,org.pitest.mutationtest.engine.gregor.mutators.RemoveConditionalMutator_EQUAL_IF,toObject,2932,NO_COVERAGE,none
ArrayUtils.java,org.apache.commons.lang3.ArrayUtils,org.pitest.mutationtest.engine.gregor.mutators.RemoveConditionalMutator_ORDER_ELSE,toObject,2936,NO_COVERAGE,none
ArrayUtils.java,org.apache.commons.lang3.ArrayUtils,org.pitest.mutationtest.engine.gregor.mutators.RemoveConditionalMutator_ORDER_IF,toObject,2936,NO_COVERAGE,none
ArrayUtils.java,org.apache.commons.lang3.ArrayUtils,org.pitest.mutationtest.engine.gregor.mutators.ReturnValsMutator,toObject,2931,NO_COVERAGE,none
ArrayUtils.java,org.apache.commons.lang3.ArrayUtils,org.pitest.mutationtest.engine.gregor.mutators.ReturnValsMutator,toObject,2933,NO_COVERAGE,none
ArrayUtils.java,org.apache.commons.lang3.ArrayUtils,org.pitest.mutationtest.engine.gregor.mutators.ReturnValsMutator,toObject,2939,NO_COVERAGE,none
ArrayUtils.java,org.apache.commons.lang3.ArrayUtils,org.pitest.mutationtest.engine.gregor.mutators.ConditionalsBoundaryMutator,toObject,3208,NO_COVERAGE,none
ArrayUtils.java,org.apache.commons.lang3.ArrayUtils,org.pitest.mutationtest.engine.gregor.mutators.InlineConstantMutator,toObject,3208,NO_COVERAGE,none
ArrayUtils.java,org.apache.commons.lang3.ArrayUtils,org.pitest.mutationtest.engine.gregor.mutators.NegateConditionalsMutator,toObject,3202,NO_COVERAGE,none
ArrayUtils.java,org.apache.commons.lang3.ArrayUtils,org.pitest.mutationtest.engine.gregor.mutators.NegateConditionalsMutator,toObject,3204,NO_COVERAGE,none
ArrayUtils.java,org.apache.commons.lang3.ArrayUtils,org.pitest.mutationtest.engine.gregor.mutators.NegateConditionalsMutator,toObject,3208,NO_COVERAGE,none
ArrayUtils.java,org.apache.commons.lang3.ArrayUtils,org.pitest.mutationtest.engine.gregor.mutators.NegateConditionalsMutator,toObject,3209,NO_COVERAGE,none
ArrayUtils.java,org.apache.commons.lang3.ArrayUtils,org.pitest.mutationtest.engine.gregor.mutators.NullReturnValsMutator,toObject,3205,NO_COVERAGE,none
ArrayUtils.java,org.apache.commons.lang3.ArrayUtils,org.pitest.mutationtest.engine.gregor.mutators.NullReturnValsMutator,toObject,3211,NO_COVERAGE,none
ArrayUtils.java,org.apache.commons.lang3.ArrayUtils,org.pitest.mutationtest.engine.gregor.mutators.RemoveConditionalMutator_EQUAL_ELSE,toObject,3202,NO_COVERAGE,none
ArrayUtils.java,org.apache.commons.lang3.ArrayUtils,org.pitest.mutationtest.engine.gregor.mutators.RemoveConditionalMutator_EQUAL_ELSE,toObject,3204,NO_COVERAGE,none
ArrayUtils.java,org.apache.commons.lang3.ArrayUtils,org.pitest.mutationtest.engine.gregor.mutators.RemoveConditionalMutator_EQUAL_ELSE,toObject,3209,NO_COVERAGE,none
ArrayUtils.java,org.apache.commons.lang3.ArrayUtils,org.pitest.mutationtest.engine.gregor.mutators.RemoveConditionalMutator_EQUAL_IF,toObject,3202,NO_COVERAGE,none
ArrayUtils.java,org.apache.commons.lang3.ArrayUtils,org.pitest.mutationtest.engine.gregor.mutators.RemoveConditionalMutator_EQUAL_IF,toObject,3204,NO_COVERAGE,none
ArrayUtils.java,org.apache.commons.lang3.ArrayUtils,org.pitest.mutationtest.engine.gregor.mutators.RemoveConditionalMutator_EQUAL_IF,toObject,3209,NO_COVERAGE,none
ArrayUtils.java,org.apache.commons.lang3.ArrayUtils,org.pitest.mutationtest.engine.gregor.mutators.RemoveConditionalMutator_ORDER_ELSE,toObject,3208,NO_COVERAGE,none
ArrayUtils.java,org.apache.commons.lang3.ArrayUtils,org.pitest.mutationtest.engine.gregor.mutators.RemoveConditionalMutator_ORDER_IF,toObject,3208,NO_COVERAGE,none
ArrayUtils.java,org.apache.commons.lang3.ArrayUtils,org.pitest.mutationtest.engine.gregor.mutators.ReturnValsMutator,toObject,3203,NO_COVERAGE,none
ArrayUtils.java,org.apache.commons.lang3.ArrayUtils,org.pitest.mutationtest.engine.gregor.mutators.ReturnValsMutator,toObject,3205,NO_COVERAGE,none
ArrayUtils.java,org.apache.commons.lang3.ArrayUtils,org.pitest.mutationtest.engine.gregor.mutators.ReturnValsMutator,toObject,3211,NO_COVERAGE,none
ArrayUtils.java,org.apache.commons.lang3.ArrayUtils,org.pitest.mutationtest.engine.gregor.mutators.ConditionalsBoundaryMutator,toPrimitive,3164,NO_COVERAGE,none
ArrayUtils.java,org.apache.commons.lang3.ArrayUtils,org.pitest.mutationtest.engine.gregor.mutators.InlineConstantMutator,toPrimitive,3164,NO_COVERAGE,none
ArrayUtils.java,org.apache.commons.lang3.ArrayUtils,org.pitest.mutationtest.engine.gregor.mutators.NegateConditionalsMutator,toPrimitive,3158,NO_COVERAGE,none
ArrayUtils.java,org.apache.commons.lang3.ArrayUtils,org.pitest.mutationtest.engine.gregor.mutators.NegateConditionalsMutator,toPrimitive,3160,NO_COVERAGE,none
ArrayUtils.java,org.apache.commons.lang3.ArrayUtils,org.pitest.mutationtest.engine.gregor.mutators.NegateConditionalsMutator,toPrimitive,3164,NO_COVERAGE,none
ArrayUtils.java,org.apache.commons.lang3.ArrayUtils,org.pitest.mutationtest.engine.gregor.mutators.NonVoidMethodCallMutator,toPrimitive,3165,NO_COVERAGE,none
ArrayUtils.java,org.apache.commons.lang3.ArrayUtils,org.pitest.mutationtest.engine.gregor.mutators.NullReturnValsMutator,toPrimitive,3161,NO_COVERAGE,none
ArrayUtils.java,org.apache.commons.lang3.ArrayUtils,org.pitest.mutationtest.engine.gregor.mutators.NullReturnValsMutator,toPrimitive,3167,NO_COVERAGE,none
ArrayUtils.java,org.apache.commons.lang3.ArrayUtils,org.pitest.mutationtest.engine.gregor.mutators.RemoveConditionalMutator_EQUAL_ELSE,toPrimitive,3158,NO_COVERAGE,none
ArrayUtils.java,org.apache.commons.lang3.ArrayUtils,org.pitest.mutationtest.engine.gregor.mutators.RemoveConditionalMutator_EQUAL_ELSE,toPrimitive,3160,NO_COVERAGE,none
ArrayUtils.java,org.apache.commons.lang3.ArrayUtils,org.pitest.mutationtest.engine.gregor.mutators.RemoveConditionalMutator_EQUAL_IF,toPrimitive,3158,NO_COVERAGE,none
ArrayUtils.java,org.apache.commons.lang3.ArrayUtils,org.pitest.mutationtest.engine.gregor.mutators.RemoveConditionalMutator_EQUAL_IF,toPrimitive,3160,NO_COVERAGE,none
ArrayUtils.java,org.apache.commons.lang3.ArrayUtils,org.pitest.mutationtest.engine.gregor.mutators.RemoveConditionalMutator_ORDER_ELSE,toPrimitive,3164,NO_COVERAGE,none
ArrayUtils.java,org.apache.commons.lang3.ArrayUtils,org.pitest.mutationtest.engine.gregor.mutators.RemoveConditionalMutator_ORDER_IF,toPrimitive,3164,NO_COVERAGE,none
ArrayUtils.java,org.apache.commons.lang3.ArrayUtils,org.pitest.mutationtest.engine.gregor.mutators.ReturnValsMutator,toPrimitive,3159,NO_COVERAGE,none
ArrayUtils.java,org.apache.commons.lang3.ArrayUtils,org.pitest.mutationtest.engine.gregor.mutators.ReturnValsMutator,toPrimitive,3161,NO_COVERAGE,none
ArrayUtils.java,org.apache.commons.lang3.ArrayUtils,org.pitest.mutationtest.engine.gregor.mutators.ReturnValsMutator,toPrimitive,3167,NO_COVERAGE,none
ArrayUtils.java,org.apache.commons.lang3.ArrayUtils,org.pitest.mutationtest.engine.gregor.mutators.ConditionalsBoundaryMutator,toPrimitive,3186,NO_COVERAGE,none
ArrayUtils.java,org.apache.commons.lang3.ArrayUtils,org.pitest.mutationtest.engine.gregor.mutators.InlineConstantMutator,toPrimitive,3186,NO_COVERAGE,none
ArrayUtils.java,org.apache.commons.lang3.ArrayUtils,org.pitest.mutationtest.engine.gregor.mutators.NegateConditionalsMutator,toPrimitive,3180,NO_COVERAGE,none
ArrayUtils.java,org.apache.commons.lang3.ArrayUtils,org.pitest.mutationtest.engine.gregor.mutators.NegateConditionalsMutator,toPrimitive,3182,NO_COVERAGE,none
ArrayUtils.java,org.apache.commons.lang3.ArrayUtils,org.pitest.mutationtest.engine.gregor.mutators.NegateConditionalsMutator,toPrimitive,3186,NO_COVERAGE,none
ArrayUtils.java,org.apache.commons.lang3.ArrayUtils,org.pitest.mutationtest.engine.gregor.mutators.NegateConditionalsMutator,toPrimitive,3188,NO_COVERAGE,none
ArrayUtils.java,org.apache.commons.lang3.ArrayUtils,org.pitest.mutationtest.engine.gregor.mutators.NonVoidMethodCallMutator,toPrimitive,3188,NO_COVERAGE,none
ArrayUtils.java,org.apache.commons.lang3.ArrayUtils,org.pitest.mutationtest.engine.gregor.mutators.NullReturnValsMutator,toPrimitive,3183,NO_COVERAGE,none
ArrayUtils.java,org.apache.commons.lang3.ArrayUtils,org.pitest.mutationtest.engine.gregor.mutators.NullReturnValsMutator,toPrimitive,3190,NO_COVERAGE,none
ArrayUtils.java,org.apache.commons.lang3.ArrayUtils,org.pitest.mutationtest.engine.gregor.mutators.RemoveConditionalMutator_EQUAL_ELSE,toPrimitive,3180,NO_COVERAGE,none
ArrayUtils.java,org.apache.commons.lang3.ArrayUtils,org.pitest.mutationtest.engine.gregor.mutators.RemoveConditionalMutator_EQUAL_ELSE,toPrimitive,3182,NO_COVERAGE,none
ArrayUtils.java,org.apache.commons.lang3.ArrayUtils,org.pitest.mutationtest.engine.gregor.mutators.RemoveConditionalMutator_EQUAL_ELSE,toPrimitive,3188,NO_COVERAGE,none
ArrayUtils.java,org.apache.commons.lang3.ArrayUtils,org.pitest.mutationtest.engine.gregor.mutators.RemoveConditionalMutator_EQUAL_IF,toPrimitive,3180,NO_COVERAGE,none
ArrayUtils.java,org.apache.commons.lang3.ArrayUtils,org.pitest.mutationtest.engine.gregor.mutators.RemoveConditionalMutator_EQUAL_IF,toPrimitive,3182,NO_COVERAGE,none
ArrayUtils.java,org.apache.commons.lang3.ArrayUtils,org.pitest.mutationtest.engine.gregor.mutators.RemoveConditionalMutator_EQUAL_IF,toPrimitive,3188,NO_COVERAGE,none
ArrayUtils.java,org.apache.commons.lang3.ArrayUtils,org.pitest.mutationtest.engine.gregor.mutators.RemoveConditionalMutator_ORDER_ELSE,toPrimitive,3186,NO_COVERAGE,none
ArrayUtils.java,org.apache.commons.lang3.ArrayUtils,org.pitest.mutationtest.engine.gregor.mutators.RemoveConditionalMutator_ORDER_IF,toPrimitive,3186,NO_COVERAGE,none
ArrayUtils.java,org.apache.commons.lang3.ArrayUtils,org.pitest.mutationtest.engine.gregor.mutators.ReturnValsMutator,toPrimitive,3181,NO_COVERAGE,none
ArrayUtils.java,org.apache.commons.lang3.ArrayUtils,org.pitest.mutationtest.engine.gregor.mutators.ReturnValsMutator,toPrimitive,3183,NO_COVERAGE,none
ArrayUtils.java,org.apache.commons.lang3.ArrayUtils,org.pitest.mutationtest.engine.gregor.mutators.ReturnValsMutator,toPrimitive,3190,NO_COVERAGE,none
ArrayUtils.java,org.apache.commons.lang3.ArrayUtils,org.pitest.mutationtest.engine.gregor.mutators.ConditionalsBoundaryMutator,toPrimitive,2960,NO_COVERAGE,none
ArrayUtils.java,org.apache.commons.lang3.ArrayUtils,org.pitest.mutationtest.engine.gregor.mutators.InlineConstantMutator,toPrimitive,2960,NO_COVERAGE,none
ArrayUtils.java,org.apache.commons.lang3.ArrayUtils,org.pitest.mutationtest.engine.gregor.mutators.NegateConditionalsMutator,toPrimitive,2954,NO_COVERAGE,none
ArrayUtils.java,org.apache.commons.lang3.ArrayUtils,org.pitest.mutationtest.engine.gregor.mutators.NegateConditionalsMutator,toPrimitive,2956,NO_COVERAGE,none
ArrayUtils.java,org.apache.commons.lang3.ArrayUtils,org.pitest.mutationtest.engine.gregor.mutators.NegateConditionalsMutator,toPrimitive,2960,NO_COVERAGE,none
ArrayUtils.java,org.apache.commons.lang3.ArrayUtils,org.pitest.mutationtest.engine.gregor.mutators.NonVoidMethodCallMutator,toPrimitive,2961,NO_COVERAGE,none
ArrayUtils.java,org.apache.commons.lang3.ArrayUtils,org.pitest.mutationtest.engine.gregor.mutators.NullReturnValsMutator,toPrimitive,2957,NO_COVERAGE,none
ArrayUtils.java,org.apache.commons.lang3.ArrayUtils,org.pitest.mutationtest.engine.gregor.mutators.NullReturnValsMutator,toPrimitive,2963,NO_COVERAGE,none
ArrayUtils.java,org.apache.commons.lang3.ArrayUtils,org.pitest.mutationtest.engine.gregor.mutators.RemoveConditionalMutator_EQUAL_ELSE,toPrimitive,2954,NO_COVERAGE,none
ArrayUtils.java,org.apache.commons.lang3.ArrayUtils,org.pitest.mutationtest.engine.gregor.mutators.RemoveConditionalMutator_EQUAL_ELSE,toPrimitive,2956,NO_COVERAGE,none
ArrayUtils.java,org.apache.commons.lang3.ArrayUtils,org.pitest.mutationtest.engine.gregor.mutators.RemoveConditionalMutator_EQUAL_IF,toPrimitive,2954,NO_COVERAGE,none
ArrayUtils.java,org.apache.commons.lang3.ArrayUtils,org.pitest.mutationtest.engine.gregor.mutators.RemoveConditionalMutator_EQUAL_IF,toPrimitive,2956,NO_COVERAGE,none
ArrayUtils.java,org.apache.commons.lang3.ArrayUtils,org.pitest.mutationtest.engine.gregor.mutators.RemoveConditionalMutator_ORDER_ELSE,toPrimitive,2960,NO_COVERAGE,none
ArrayUtils.java,org.apache.commons.lang3.ArrayUtils,org.pitest.mutationtest.engine.gregor.mutators.RemoveConditionalMutator_ORDER_IF,toPrimitive,2960,NO_COVERAGE,none
ArrayUtils.java,org.apache.commons.lang3.ArrayUtils,org.pitest.mutationtest.engine.gregor.mutators.ReturnValsMutator,toPrimitive,2955,NO_COVERAGE,none
ArrayUtils.java,org.apache.commons.lang3.ArrayUtils,org.pitest.mutationtest.engine.gregor.mutators.ReturnValsMutator,toPrimitive,2957,NO_COVERAGE,none
ArrayUtils.java,org.apache.commons.lang3.ArrayUtils,org.pitest.mutationtest.engine.gregor.mutators.ReturnValsMutator,toPrimitive,2963,NO_COVERAGE,none
ArrayUtils.java,org.apache.commons.lang3.ArrayUtils,org.pitest.mutationtest.engine.gregor.mutators.ConditionalsBoundaryMutator,toPrimitive,2982,NO_COVERAGE,none
ArrayUtils.java,org.apache.commons.lang3.ArrayUtils,org.pitest.mutationtest.engine.gregor.mutators.InlineConstantMutator,toPrimitive,2982,NO_COVERAGE,none
ArrayUtils.java,org.apache.commons.lang3.ArrayUtils,org.pitest.mutationtest.engine.gregor.mutators.NegateConditionalsMutator,toPrimitive,2976,NO_COVERAGE,none
ArrayUtils.java,org.apache.commons.lang3.ArrayUtils,org.pitest.mutationtest.engine.gregor.mutators.NegateConditionalsMutator,toPrimitive,2978,NO_COVERAGE,none
ArrayUtils.java,org.apache.commons.lang3.ArrayUtils,org.pitest.mutationtest.engine.gregor.mutators.NegateConditionalsMutator,toPrimitive,2982,NO_COVERAGE,none
ArrayUtils.java,org.apache.commons.lang3.ArrayUtils,org.pitest.mutationtest.engine.gregor.mutators.NegateConditionalsMutator,toPrimitive,2984,NO_COVERAGE,none
ArrayUtils.java,org.apache.commons.lang3.ArrayUtils,org.pitest.mutationtest.engine.gregor.mutators.NonVoidMethodCallMutator,toPrimitive,2984,NO_COVERAGE,none
ArrayUtils.java,org.apache.commons.lang3.ArrayUtils,org.pitest.mutationtest.engine.gregor.mutators.NullReturnValsMutator,toPrimitive,2979,NO_COVERAGE,none
ArrayUtils.java,org.apache.commons.lang3.ArrayUtils,org.pitest.mutationtest.engine.gregor.mutators.NullReturnValsMutator,toPrimitive,2986,NO_COVERAGE,none
ArrayUtils.java,org.apache.commons.lang3.ArrayUtils,org.pitest.mutationtest.engine.gregor.mutators.RemoveConditionalMutator_EQUAL_ELSE,toPrimitive,2976,NO_COVERAGE,none
ArrayUtils.java,org.apache.commons.lang3.ArrayUtils,org.pitest.mutationtest.engine.gregor.mutators.RemoveConditionalMutator_EQUAL_ELSE,toPrimitive,2978,NO_COVERAGE,none
ArrayUtils.java,org.apache.commons.lang3.ArrayUtils,org.pitest.mutationtest.engine.gregor.mutators.RemoveConditionalMutator_EQUAL_ELSE,toPrimitive,2984,NO_COVERAGE,none
ArrayUtils.java,org.apache.commons.lang3.ArrayUtils,org.pitest.mutationtest.engine.gregor.mutators.RemoveConditionalMutator_EQUAL_IF,toPrimitive,2976,NO_COVERAGE,none
ArrayUtils.java,org.apache.commons.lang3.ArrayUtils,org.pitest.mutationtest.engine.gregor.mutators.RemoveConditionalMutator_EQUAL_IF,toPrimitive,2978,NO_COVERAGE,none
ArrayUtils.java,org.apache.commons.lang3.ArrayUtils,org.pitest.mutationtest.engine.gregor.mutators.RemoveConditionalMutator_EQUAL_IF,toPrimitive,2984,NO_COVERAGE,none
ArrayUtils.java,org.apache.commons.lang3.ArrayUtils,org.pitest.mutationtest.engine.gregor.mutators.RemoveConditionalMutator_ORDER_ELSE,toPrimitive,2982,NO_COVERAGE,none
ArrayUtils.java,org.apache.commons.lang3.ArrayUtils,org.pitest.mutationtest.engine.gregor.mutators.RemoveConditionalMutator_ORDER_IF,toPrimitive,2982,NO_COVERAGE,none
ArrayUtils.java,org.apache.commons.lang3.ArrayUtils,org.pitest.mutationtest.engine.gregor.mutators.ReturnValsMutator,toPrimitive,2977,NO_COVERAGE,none
ArrayUtils.java,org.apache.commons.lang3.ArrayUtils,org.pitest.mutationtest.engine.gregor.mutators.ReturnValsMutator,toPrimitive,2979,NO_COVERAGE,none
ArrayUtils.java,org.apache.commons.lang3.ArrayUtils,org.pitest.mutationtest.engine.gregor.mutators.ReturnValsMutator,toPrimitive,2986,NO_COVERAGE,none
ArrayUtils.java,org.apache.commons.lang3.ArrayUtils,org.pitest.mutationtest.engine.gregor.mutators.ConditionalsBoundaryMutator,toPrimitive,2688,NO_COVERAGE,none
ArrayUtils.java,org.apache.commons.lang3.ArrayUtils,org.pitest.mutationtest.engine.gregor.mutators.InlineConstantMutator,toPrimitive,2688,NO_COVERAGE,none
ArrayUtils.java,org.apache.commons.lang3.ArrayUtils,org.pitest.mutationtest.engine.gregor.mutators.NegateConditionalsMutator,toPrimitive,2682,NO_COVERAGE,none
ArrayUtils.java,org.apache.commons.lang3.ArrayUtils,org.pitest.mutationtest.engine.gregor.mutators.NegateConditionalsMutator,toPrimitive,2684,NO_COVERAGE,none
ArrayUtils.java,org.apache.commons.lang3.ArrayUtils,org.pitest.mutationtest.engine.gregor.mutators.NegateConditionalsMutator,toPrimitive,2688,NO_COVERAGE,none
ArrayUtils.java,org.apache.commons.lang3.ArrayUtils,org.pitest.mutationtest.engine.gregor.mutators.NonVoidMethodCallMutator,toPrimitive,2689,NO_COVERAGE,none
ArrayUtils.java,org.apache.commons.lang3.ArrayUtils,org.pitest.mutationtest.engine.gregor.mutators.NullReturnValsMutator,toPrimitive,2685,NO_COVERAGE,none
ArrayUtils.java,org.apache.commons.lang3.ArrayUtils,org.pitest.mutationtest.engine.gregor.mutators.NullReturnValsMutator,toPrimitive,2691,NO_COVERAGE,none
ArrayUtils.java,org.apache.commons.lang3.ArrayUtils,org.pitest.mutationtest.engine.gregor.mutators.RemoveConditionalMutator_EQUAL_ELSE,toPrimitive,2682,NO_COVERAGE,none
ArrayUtils.java,org.apache.commons.lang3.ArrayUtils,org.pitest.mutationtest.engine.gregor.mutators.RemoveConditionalMutator_EQUAL_ELSE,toPrimitive,2684,NO_COVERAGE,none
ArrayUtils.java,org.apache.commons.lang3.ArrayUtils,org.pitest.mutationtest.engine.gregor.mutators.RemoveConditionalMutator_EQUAL_IF,toPrimitive,2682,NO_COVERAGE,none
ArrayUtils.java,org.apache.commons.lang3.ArrayUtils,org.pitest.mutationtest.engine.gregor.mutators.RemoveConditionalMutator_EQUAL_IF,toPrimitive,2684,NO_COVERAGE,none
ArrayUtils.java,org.apache.commons.lang3.ArrayUtils,org.pitest.mutationtest.engine.gregor.mutators.RemoveConditionalMutator_ORDER_ELSE,toPrimitive,2688,NO_COVERAGE,none
ArrayUtils.java,org.apache.commons.lang3.ArrayUtils,org.pitest.mutationtest.engine.gregor.mutators.RemoveConditionalMutator_ORDER_IF,toPrimitive,2688,NO_COVERAGE,none
ArrayUtils.java,org.apache.commons.lang3.ArrayUtils,org.pitest.mutationtest.engine.gregor.mutators.ReturnValsMutator,toPrimitive,2683,NO_COVERAGE,none
ArrayUtils.java,org.apache.commons.lang3.ArrayUtils,org.pitest.mutationtest.engine.gregor.mutators.ReturnValsMutator,toPrimitive,2685,NO_COVERAGE,none
ArrayUtils.java,org.apache.commons.lang3.ArrayUtils,org.pitest.mutationtest.engine.gregor.mutators.ReturnValsMutator,toPrimitive,2691,NO_COVERAGE,none
ArrayUtils.java,org.apache.commons.lang3.ArrayUtils,org.pitest.mutationtest.engine.gregor.mutators.ConditionalsBoundaryMutator,toPrimitive,2710,NO_COVERAGE,none
ArrayUtils.java,org.apache.commons.lang3.ArrayUtils,org.pitest.mutationtest.engine.gregor.mutators.InlineConstantMutator,toPrimitive,2710,NO_COVERAGE,none
ArrayUtils.java,org.apache.commons.lang3.ArrayUtils,org.pitest.mutationtest.engine.gregor.mutators.NegateConditionalsMutator,toPrimitive,2704,NO_COVERAGE,none
ArrayUtils.java,org.apache.commons.lang3.ArrayUtils,org.pitest.mutationtest.engine.gregor.mutators.NegateConditionalsMutator,toPrimitive,2706,NO_COVERAGE,none
ArrayUtils.java,org.apache.commons.lang3.ArrayUtils,org.pitest.mutationtest.engine.gregor.mutators.NegateConditionalsMutator,toPrimitive,2710,NO_COVERAGE,none
ArrayUtils.java,org.apache.commons.lang3.ArrayUtils,org.pitest.mutationtest.engine.gregor.mutators.NegateConditionalsMutator,toPrimitive,2712,NO_COVERAGE,none
ArrayUtils.java,org.apache.commons.lang3.ArrayUtils,org.pitest.mutationtest.engine.gregor.mutators.NonVoidMethodCallMutator,toPrimitive,2712,NO_COVERAGE,none
ArrayUtils.java,org.apache.commons.lang3.ArrayUtils,org.pitest.mutationtest.engine.gregor.mutators.NullReturnValsMutator,toPrimitive,2707,NO_COVERAGE,none
ArrayUtils.java,org.apache.commons.lang3.ArrayUtils,org.pitest.mutationtest.engine.gregor.mutators.NullReturnValsMutator,toPrimitive,2714,NO_COVERAGE,none
ArrayUtils.java,org.apache.commons.lang3.ArrayUtils,org.pitest.mutationtest.engine.gregor.mutators.RemoveConditionalMutator_EQUAL_ELSE,toPrimitive,2704,NO_COVERAGE,none
ArrayUtils.java,org.apache.commons.lang3.ArrayUtils,org.pitest.mutationtest.engine.gregor.mutators.RemoveConditionalMutator_EQUAL_ELSE,toPrimitive,2706,NO_COVERAGE,none
ArrayUtils.java,org.apache.commons.lang3.ArrayUtils,org.pitest.mutationtest.engine.gregor.mutators.RemoveConditionalMutator_EQUAL_ELSE,toPrimitive,2712,NO_COVERAGE,none
ArrayUtils.java,org.apache.commons.lang3.ArrayUtils,org.pitest.mutationtest.engine.gregor.mutators.RemoveConditionalMutator_EQUAL_IF,toPrimitive,2704,NO_COVERAGE,none
ArrayUtils.java,org.apache.commons.lang3.ArrayUtils,org.pitest.mutationtest.engine.gregor.mutators.RemoveConditionalMutator_EQUAL_IF,toPrimitive,2706,NO_COVERAGE,none
ArrayUtils.java,org.apache.commons.lang3.ArrayUtils,org.pitest.mutationtest.engine.gregor.mutators.RemoveConditionalMutator_EQUAL_IF,toPrimitive,2712,NO_COVERAGE,none
ArrayUtils.java,org.apache.commons.lang3.ArrayUtils,org.pitest.mutationtest.engine.gregor.mutators.RemoveConditionalMutator_ORDER_ELSE,toPrimitive,2710,NO_COVERAGE,none
ArrayUtils.java,org.apache.commons.lang3.ArrayUtils,org.pitest.mutationtest.engine.gregor.mutators.RemoveConditionalMutator_ORDER_IF,toPrimitive,2710,NO_COVERAGE,none
ArrayUtils.java,org.apache.commons.lang3.ArrayUtils,org.pitest.mutationtest.engine.gregor.mutators.ReturnValsMutator,toPrimitive,2705,NO_COVERAGE,none
ArrayUtils.java,org.apache.commons.lang3.ArrayUtils,org.pitest.mutationtest.engine.gregor.mutators.ReturnValsMutator,toPrimitive,2707,NO_COVERAGE,none
ArrayUtils.java,org.apache.commons.lang3.ArrayUtils,org.pitest.mutationtest.engine.gregor.mutators.ReturnValsMutator,toPrimitive,2714,NO_COVERAGE,none
ArrayUtils.java,org.apache.commons.lang3.ArrayUtils,org.pitest.mutationtest.engine.gregor.mutators.ConditionalsBoundaryMutator,toPrimitive,3028,NO_COVERAGE,none
ArrayUtils.java,org.apache.commons.lang3.ArrayUtils,org.pitest.mutationtest.engine.gregor.mutators.InlineConstantMutator,toPrimitive,3028,NO_COVERAGE,none
ArrayUtils.java,org.apache.commons.lang3.ArrayUtils,org.pitest.mutationtest.engine.gregor.mutators.NegateConditionalsMutator,toPrimitive,3022,NO_COVERAGE,none
ArrayUtils.java,org.apache.commons.lang3.ArrayUtils,org.pitest.mutationtest.engine.gregor.mutators.NegateConditionalsMutator,toPrimitive,3024,NO_COVERAGE,none
ArrayUtils.java,org.apache.commons.lang3.ArrayUtils,org.pitest.mutationtest.engine.gregor.mutators.NegateConditionalsMutator,toPrimitive,3028,NO_COVERAGE,none
ArrayUtils.java,org.apache.commons.lang3.ArrayUtils,org.pitest.mutationtest.engine.gregor.mutators.NonVoidMethodCallMutator,toPrimitive,3029,NO_COVERAGE,none
ArrayUtils.java,org.apache.commons.lang3.ArrayUtils,org.pitest.mutationtest.engine.gregor.mutators.NullReturnValsMutator,toPrimitive,3025,NO_COVERAGE,none
ArrayUtils.java,org.apache.commons.lang3.ArrayUtils,org.pitest.mutationtest.engine.gregor.mutators.NullReturnValsMutator,toPrimitive,3031,NO_COVERAGE,none
ArrayUtils.java,org.apache.commons.lang3.ArrayUtils,org.pitest.mutationtest.engine.gregor.mutators.RemoveConditionalMutator_EQUAL_ELSE,toPrimitive,3022,NO_COVERAGE,none
ArrayUtils.java,org.apache.commons.lang3.ArrayUtils,org.pitest.mutationtest.engine.gregor.mutators.RemoveConditionalMutator_EQUAL_ELSE,toPrimitive,3024,NO_COVERAGE,none
ArrayUtils.java,org.apache.commons.lang3.ArrayUtils,org.pitest.mutationtest.engine.gregor.mutators.RemoveConditionalMutator_EQUAL_IF,toPrimitive,3022,NO_COVERAGE,none
ArrayUtils.java,org.apache.commons.lang3.ArrayUtils,org.pitest.mutationtest.engine.gregor.mutators.RemoveConditionalMutator_EQUAL_IF,toPrimitive,3024,NO_COVERAGE,none
ArrayUtils.java,org.apache.commons.lang3.ArrayUtils,org.pitest.mutationtest.engine.gregor.mutators.RemoveConditionalMutator_ORDER_ELSE,toPrimitive,3028,NO_COVERAGE,none
ArrayUtils.java,org.apache.commons.lang3.ArrayUtils,org.pitest.mutationtest.engine.gregor.mutators.RemoveConditionalMutator_ORDER_IF,toPrimitive,3028,NO_COVERAGE,none
ArrayUtils.java,org.apache.commons.lang3.ArrayUtils,org.pitest.mutationtest.engine.gregor.mutators.ReturnValsMutator,toPrimitive,3023,NO_COVERAGE,none
ArrayUtils.java,org.apache.commons.lang3.ArrayUtils,org.pitest.mutationtest.engine.gregor.mutators.ReturnValsMutator,toPrimitive,3025,NO_COVERAGE,none
ArrayUtils.java,org.apache.commons.lang3.ArrayUtils,org.pitest.mutationtest.engine.gregor.mutators.ReturnValsMutator,toPrimitive,3031,NO_COVERAGE,none
ArrayUtils.java,org.apache.commons.lang3.ArrayUtils,org.pitest.mutationtest.engine.gregor.mutators.ConditionalsBoundaryMutator,toPrimitive,3050,NO_COVERAGE,none
ArrayUtils.java,org.apache.commons.lang3.ArrayUtils,org.pitest.mutationtest.engine.gregor.mutators.InlineConstantMutator,toPrimitive,3050,NO_COVERAGE,none
ArrayUtils.java,org.apache.commons.lang3.ArrayUtils,org.pitest.mutationtest.engine.gregor.mutators.NegateConditionalsMutator,toPrimitive,3044,NO_COVERAGE,none
ArrayUtils.java,org.apache.commons.lang3.ArrayUtils,org.pitest.mutationtest.engine.gregor.mutators.NegateConditionalsMutator,toPrimitive,3046,NO_COVERAGE,none
ArrayUtils.java,org.apache.commons.lang3.ArrayUtils,org.pitest.mutationtest.engine.gregor.mutators.NegateConditionalsMutator,toPrimitive,3050,NO_COVERAGE,none
ArrayUtils.java,org.apache.commons.lang3.ArrayUtils,org.pitest.mutationtest.engine.gregor.mutators.NegateConditionalsMutator,toPrimitive,3052,NO_COVERAGE,none
ArrayUtils.java,org.apache.commons.lang3.ArrayUtils,org.pitest.mutationtest.engine.gregor.mutators.NonVoidMethodCallMutator,toPrimitive,3052,NO_COVERAGE,none
ArrayUtils.java,org.apache.commons.lang3.ArrayUtils,org.pitest.mutationtest.engine.gregor.mutators.NullReturnValsMutator,toPrimitive,3047,NO_COVERAGE,none
ArrayUtils.java,org.apache.commons.lang3.ArrayUtils,org.pitest.mutationtest.engine.gregor.mutators.NullReturnValsMutator,toPrimitive,3054,NO_COVERAGE,none
ArrayUtils.java,org.apache.commons.lang3.ArrayUtils,org.pitest.mutationtest.engine.gregor.mutators.RemoveConditionalMutator_EQUAL_ELSE,toPrimitive,3044,NO_COVERAGE,none
ArrayUtils.java,org.apache.commons.lang3.ArrayUtils,org.pitest.mutationtest.engine.gregor.mutators.RemoveConditionalMutator_EQUAL_ELSE,toPrimitive,3046,NO_COVERAGE,none
ArrayUtils.java,org.apache.commons.lang3.ArrayUtils,org.pitest.mutationtest.engine.gregor.mutators.RemoveConditionalMutator_EQUAL_ELSE,toPrimitive,3052,NO_COVERAGE,none
ArrayUtils.java,org.apache.commons.lang3.ArrayUtils,org.pitest.mutationtest.engine.gregor.mutators.RemoveConditionalMutator_EQUAL_IF,toPrimitive,3044,NO_COVERAGE,none
ArrayUtils.java,org.apache.commons.lang3.ArrayUtils,org.pitest.mutationtest.engine.gregor.mutators.RemoveConditionalMutator_EQUAL_IF,toPrimitive,3046,NO_COVERAGE,none
ArrayUtils.java,org.apache.commons.lang3.ArrayUtils,org.pitest.mutationtest.engine.gregor.mutators.RemoveConditionalMutator_EQUAL_IF,toPrimitive,3052,NO_COVERAGE,none
ArrayUtils.java,org.apache.commons.lang3.ArrayUtils,org.pitest.mutationtest.engine.gregor.mutators.RemoveConditionalMutator_ORDER_ELSE,toPrimitive,3050,NO_COVERAGE,none
ArrayUtils.java,org.apache.commons.lang3.ArrayUtils,org.pitest.mutationtest.engine.gregor.mutators.RemoveConditionalMutator_ORDER_IF,toPrimitive,3050,NO_COVERAGE,none
ArrayUtils.java,org.apache.commons.lang3.ArrayUtils,org.pitest.mutationtest.engine.gregor.mutators.ReturnValsMutator,toPrimitive,3045,NO_COVERAGE,none
ArrayUtils.java,org.apache.commons.lang3.ArrayUtils,org.pitest.mutationtest.engine.gregor.mutators.ReturnValsMutator,toPrimitive,3047,NO_COVERAGE,none
ArrayUtils.java,org.apache.commons.lang3.ArrayUtils,org.pitest.mutationtest.engine.gregor.mutators.ReturnValsMutator,toPrimitive,3054,NO_COVERAGE,none
ArrayUtils.java,org.apache.commons.lang3.ArrayUtils,org.pitest.mutationtest.engine.gregor.mutators.ConditionalsBoundaryMutator,toPrimitive,3096,NO_COVERAGE,none
ArrayUtils.java,org.apache.commons.lang3.ArrayUtils,org.pitest.mutationtest.engine.gregor.mutators.InlineConstantMutator,toPrimitive,3096,NO_COVERAGE,none
ArrayUtils.java,org.apache.commons.lang3.ArrayUtils,org.pitest.mutationtest.engine.gregor.mutators.NegateConditionalsMutator,toPrimitive,3090,NO_COVERAGE,none
ArrayUtils.java,org.apache.commons.lang3.ArrayUtils,org.pitest.mutationtest.engine.gregor.mutators.NegateConditionalsMutator,toPrimitive,3092,NO_COVERAGE,none
ArrayUtils.java,org.apache.commons.lang3.ArrayUtils,org.pitest.mutationtest.engine.gregor.mutators.NegateConditionalsMutator,toPrimitive,3096,NO_COVERAGE,none
ArrayUtils.java,org.apache.commons.lang3.ArrayUtils,org.pitest.mutationtest.engine.gregor.mutators.NonVoidMethodCallMutator,toPrimitive,3097,NO_COVERAGE,none
ArrayUtils.java,org.apache.commons.lang3.ArrayUtils,org.pitest.mutationtest.engine.gregor.mutators.NullReturnValsMutator,toPrimitive,3093,NO_COVERAGE,none
ArrayUtils.java,org.apache.commons.lang3.ArrayUtils,org.pitest.mutationtest.engine.gregor.mutators.NullReturnValsMutator,toPrimitive,3099,NO_COVERAGE,none
ArrayUtils.java,org.apache.commons.lang3.ArrayUtils,org.pitest.mutationtest.engine.gregor.mutators.RemoveConditionalMutator_EQUAL_ELSE,toPrimitive,3090,NO_COVERAGE,none
ArrayUtils.java,org.apache.commons.lang3.ArrayUtils,org.pitest.mutationtest.engine.gregor.mutators.RemoveConditionalMutator_EQUAL_ELSE,toPrimitive,3092,NO_COVERAGE,none
ArrayUtils.java,org.apache.commons.lang3.ArrayUtils,org.pitest.mutationtest.engine.gregor.mutators.RemoveConditionalMutator_EQUAL_IF,toPrimitive,3090,NO_COVERAGE,none
ArrayUtils.java,org.apache.commons.lang3.ArrayUtils,org.pitest.mutationtest.engine.gregor.mutators.RemoveConditionalMutator_EQUAL_IF,toPrimitive,3092,NO_COVERAGE,none
ArrayUtils.java,org.apache.commons.lang3.ArrayUtils,org.pitest.mutationtest.engine.gregor.mutators.RemoveConditionalMutator_ORDER_ELSE,toPrimitive,3096,NO_COVERAGE,none
ArrayUtils.java,org.apache.commons.lang3.ArrayUtils,org.pitest.mutationtest.engine.gregor.mutators.RemoveConditionalMutator_ORDER_IF,toPrimitive,3096,NO_COVERAGE,none
ArrayUtils.java,org.apache.commons.lang3.ArrayUtils,org.pitest.mutationtest.engine.gregor.mutators.ReturnValsMutator,toPrimitive,3091,NO_COVERAGE,none
ArrayUtils.java,org.apache.commons.lang3.ArrayUtils,org.pitest.mutationtest.engine.gregor.mutators.ReturnValsMutator,toPrimitive,3093,NO_COVERAGE,none
ArrayUtils.java,org.apache.commons.lang3.ArrayUtils,org.pitest.mutationtest.engine.gregor.mutators.ReturnValsMutator,toPrimitive,3099,NO_COVERAGE,none
ArrayUtils.java,org.apache.commons.lang3.ArrayUtils,org.pitest.mutationtest.engine.gregor.mutators.ConditionalsBoundaryMutator,toPrimitive,3118,NO_COVERAGE,none
ArrayUtils.java,org.apache.commons.lang3.ArrayUtils,org.pitest.mutationtest.engine.gregor.mutators.InlineConstantMutator,toPrimitive,3118,NO_COVERAGE,none
ArrayUtils.java,org.apache.commons.lang3.ArrayUtils,org.pitest.mutationtest.engine.gregor.mutators.NegateConditionalsMutator,toPrimitive,3112,NO_COVERAGE,none
ArrayUtils.java,org.apache.commons.lang3.ArrayUtils,org.pitest.mutationtest.engine.gregor.mutators.NegateConditionalsMutator,toPrimitive,3114,NO_COVERAGE,none
ArrayUtils.java,org.apache.commons.lang3.ArrayUtils,org.pitest.mutationtest.engine.gregor.mutators.NegateConditionalsMutator,toPrimitive,3118,NO_COVERAGE,none
ArrayUtils.java,org.apache.commons.lang3.ArrayUtils,org.pitest.mutationtest.engine.gregor.mutators.NegateConditionalsMutator,toPrimitive,3120,NO_COVERAGE,none
ArrayUtils.java,org.apache.commons.lang3.ArrayUtils,org.pitest.mutationtest.engine.gregor.mutators.NonVoidMethodCallMutator,toPrimitive,3120,NO_COVERAGE,none
ArrayUtils.java,org.apache.commons.lang3.ArrayUtils,org.pitest.mutationtest.engine.gregor.mutators.NullReturnValsMutator,toPrimitive,3115,NO_COVERAGE,none
ArrayUtils.java,org.apache.commons.lang3.ArrayUtils,org.pitest.mutationtest.engine.gregor.mutators.NullReturnValsMutator,toPrimitive,3122,NO_COVERAGE,none
ArrayUtils.java,org.apache.commons.lang3.ArrayUtils,org.pitest.mutationtest.engine.gregor.mutators.RemoveConditionalMutator_EQUAL_ELSE,toPrimitive,3112,NO_COVERAGE,none
ArrayUtils.java,org.apache.commons.lang3.ArrayUtils,org.pitest.mutationtest.engine.gregor.mutators.RemoveConditionalMutator_EQUAL_ELSE,toPrimitive,3114,NO_COVERAGE,none
ArrayUtils.java,org.apache.commons.lang3.ArrayUtils,org.pitest.mutationtest.engine.gregor.mutators.RemoveConditionalMutator_EQUAL_ELSE,toPrimitive,3120,NO_COVERAGE,none
ArrayUtils.java,org.apache.commons.lang3.ArrayUtils,org.pitest.mutationtest.engine.gregor.mutators.RemoveConditionalMutator_EQUAL_IF,toPrimitive,3112,NO_COVERAGE,none
ArrayUtils.java,org.apache.commons.lang3.ArrayUtils,org.pitest.mutationtest.engine.gregor.mutators.RemoveConditionalMutator_EQUAL_IF,toPrimitive,3114,NO_COVERAGE,none
ArrayUtils.java,org.apache.commons.lang3.ArrayUtils,org.pitest.mutationtest.engine.gregor.mutators.RemoveConditionalMutator_EQUAL_IF,toPrimitive,3120,NO_COVERAGE,none
ArrayUtils.java,org.apache.commons.lang3.ArrayUtils,org.pitest.mutationtest.engine.gregor.mutators.RemoveConditionalMutator_ORDER_ELSE,toPrimitive,3118,NO_COVERAGE,none
ArrayUtils.java,org.apache.commons.lang3.ArrayUtils,org.pitest.mutationtest.engine.gregor.mutators.RemoveConditionalMutator_ORDER_IF,toPrimitive,3118,NO_COVERAGE,none
ArrayUtils.java,org.apache.commons.lang3.ArrayUtils,org.pitest.mutationtest.engine.gregor.mutators.ReturnValsMutator,toPrimitive,3113,NO_COVERAGE,none
ArrayUtils.java,org.apache.commons.lang3.ArrayUtils,org.pitest.mutationtest.engine.gregor.mutators.ReturnValsMutator,toPrimitive,3115,NO_COVERAGE,none
ArrayUtils.java,org.apache.commons.lang3.ArrayUtils,org.pitest.mutationtest.engine.gregor.mutators.ReturnValsMutator,toPrimitive,3122,NO_COVERAGE,none
ArrayUtils.java,org.apache.commons.lang3.ArrayUtils,org.pitest.mutationtest.engine.gregor.mutators.ConditionalsBoundaryMutator,toPrimitive,2824,NO_COVERAGE,none
ArrayUtils.java,org.apache.commons.lang3.ArrayUtils,org.pitest.mutationtest.engine.gregor.mutators.InlineConstantMutator,toPrimitive,2824,NO_COVERAGE,none
ArrayUtils.java,org.apache.commons.lang3.ArrayUtils,org.pitest.mutationtest.engine.gregor.mutators.NegateConditionalsMutator,toPrimitive,2818,NO_COVERAGE,none
ArrayUtils.java,org.apache.commons.lang3.ArrayUtils,org.pitest.mutationtest.engine.gregor.mutators.NegateConditionalsMutator,toPrimitive,2820,NO_COVERAGE,none
ArrayUtils.java,org.apache.commons.lang3.ArrayUtils,org.pitest.mutationtest.engine.gregor.mutators.NegateConditionalsMutator,toPrimitive,2824,NO_COVERAGE,none
ArrayUtils.java,org.apache.commons.lang3.ArrayUtils,org.pitest.mutationtest.engine.gregor.mutators.NonVoidMethodCallMutator,toPrimitive,2825,NO_COVERAGE,none
ArrayUtils.java,org.apache.commons.lang3.ArrayUtils,org.pitest.mutationtest.engine.gregor.mutators.NullReturnValsMutator,toPrimitive,2821,NO_COVERAGE,none
ArrayUtils.java,org.apache.commons.lang3.ArrayUtils,org.pitest.mutationtest.engine.gregor.mutators.NullReturnValsMutator,toPrimitive,2827,NO_COVERAGE,none
ArrayUtils.java,org.apache.commons.lang3.ArrayUtils,org.pitest.mutationtest.engine.gregor.mutators.RemoveConditionalMutator_EQUAL_ELSE,toPrimitive,2818,NO_COVERAGE,none
ArrayUtils.java,org.apache.commons.lang3.ArrayUtils,org.pitest.mutationtest.engine.gregor.mutators.RemoveConditionalMutator_EQUAL_ELSE,toPrimitive,2820,NO_COVERAGE,none
ArrayUtils.java,org.apache.commons.lang3.ArrayUtils,org.pitest.mutationtest.engine.gregor.mutators.RemoveConditionalMutator_EQUAL_IF,toPrimitive,2818,NO_COVERAGE,none
ArrayUtils.java,org.apache.commons.lang3.ArrayUtils,org.pitest.mutationtest.engine.gregor.mutators.RemoveConditionalMutator_EQUAL_IF,toPrimitive,2820,NO_COVERAGE,none
ArrayUtils.java,org.apache.commons.lang3.ArrayUtils,org.pitest.mutationtest.engine.gregor.mutators.RemoveConditionalMutator_ORDER_ELSE,toPrimitive,2824,NO_COVERAGE,none
ArrayUtils.java,org.apache.commons.lang3.ArrayUtils,org.pitest.mutationtest.engine.gregor.mutators.RemoveConditionalMutator_ORDER_IF,toPrimitive,2824,NO_COVERAGE,none
ArrayUtils.java,org.apache.commons.lang3.ArrayUtils,org.pitest.mutationtest.engine.gregor.mutators.ReturnValsMutator,toPrimitive,2819,NO_COVERAGE,none
ArrayUtils.java,org.apache.commons.lang3.ArrayUtils,org.pitest.mutationtest.engine.gregor.mutators.ReturnValsMutator,toPrimitive,2821,NO_COVERAGE,none
ArrayUtils.java,org.apache.commons.lang3.ArrayUtils,org.pitest.mutationtest.engine.gregor.mutators.ReturnValsMutator,toPrimitive,2827,NO_COVERAGE,none
ArrayUtils.java,org.apache.commons.lang3.ArrayUtils,org.pitest.mutationtest.engine.gregor.mutators.ConditionalsBoundaryMutator,toPrimitive,2846,NO_COVERAGE,none
ArrayUtils.java,org.apache.commons.lang3.ArrayUtils,org.pitest.mutationtest.engine.gregor.mutators.InlineConstantMutator,toPrimitive,2846,NO_COVERAGE,none
ArrayUtils.java,org.apache.commons.lang3.ArrayUtils,org.pitest.mutationtest.engine.gregor.mutators.NegateConditionalsMutator,toPrimitive,2840,NO_COVERAGE,none
ArrayUtils.java,org.apache.commons.lang3.ArrayUtils,org.pitest.mutationtest.engine.gregor.mutators.NegateConditionalsMutator,toPrimitive,2842,NO_COVERAGE,none
ArrayUtils.java,org.apache.commons.lang3.ArrayUtils,org.pitest.mutationtest.engine.gregor.mutators.NegateConditionalsMutator,toPrimitive,2846,NO_COVERAGE,none
ArrayUtils.java,org.apache.commons.lang3.ArrayUtils,org.pitest.mutationtest.engine.gregor.mutators.NegateConditionalsMutator,toPrimitive,2848,NO_COVERAGE,none
ArrayUtils.java,org.apache.commons.lang3.ArrayUtils,org.pitest.mutationtest.engine.gregor.mutators.NonVoidMethodCallMutator,toPrimitive,2848,NO_COVERAGE,none
ArrayUtils.java,org.apache.commons.lang3.ArrayUtils,org.pitest.mutationtest.engine.gregor.mutators.NullReturnValsMutator,toPrimitive,2843,NO_COVERAGE,none
ArrayUtils.java,org.apache.commons.lang3.ArrayUtils,org.pitest.mutationtest.engine.gregor.mutators.NullReturnValsMutator,toPrimitive,2850,NO_COVERAGE,none
ArrayUtils.java,org.apache.commons.lang3.ArrayUtils,org.pitest.mutationtest.engine.gregor.mutators.RemoveConditionalMutator_EQUAL_ELSE,toPrimitive,2840,NO_COVERAGE,none
ArrayUtils.java,org.apache.commons.lang3.ArrayUtils,org.pitest.mutationtest.engine.gregor.mutators.RemoveConditionalMutator_EQUAL_ELSE,toPrimitive,2842,NO_COVERAGE,none
ArrayUtils.java,org.apache.commons.lang3.ArrayUtils,org.pitest.mutationtest.engine.gregor.mutators.RemoveConditionalMutator_EQUAL_ELSE,toPrimitive,2848,NO_COVERAGE,none
ArrayUtils.java,org.apache.commons.lang3.ArrayUtils,org.pitest.mutationtest.engine.gregor.mutators.RemoveConditionalMutator_EQUAL_IF,toPrimitive,2840,NO_COVERAGE,none
ArrayUtils.java,org.apache.commons.lang3.ArrayUtils,org.pitest.mutationtest.engine.gregor.mutators.RemoveConditionalMutator_EQUAL_IF,toPrimitive,2842,NO_COVERAGE,none
ArrayUtils.java,org.apache.commons.lang3.ArrayUtils,org.pitest.mutationtest.engine.gregor.mutators.RemoveConditionalMutator_EQUAL_IF,toPrimitive,2848,NO_COVERAGE,none
ArrayUtils.java,org.apache.commons.lang3.ArrayUtils,org.pitest.mutationtest.engine.gregor.mutators.RemoveConditionalMutator_ORDER_ELSE,toPrimitive,2846,NO_COVERAGE,none
ArrayUtils.java,org.apache.commons.lang3.ArrayUtils,org.pitest.mutationtest.engine.gregor.mutators.RemoveConditionalMutator_ORDER_IF,toPrimitive,2846,NO_COVERAGE,none
ArrayUtils.java,org.apache.commons.lang3.ArrayUtils,org.pitest.mutationtest.engine.gregor.mutators.ReturnValsMutator,toPrimitive,2841,NO_COVERAGE,none
ArrayUtils.java,org.apache.commons.lang3.ArrayUtils,org.pitest.mutationtest.engine.gregor.mutators.ReturnValsMutator,toPrimitive,2843,NO_COVERAGE,none
ArrayUtils.java,org.apache.commons.lang3.ArrayUtils,org.pitest.mutationtest.engine.gregor.mutators.ReturnValsMutator,toPrimitive,2850,NO_COVERAGE,none
ArrayUtils.java,org.apache.commons.lang3.ArrayUtils,org.pitest.mutationtest.engine.gregor.mutators.ConditionalsBoundaryMutator,toPrimitive,2756,NO_COVERAGE,none
ArrayUtils.java,org.apache.commons.lang3.ArrayUtils,org.pitest.mutationtest.engine.gregor.mutators.InlineConstantMutator,toPrimitive,2756,NO_COVERAGE,none
ArrayUtils.java,org.apache.commons.lang3.ArrayUtils,org.pitest.mutationtest.engine.gregor.mutators.NegateConditionalsMutator,toPrimitive,2750,NO_COVERAGE,none
ArrayUtils.java,org.apache.commons.lang3.ArrayUtils,org.pitest.mutationtest.engine.gregor.mutators.NegateConditionalsMutator,toPrimitive,2752,NO_COVERAGE,none
ArrayUtils.java,org.apache.commons.lang3.ArrayUtils,org.pitest.mutationtest.engine.gregor.mutators.NegateConditionalsMutator,toPrimitive,2756,NO_COVERAGE,none
ArrayUtils.java,org.apache.commons.lang3.ArrayUtils,org.pitest.mutationtest.engine.gregor.mutators.NonVoidMethodCallMutator,toPrimitive,2757,NO_COVERAGE,none
ArrayUtils.java,org.apache.commons.lang3.ArrayUtils,org.pitest.mutationtest.engine.gregor.mutators.NullReturnValsMutator,toPrimitive,2753,NO_COVERAGE,none
ArrayUtils.java,org.apache.commons.lang3.ArrayUtils,org.pitest.mutationtest.engine.gregor.mutators.NullReturnValsMutator,toPrimitive,2759,NO_COVERAGE,none
ArrayUtils.java,org.apache.commons.lang3.ArrayUtils,org.pitest.mutationtest.engine.gregor.mutators.RemoveConditionalMutator_EQUAL_ELSE,toPrimitive,2750,NO_COVERAGE,none
ArrayUtils.java,org.apache.commons.lang3.ArrayUtils,org.pitest.mutationtest.engine.gregor.mutators.RemoveConditionalMutator_EQUAL_ELSE,toPrimitive,2752,NO_COVERAGE,none
ArrayUtils.java,org.apache.commons.lang3.ArrayUtils,org.pitest.mutationtest.engine.gregor.mutators.RemoveConditionalMutator_EQUAL_IF,toPrimitive,2750,NO_COVERAGE,none
ArrayUtils.java,org.apache.commons.lang3.ArrayUtils,org.pitest.mutationtest.engine.gregor.mutators.RemoveConditionalMutator_EQUAL_IF,toPrimitive,2752,NO_COVERAGE,none
ArrayUtils.java,org.apache.commons.lang3.ArrayUtils,org.pitest.mutationtest.engine.gregor.mutators.RemoveConditionalMutator_ORDER_ELSE,toPrimitive,2756,NO_COVERAGE,none
ArrayUtils.java,org.apache.commons.lang3.ArrayUtils,org.pitest.mutationtest.engine.gregor.mutators.RemoveConditionalMutator_ORDER_IF,toPrimitive,2756,NO_COVERAGE,none
ArrayUtils.java,org.apache.commons.lang3.ArrayUtils,org.pitest.mutationtest.engine.gregor.mutators.ReturnValsMutator,toPrimitive,2751,NO_COVERAGE,none
ArrayUtils.java,org.apache.commons.lang3.ArrayUtils,org.pitest.mutationtest.engine.gregor.mutators.ReturnValsMutator,toPrimitive,2753,NO_COVERAGE,none
ArrayUtils.java,org.apache.commons.lang3.ArrayUtils,org.pitest.mutationtest.engine.gregor.mutators.ReturnValsMutator,toPrimitive,2759,NO_COVERAGE,none
ArrayUtils.java,org.apache.commons.lang3.ArrayUtils,org.pitest.mutationtest.engine.gregor.mutators.ConditionalsBoundaryMutator,toPrimitive,2778,NO_COVERAGE,none
ArrayUtils.java,org.apache.commons.lang3.ArrayUtils,org.pitest.mutationtest.engine.gregor.mutators.InlineConstantMutator,toPrimitive,2778,NO_COVERAGE,none
ArrayUtils.java,org.apache.commons.lang3.ArrayUtils,org.pitest.mutationtest.engine.gregor.mutators.NegateConditionalsMutator,toPrimitive,2772,NO_COVERAGE,none
ArrayUtils.java,org.apache.commons.lang3.ArrayUtils,org.pitest.mutationtest.engine.gregor.mutators.NegateConditionalsMutator,toPrimitive,2774,NO_COVERAGE,none
ArrayUtils.java,org.apache.commons.lang3.ArrayUtils,org.pitest.mutationtest.engine.gregor.mutators.NegateConditionalsMutator,toPrimitive,2778,NO_COVERAGE,none
ArrayUtils.java,org.apache.commons.lang3.ArrayUtils,org.pitest.mutationtest.engine.gregor.mutators.NegateConditionalsMutator,toPrimitive,2780,NO_COVERAGE,none
ArrayUtils.java,org.apache.commons.lang3.ArrayUtils,org.pitest.mutationtest.engine.gregor.mutators.NonVoidMethodCallMutator,toPrimitive,2780,NO_COVERAGE,none
ArrayUtils.java,org.apache.commons.lang3.ArrayUtils,org.pitest.mutationtest.engine.gregor.mutators.NullReturnValsMutator,toPrimitive,2775,NO_COVERAGE,none
ArrayUtils.java,org.apache.commons.lang3.ArrayUtils,org.pitest.mutationtest.engine.gregor.mutators.NullReturnValsMutator,toPrimitive,2782,NO_COVERAGE,none
ArrayUtils.java,org.apache.commons.lang3.ArrayUtils,org.pitest.mutationtest.engine.gregor.mutators.RemoveConditionalMutator_EQUAL_ELSE,toPrimitive,2772,NO_COVERAGE,none
ArrayUtils.java,org.apache.commons.lang3.ArrayUtils,org.pitest.mutationtest.engine.gregor.mutators.RemoveConditionalMutator_EQUAL_ELSE,toPrimitive,2774,NO_COVERAGE,none
ArrayUtils.java,org.apache.commons.lang3.ArrayUtils,org.pitest.mutationtest.engine.gregor.mutators.RemoveConditionalMutator_EQUAL_ELSE,toPrimitive,2780,NO_COVERAGE,none
ArrayUtils.java,org.apache.commons.lang3.ArrayUtils,org.pitest.mutationtest.engine.gregor.mutators.RemoveConditionalMutator_EQUAL_IF,toPrimitive,2772,NO_COVERAGE,none
ArrayUtils.java,org.apache.commons.lang3.ArrayUtils,org.pitest.mutationtest.engine.gregor.mutators.RemoveConditionalMutator_EQUAL_IF,toPrimitive,2774,NO_COVERAGE,none
ArrayUtils.java,org.apache.commons.lang3.ArrayUtils,org.pitest.mutationtest.engine.gregor.mutators.RemoveConditionalMutator_EQUAL_IF,toPrimitive,2780,NO_COVERAGE,none
ArrayUtils.java,org.apache.commons.lang3.ArrayUtils,org.pitest.mutationtest.engine.gregor.mutators.RemoveConditionalMutator_ORDER_ELSE,toPrimitive,2778,NO_COVERAGE,none
ArrayUtils.java,org.apache.commons.lang3.ArrayUtils,org.pitest.mutationtest.engine.gregor.mutators.RemoveConditionalMutator_ORDER_IF,toPrimitive,2778,NO_COVERAGE,none
ArrayUtils.java,org.apache.commons.lang3.ArrayUtils,org.pitest.mutationtest.engine.gregor.mutators.ReturnValsMutator,toPrimitive,2773,NO_COVERAGE,none
ArrayUtils.java,org.apache.commons.lang3.ArrayUtils,org.pitest.mutationtest.engine.gregor.mutators.ReturnValsMutator,toPrimitive,2775,NO_COVERAGE,none
ArrayUtils.java,org.apache.commons.lang3.ArrayUtils,org.pitest.mutationtest.engine.gregor.mutators.ReturnValsMutator,toPrimitive,2782,NO_COVERAGE,none
ArrayUtils.java,org.apache.commons.lang3.ArrayUtils,org.pitest.mutationtest.engine.gregor.mutators.ConditionalsBoundaryMutator,toPrimitive,2892,NO_COVERAGE,none
ArrayUtils.java,org.apache.commons.lang3.ArrayUtils,org.pitest.mutationtest.engine.gregor.mutators.InlineConstantMutator,toPrimitive,2892,NO_COVERAGE,none
ArrayUtils.java,org.apache.commons.lang3.ArrayUtils,org.pitest.mutationtest.engine.gregor.mutators.NegateConditionalsMutator,toPrimitive,2886,NO_COVERAGE,none
ArrayUtils.java,org.apache.commons.lang3.ArrayUtils,org.pitest.mutationtest.engine.gregor.mutators.NegateConditionalsMutator,toPrimitive,2888,NO_COVERAGE,none
ArrayUtils.java,org.apache.commons.lang3.ArrayUtils,org.pitest.mutationtest.engine.gregor.mutators.NegateConditionalsMutator,toPrimitive,2892,NO_COVERAGE,none
ArrayUtils.java,org.apache.commons.lang3.ArrayUtils,org.pitest.mutationtest.engine.gregor.mutators.NonVoidMethodCallMutator,toPrimitive,2893,NO_COVERAGE,none
ArrayUtils.java,org.apache.commons.lang3.ArrayUtils,org.pitest.mutationtest.engine.gregor.mutators.NullReturnValsMutator,toPrimitive,2889,NO_COVERAGE,none
ArrayUtils.java,org.apache.commons.lang3.ArrayUtils,org.pitest.mutationtest.engine.gregor.mutators.NullReturnValsMutator,toPrimitive,2895,NO_COVERAGE,none
ArrayUtils.java,org.apache.commons.lang3.ArrayUtils,org.pitest.mutationtest.engine.gregor.mutators.RemoveConditionalMutator_EQUAL_ELSE,toPrimitive,2886,NO_COVERAGE,none
ArrayUtils.java,org.apache.commons.lang3.ArrayUtils,org.pitest.mutationtest.engine.gregor.mutators.RemoveConditionalMutator_EQUAL_ELSE,toPrimitive,2888,NO_COVERAGE,none
ArrayUtils.java,org.apache.commons.lang3.ArrayUtils,org.pitest.mutationtest.engine.gregor.mutators.RemoveConditionalMutator_EQUAL_IF,toPrimitive,2886,NO_COVERAGE,none
ArrayUtils.java,org.apache.commons.lang3.ArrayUtils,org.pitest.mutationtest.engine.gregor.mutators.RemoveConditionalMutator_EQUAL_IF,toPrimitive,2888,NO_COVERAGE,none
ArrayUtils.java,org.apache.commons.lang3.ArrayUtils,org.pitest.mutationtest.engine.gregor.mutators.RemoveConditionalMutator_ORDER_ELSE,toPrimitive,2892,NO_COVERAGE,none
ArrayUtils.java,org.apache.commons.lang3.ArrayUtils,org.pitest.mutationtest.engine.gregor.mutators.RemoveConditionalMutator_ORDER_IF,toPrimitive,2892,NO_COVERAGE,none
ArrayUtils.java,org.apache.commons.lang3.ArrayUtils,org.pitest.mutationtest.engine.gregor.mutators.ReturnValsMutator,toPrimitive,2887,NO_COVERAGE,none
ArrayUtils.java,org.apache.commons.lang3.ArrayUtils,org.pitest.mutationtest.engine.gregor.mutators.ReturnValsMutator,toPrimitive,2889,NO_COVERAGE,none
ArrayUtils.java,org.apache.commons.lang3.ArrayUtils,org.pitest.mutationtest.engine.gregor.mutators.ReturnValsMutator,toPrimitive,2895,NO_COVERAGE,none
ArrayUtils.java,org.apache.commons.lang3.ArrayUtils,org.pitest.mutationtest.engine.gregor.mutators.ConditionalsBoundaryMutator,toPrimitive,2914,NO_COVERAGE,none
ArrayUtils.java,org.apache.commons.lang3.ArrayUtils,org.pitest.mutationtest.engine.gregor.mutators.InlineConstantMutator,toPrimitive,2914,NO_COVERAGE,none
ArrayUtils.java,org.apache.commons.lang3.ArrayUtils,org.pitest.mutationtest.engine.gregor.mutators.NegateConditionalsMutator,toPrimitive,2908,NO_COVERAGE,none
ArrayUtils.java,org.apache.commons.lang3.ArrayUtils,org.pitest.mutationtest.engine.gregor.mutators.NegateConditionalsMutator,toPrimitive,2910,NO_COVERAGE,none
ArrayUtils.java,org.apache.commons.lang3.ArrayUtils,org.pitest.mutationtest.engine.gregor.mutators.NegateConditionalsMutator,toPrimitive,2914,NO_COVERAGE,none
ArrayUtils.java,org.apache.commons.lang3.ArrayUtils,org.pitest.mutationtest.engine.gregor.mutators.NegateConditionalsMutator,toPrimitive,2916,NO_COVERAGE,none
ArrayUtils.java,org.apache.commons.lang3.ArrayUtils,org.pitest.mutationtest.engine.gregor.mutators.NonVoidMethodCallMutator,toPrimitive,2916,NO_COVERAGE,none
ArrayUtils.java,org.apache.commons.lang3.ArrayUtils,org.pitest.mutationtest.engine.gregor.mutators.NullReturnValsMutator,toPrimitive,2911,NO_COVERAGE,none
ArrayUtils.java,org.apache.commons.lang3.ArrayUtils,org.pitest.mutationtest.engine.gregor.mutators.NullReturnValsMutator,toPrimitive,2918,NO_COVERAGE,none
ArrayUtils.java,org.apache.commons.lang3.ArrayUtils,org.pitest.mutationtest.engine.gregor.mutators.RemoveConditionalMutator_EQUAL_ELSE,toPrimitive,2908,NO_COVERAGE,none
ArrayUtils.java,org.apache.commons.lang3.ArrayUtils,org.pitest.mutationtest.engine.gregor.mutators.RemoveConditionalMutator_EQUAL_ELSE,toPrimitive,2910,NO_COVERAGE,none
ArrayUtils.java,org.apache.commons.lang3.ArrayUtils,org.pitest.mutationtest.engine.gregor.mutators.RemoveConditionalMutator_EQUAL_ELSE,toPrimitive,2916,NO_COVERAGE,none
ArrayUtils.java,org.apache.commons.lang3.ArrayUtils,org.pitest.mutationtest.engine.gregor.mutators.RemoveConditionalMutator_EQUAL_IF,toPrimitive,2908,NO_COVERAGE,none
ArrayUtils.java,org.apache.commons.lang3.ArrayUtils,org.pitest.mutationtest.engine.gregor.mutators.RemoveConditionalMutator_EQUAL_IF,toPrimitive,2910,NO_COVERAGE,none
ArrayUtils.java,org.apache.commons.lang3.ArrayUtils,org.pitest.mutationtest.engine.gregor.mutators.RemoveConditionalMutator_EQUAL_IF,toPrimitive,2916,NO_COVERAGE,none
ArrayUtils.java,org.apache.commons.lang3.ArrayUtils,org.pitest.mutationtest.engine.gregor.mutators.RemoveConditionalMutator_ORDER_ELSE,toPrimitive,2914,NO_COVERAGE,none
ArrayUtils.java,org.apache.commons.lang3.ArrayUtils,org.pitest.mutationtest.engine.gregor.mutators.RemoveConditionalMutator_ORDER_IF,toPrimitive,2914,NO_COVERAGE,none
ArrayUtils.java,org.apache.commons.lang3.ArrayUtils,org.pitest.mutationtest.engine.gregor.mutators.ReturnValsMutator,toPrimitive,2909,NO_COVERAGE,none
ArrayUtils.java,org.apache.commons.lang3.ArrayUtils,org.pitest.mutationtest.engine.gregor.mutators.ReturnValsMutator,toPrimitive,2911,NO_COVERAGE,none
ArrayUtils.java,org.apache.commons.lang3.ArrayUtils,org.pitest.mutationtest.engine.gregor.mutators.ReturnValsMutator,toPrimitive,2918,NO_COVERAGE,none
ArrayUtils.java,org.apache.commons.lang3.ArrayUtils,org.pitest.mutationtest.engine.gregor.mutators.ArgumentPropagationMutator,toString,162,NO_COVERAGE,none
ArrayUtils.java,org.apache.commons.lang3.ArrayUtils,org.pitest.mutationtest.engine.gregor.mutators.EmptyObjectReturnValsMutator,toString,162,NO_COVERAGE,none
ArrayUtils.java,org.apache.commons.lang3.ArrayUtils,org.pitest.mutationtest.engine.gregor.mutators.NonVoidMethodCallMutator,toString,162,NO_COVERAGE,none
ArrayUtils.java,org.apache.commons.lang3.ArrayUtils,org.pitest.mutationtest.engine.gregor.mutators.ReturnValsMutator,toString,162,NO_COVERAGE,none
ArrayUtils.java,org.apache.commons.lang3.ArrayUtils,org.pitest.mutationtest.engine.gregor.mutators.ConstructorCallMutator,toString,181,NO_COVERAGE,none
ArrayUtils.java,org.apache.commons.lang3.ArrayUtils,org.pitest.mutationtest.engine.gregor.mutators.EmptyObjectReturnValsMutator,toString,179,NO_COVERAGE,none
ArrayUtils.java,org.apache.commons.lang3.ArrayUtils,org.pitest.mutationtest.engine.gregor.mutators.EmptyObjectReturnValsMutator,toString,181,NO_COVERAGE,none
ArrayUtils.java,org.apache.commons.lang3.ArrayUtils,org.pitest.mutationtest.engine.gregor.mutators.NegateConditionalsMutator,toString,178,NO_COVERAGE,none
ArrayUtils.java,org.apache.commons.lang3.ArrayUtils,org.pitest.mutationtest.engine.gregor.mutators.NonVoidMethodCallMutator,toString,181,NO_COVERAGE,none
ArrayUtils.java,org.apache.commons.lang3.ArrayUtils,org.pitest.mutationtest.engine.gregor.mutators.NonVoidMethodCallMutator,toString,181,NO_COVERAGE,none
ArrayUtils.java,org.apache.commons.lang3.ArrayUtils,org.pitest.mutationtest.engine.gregor.mutators.RemoveConditionalMutator_EQUAL_ELSE,toString,178,NO_COVERAGE,none
ArrayUtils.java,org.apache.commons.lang3.ArrayUtils,org.pitest.mutationtest.engine.gregor.mutators.RemoveConditionalMutator_EQUAL_IF,toString,178,NO_COVERAGE,none
ArrayUtils.java,org.apache.commons.lang3.ArrayUtils,org.pitest.mutationtest.engine.gregor.mutators.ReturnValsMutator,toString,179,NO_COVERAGE,none
ArrayUtils.java,org.apache.commons.lang3.ArrayUtils,org.pitest.mutationtest.engine.gregor.mutators.ReturnValsMutator,toString,181,NO_COVERAGE,none
ArrayUtils.java,org.apache.commons.lang3.ArrayUtils,org.pitest.mutationtest.engine.gregor.mutators.experimental.NakedReceiverMutator,toString,181,NO_COVERAGE,none
